year,make,model,trim,engine,fuel,odometer,sale_date,province,price,age,vehicle_id,is_hybrid
2022,Chevrolet,silverado 1500 ltd,custom trail boss,4,gasoline,74940,,,37700,4,,False
2022,Chevrolet,silverado 1500 ltd,rst,8,gasoline,70143,,,42000,4,,False
2022,Chevrolet,silverado 1500 ltd,work truck,4,gasoline,115036,,,18750,4,,False
2022,Chevrolet,silverado 1500 ltd,custom trail boss,8,gasoline,139458,,,26250,4,,False
2022,Chevrolet,silverado 1500 ltd,custom trail boss,4,gasoline,132847,,,27500,4,,False
2022,Chevrolet,silverado 1500 ltd,lt trail boss,8,gasoline,96680,,,34000,4,,False
2022,Chevrolet,silverado 1500 ltd,high country,6,diesel,71521,,,51200,4,,False
2022,Chevrolet,silverado 1500 ltd,lt trail boss,8,gasoline,51268,,,48300,4,,False
2022,Chevrolet,silverado 1500 ltd,high country,6,diesel,52312,,,50000,4,,False
2022,Chevrolet,silverado 1500 ltd,rst,6,diesel,155648,,,30800,4,,False
2022,Chevrolet,silverado 1500 ltd,lt,8,gasoline,82056,,,40600,4,,False
2022,Chevrolet,silverado 1500 ltd,rst,8,gasoline,27799,,,51600,4,,False
2022,Chevrolet,silverado 1500 ltd,rst,6,diesel,87003,,,44000,4,,False
2022,Chevrolet,silverado 1500 ltd,custom trail boss,4,gasoline,52466,,,35000,4,,False
2022,Chevrolet,silverado 1500 ltd,rst,8,gasoline,84955,,,43200,4,,False
2022,Chevrolet,silverado 1500 ltd,lt,8,gasoline,147288,,,18250,4,,False
2022,Chevrolet,silverado 1500 ltd,custom trail boss,4,gasoline,81881,,,35200,4,,False
2022,Chevrolet,silverado 1500 ltd,rst,8,gasoline,103887,,,40000,4,,False
2022,Chevrolet,silverado 1500 ltd,lt trail boss,8,gasoline,115297,,,41500,4,,False
2022,Chevrolet,silverado 1500 ltd,rst,8,gasoline,68229,,,42750,4,,False
2022,Chevrolet,silverado 1500 ltd,lt,6,diesel,99300,,,40700,4,,False
2022,Chevrolet,silverado 1500 ltd,lt trail boss,8,gasoline,59611,,,49400,4,,False
2022,Chevrolet,silverado 1500 ltd,lt trail boss,8,gasoline,62606,,,44500,4,,False
2022,Chevrolet,silverado 1500 ltd,lt trail boss,8,gasoline,121938,,,39400,4,,False
2022,Chevrolet,silverado 1500 ltd,lt trail boss,8,gasoline,49166,,,42400,4,,False
2022,Chevrolet,silverado 1500 ltd,rst,8,gasoline,147813,,,26300,4,,False
2022,Chevrolet,silverado 1500 ltd,lt,8,gasoline,175395,,,26250,4,,False
2022,Chevrolet,silverado 1500 ltd,work truck,4,gasoline,34527,,,24500,4,,False
2022,Chevrolet,silverado 1500 ltd,high country,6,diesel,64876,,,51000,4,,False
2022,Chevrolet,silverado 1500 ltd,lt trail boss,8,gasoline,83474,,,38000,4,,False
2022,Chevrolet,silverado 1500 ltd,work truck,8,gasoline,77280,,,31300,4,,False
2022,Chevrolet,silverado 1500 ltd,custom,4,gasoline,133716,,,26300,4,,False
2022,Chevrolet,silverado 1500 ltd,lt trail boss,8,gasoline,101500,,,44000,4,,False
2022,Chevrolet,silverado 1500 ltd,custom,4,gasoline,72154,,,34000,4,,False
2022,Chevrolet,silverado 1500 ltd,lt trail boss,8,gasoline,79870,,,45750,4,,False
2022,Chevrolet,silverado 1500 ltd,lt trail boss,8,gasoline,41266,,,51421,4,,False
2022,Chevrolet,silverado 1500 ltd,lt,8,gasoline,77303,,,33250,4,,False
2022,Chevrolet,silverado 1500 ltd,lt trail boss,8,gasoline,93509,,,44800,4,,False
2022,Chevrolet,silverado 1500 ltd,lt trail boss,8,gasoline,92379,,,35000,4,,False
2022,Chevrolet,silverado 1500 ltd,high country,6,diesel,65335,,,51100,4,,False
2022,Chevrolet,silverado 1500 ltd,work truck,4,gasoline,28485,,,21250,4,,False
2022,Chevrolet,silverado 1500 ltd,lt trail boss,8,gasoline,100926,,,41000,4,,False
2022,Chevrolet,silverado 1500 ltd,lt trail boss,8,gasoline,93913,,,39500,4,,False
2022,Chevrolet,silverado 1500 ltd,lt trail boss,8,gasoline,78017,,,39700,4,,False
2022,Chevrolet,silverado 1500 ltd,high country,8,gasoline,60948,,,53800,4,,False
2022,Chevrolet,silverado 1500 ltd,custom,4,gasoline,84557,,,34000,4,,False
2022,Chevrolet,silverado 1500 ltd,work truck,4,gasoline,61829,,,22000,4,,False
2022,Chevrolet,silverado 1500 ltd,custom trail boss,4,gasoline,100936,,,29000,4,,False
2022,Chevrolet,silverado 1500 ltd,lt trail boss,8,gasoline,111547,,,42100,4,,False
2022,Chevrolet,silverado 1500 ltd,lt trail boss,8,gasoline,41261,,,47250,4,,False
2022,Chevrolet,silverado 1500 ltd,custom,4,gasoline,98088,,,30800,4,,False
2022,Chevrolet,silverado 1500 ltd,custom trail boss,4,gasoline,75601,,,37100,4,,False
2022,Chevrolet,silverado 1500 ltd,custom trail boss,8,gasoline,27508,,,48250,4,,False
2022,Chevrolet,silverado 1500 ltd,lt trail boss,8,gasoline,69136,,,47700,4,,False
2022,Chevrolet,silverado 1500 ltd,custom,4,gasoline,65026,,,34400,4,,False
2022,Chevrolet,silverado 1500 ltd,high country,8,gasoline,75777,,,53800,4,,False
2022,Chevrolet,silverado 1500 ltd,lt trail boss,8,gasoline,28273,,,46500,4,,False
2022,Chevrolet,silverado 1500 ltd,custom trail boss,4,gasoline,55600,,,40250,4,,False
2022,Chevrolet,silverado 1500 ltd,lt,8,gasoline,109369,,,35250,4,,False
2022,Chevrolet,silverado 1500 ltd,rst,8,gasoline,108823,,,40400,4,,False
2022,Chevrolet,silverado 1500 ltd,lt trail boss,8,gasoline,141752,,,38000,4,,False
2022,Chevrolet,silverado 1500 ltd,work truck,4,gasoline,37911,,,26500,4,,False
2022,Chevrolet,silverado 1500 ltd,custom,4,gasoline,108896,,,29200,4,,False
2022,Chevrolet,silverado 1500 ltd,lt,6,diesel,216649,,,21000,4,,False
2022,Chevrolet,silverado 1500 ltd,rst,8,gasoline,63137,,,48900,4,,False
2022,Chevrolet,silverado 1500 ltd,custom trail boss,8,gasoline,64790,,,45500,4,,False
2022,Chevrolet,silverado 1500 ltd,lt trail boss,8,gasoline,216563,,,24500,4,,False
2022,Chevrolet,silverado 1500 ltd,lt trail boss,8,gasoline,92917,,,42400,4,,False
2022,Chevrolet,silverado 1500 ltd,custom,4,gasoline,75458,,,33750,4,,False
2022,Chevrolet,silverado 1500 ltd,lt trail boss,8,gasoline,27969,,,46600,4,,False
2022,Chevrolet,silverado 1500 ltd,custom trail boss,8,gasoline,64786,,,46750,4,,False
2022,Chevrolet,silverado 1500 ltd,lt trail boss,8,gasoline,49718,,,50250,4,,False
2022,Chevrolet,silverado 1500 ltd,custom,4,gasoline,166994,,,23750,4,,False
2022,Chevrolet,silverado 1500 ltd,custom,4,gasoline,130400,,,26200,4,,False
2022,Chevrolet,silverado 1500 ltd,rst,8,gasoline,255815,,,25000,4,,False
2022,Chevrolet,silverado 1500 ltd,rst,8,gasoline,161821,,,28500,4,,False
2022,Chevrolet,silverado 1500 ltd,rst,8,gasoline,93379,,,39500,4,,False
2022,Chevrolet,silverado 1500 ltd,lt,8,gasoline,53440,,,41900,4,,False
2022,Chevrolet,silverado 1500 ltd,custom trail boss,4,gasoline,81835,,,39000,4,,False
2022,Chevrolet,silverado 1500 ltd,custom trail boss,4,gasoline,61034,,,39750,4,,False
2022,Chevrolet,silverado 1500 ltd,lt trail boss,8,gasoline,77508,,,45500,4,,False
2022,Chevrolet,silverado 1500 ltd,rst,6,diesel,221334,,,26100,4,,False
2022,Chevrolet,silverado 1500 ltd,high country,8,gasoline,66561,,,49250,4,,False
2022,Chevrolet,silverado 1500 ltd,work truck,4,gasoline,41367,,,25800,4,,False
2022,Chevrolet,silverado 1500 ltd,lt trail boss,8,gasoline,27797,,,46300,4,,False
2022,Chevrolet,silverado 1500 ltd,custom trail boss,8,gasoline,82777,,,44000,4,,False
2022,Chevrolet,silverado 1500 ltd,work truck,4,gasoline,76964,,,21000,4,,False
2022,Chevrolet,silverado 1500 ltd,rst,6,diesel,136210,,,37800,4,,False
2022,Chevrolet,silverado 1500 ltd,rst,8,gasoline,75070,,,41000,4,,False
2022,Chevrolet,silverado 1500 ltd,custom trail boss,4,gasoline,61029,,,40250,4,,False
2022,Chevrolet,silverado 1500 ltd,high country,8,gasoline,66557,,,50250,4,,False
2022,Chevrolet,silverado 1500 ltd,work truck,4,gasoline,151320,,,14000,4,,False
2022,Chevrolet,silverado 1500 ltd,rst,8,gasoline,67659,,,43000,4,,False
2022,Chevrolet,silverado 1500 ltd,lt trail boss,8,gasoline,70363,,,41000,4,,False
2022,Chevrolet,silverado 1500 ltd,rst,8,gasoline,52131,,,44200,4,,False
2022,Chevrolet,silverado 1500 ltd,custom trail boss,4,gasoline,103943,,,33750,4,,False
2022,Chevrolet,silverado 1500 ltd,custom trail boss,8,gasoline,127767,,,28500,4,,False
2022,Chevrolet,silverado 1500 ltd,custom trail boss,4,gasoline,96227,,,23500,4,,False
2022,Chevrolet,silverado 1500 ltd,lt,8,gasoline,70883,,,34800,4,,False
2022,Chevrolet,silverado 1500 ltd,lt trail boss,6,diesel,92664,,,47600,4,,False
2022,Chevrolet,silverado 1500 ltd,lt trail boss,8,gasoline,88902,,,44400,4,,False
2022,Chevrolet,silverado 1500 ltd,lt trail boss,8,gasoline,107529,,,42750,4,,False
2022,Chevrolet,silverado 1500 ltd,custom trail boss,4,gasoline,52452,,,39200,4,,False
2022,Chevrolet,silverado 1500 ltd,lt trail boss,8,gasoline,68401,,,48500,4,,False
2022,Chevrolet,silverado 1500 ltd,lt trail boss,8,gasoline,94535,,,39200,4,,False
2022,Chevrolet,silverado 1500 ltd,lt trail boss,8,gasoline,129988,,,39100,4,,False
2022,Chevrolet,silverado 1500 ltd,custom trail boss,8,gasoline,69585,,,43000,4,,False
2022,Chevrolet,silverado 1500 ltd,custom trail boss,8,gasoline,56467,,,43700,4,,False
2022,Chevrolet,silverado 1500 ltd,lt trail boss,8,gasoline,68674,,,37000,4,,False
2022,Chevrolet,silverado 1500 ltd,lt trail boss,6,diesel,49276,,,46500,4,,False
2022,Chevrolet,silverado 1500 ltd,lt trail boss,8,gasoline,88204,,,45800,4,,False
2022,Chevrolet,silverado 1500 ltd,lt trail boss,8,gasoline,44102,,,43900,4,,False
2022,Chevrolet,silverado 1500 ltd,high country,8,gasoline,74000,,,52100,4,,False
2022,Chevrolet,silverado 1500 ltd,rst,8,gasoline,99165,,,40200,4,,False
2022,Chevrolet,silverado 1500 ltd,rst,8,gasoline,88936,,,45500,4,,False
2022,Chevrolet,silverado 1500 ltd,work truck,4,gasoline,164986,,,19750,4,,False
2022,Chevrolet,silverado 1500 ltd,lt trail boss,8,gasoline,95836,,,44400,4,,False
2022,Chevrolet,silverado 1500 ltd,lt,4,gasoline,138366,,,27750,4,,False
2022,Chevrolet,silverado 1500 ltd,rst,8,gasoline,72800,,,48000,4,,False
2022,Chevrolet,silverado 1500 ltd,lt,8,gasoline,101347,,,31750,4,,False
2022,Chevrolet,silverado 1500 ltd,rst,8,gasoline,56827,,,47000,4,,False
2022,Chevrolet,silverado 1500 ltd,rst,6,diesel,70001,,,46500,4,,False
2022,Chevrolet,silverado 1500 ltd,lt,8,gasoline,222625,,,20500,4,,False
2022,Chevrolet,silverado 1500 ltd,lt,8,gasoline,203402,,,21250,4,,False
2022,Chevrolet,silverado 1500 ltd,custom,4,gasoline,46635,,,36500,4,,False
2022,Chevrolet,silverado 1500 ltd,custom trail boss,4,gasoline,162143,,,34800,4,,False
2022,Chevrolet,silverado 1500 ltd,custom trail boss,4,gasoline,28391,,,36200,4,,False
2022,Chevrolet,silverado 1500 ltd,custom,4,gasoline,141357,,,20800,4,,False
2022,Chevrolet,silverado 1500 ltd,lt,4,gasoline,178385,,,21900,4,,False
2022,Chevrolet,silverado 1500 ltd,lt trail boss,8,gasoline,62106,,,45600,4,,False
2022,Chevrolet,silverado 1500 ltd,custom,4,gasoline,33249,,,38600,4,,False
2022,Chevrolet,silverado 1500 ltd,custom trail boss,4,gasoline,108367,,,38000,4,,False
2022,Chevrolet,silverado 1500 ltd,custom,4,gasoline,166073,,,12000,4,,False
2022,Chevrolet,silverado 1500 ltd,rst,8,gasoline,140052,,,36000,4,,False
2022,Chevrolet,silverado 1500 ltd,custom,4,gasoline,58143,,,38500,4,,False
2022,Chevrolet,silverado 1500 ltd,custom trail boss,4,gasoline,95964,,,32500,4,,False
2022,Chevrolet,silverado 1500 ltd,lt,6,diesel,216639,,,20000,4,,False
2022,Chevrolet,silverado 1500 ltd,rst,6,diesel,100081,,,37800,4,,False
2022,Chevrolet,silverado 1500 ltd,custom,4,gasoline,58140,,,35000,4,,False
2022,Chevrolet,silverado 1500 ltd,lt trail boss,8,gasoline,161786,,,33700,4,,False
2022,Chevrolet,silverado 1500 ltd,high country,6,diesel,130699,,,42000,4,,False
2022,Chevrolet,silverado 1500 ltd,lt,8,gasoline,113033,,,31500,4,,False
2022,Chevrolet,silverado 1500 ltd,lt,8,gasoline,161485,,,27900,4,,False
2022,Chevrolet,silverado 1500 ltd,custom trail boss,4,gasoline,122978,,,30000,4,,False
2022,Chevrolet,silverado 1500 ltd,custom trail boss,4,gasoline,85185,,,39000,4,,False
2022,Chevrolet,silverado 1500 ltd,lt trail boss,8,gasoline,94533,,,45500,4,,False
2022,Chevrolet,silverado 1500 ltd,lt,8,gasoline,62736,,,47700,4,,False
2022,Chevrolet,silverado 1500 ltd,custom,4,gasoline,92409,,,35000,4,,False
2022,Chevrolet,silverado 1500 ltd,rst,8,gasoline,95724,,,34500,4,,False
2022,Chevrolet,silverado 1500 ltd,lt trail boss,8,gasoline,86703,,,44600,4,,False
2022,Chevrolet,silverado 1500 ltd,work truck,8,gasoline,63949,,,30600,4,,False
2022,Chevrolet,silverado 1500 ltd,lt,8,gasoline,105027,,,33400,4,,False
2022,Chevrolet,silverado 1500 ltd,lt,8,gasoline,78928,,,37250,4,,False
2022,Chevrolet,silverado 1500 ltd,lt,8,gasoline,131256,,,31000,4,,False
2022,Chevrolet,silverado 1500 ltd,custom,4,gasoline,124514,,,29500,4,,False
2022,Chevrolet,silverado 1500 ltd,lt trail boss,6,diesel,97968,,,44000,4,,False
2022,Chevrolet,silverado 1500 ltd,custom trail boss,4,gasoline,78042,,,39500,4,,False
2022,Chevrolet,silverado 1500 ltd,custom trail boss,4,gasoline,94195,,,36600,4,,False
2022,Chevrolet,silverado 1500 ltd,custom,4,gasoline,132568,,,26750,4,,False
2022,Chevrolet,silverado 1500 ltd,custom trail boss,4,gasoline,24060,,,40600,4,,False
2022,Chevrolet,silverado 1500 ltd,custom,4,gasoline,93344,,,31750,4,,False
2022,Chevrolet,silverado 1500 ltd,lt,8,gasoline,115002,,,36000,4,,False
2022,Chevrolet,silverado 1500 ltd,lt trail boss,6,diesel,140461,,,32300,4,,False
2022,Chevrolet,silverado 1500 ltd,custom trail boss,8,gasoline,65962,,,46000,4,,False
2022,Chevrolet,silverado 1500 ltd,lt,8,gasoline,73277,,,37100,4,,False
2022,Chevrolet,silverado 1500 ltd,lt,8,gasoline,101007,,,33600,4,,False
2022,Chevrolet,silverado 1500 ltd,lt,8,gasoline,81667,,,36250,4,,False
2022,Chevrolet,silverado 1500 ltd,lt,8,gasoline,86313,,,36000,4,,False
2023,Chevrolet,silverado 1500,high country,8,gasoline,48468,,,51600,3,,False
2021,Chevrolet,silverado 1500,custom,8,gasoline,53187,,,36400,5,,False
2019,Chevrolet,silverado 1500,lt trail boss,8,gasoline,155876,,,27000,7,,False
2021,Chevrolet,silverado 1500,rst,8,gasoline,111195,,,34200,5,,False
2020,Chevrolet,silverado 1500,custom,4,gasoline,175645,,,15100,6,,False
2023,Chevrolet,silverado 1500,custom trail boss,4,gasoline,74033,,,36200,3,,False
2023,Chevrolet,silverado 1500,lt,8,gasoline,71939,,,38100,3,,False
2021,Chevrolet,silverado 1500,custom,4,gasoline,212689,,,7400,5,,False
2024,Chevrolet,silverado 1500,lt,8,gasoline,151418,,,32250,2,,False
2025,Chevrolet,silverado 1500,lt,8,gasoline,21827,,,51000,1,,False
2025,Chevrolet,silverado 1500,lt,8,gasoline,16455,,,51000,1,,False
2019,Chevrolet,silverado 1500,lt,8,gasoline,151067,,,18300,7,,False
2019,Chevrolet,silverado 1500,high country,8,gasoline,67214,,,29000,7,,False
2018,Chevrolet,silverado 1500,custom,6,flex,213281,,,12800,8,,False
2018,Chevrolet,silverado 1500,lt,8,gasoline,264056,,,4000,8,,False
2022,Chevrolet,silverado 1500,lt,8,gasoline,62975,,,37100,4,,False
2018,Chevrolet,silverado 1500,lt,8,gasoline,335341,,,10250,8,,False
2014,Chevrolet,silverado 1500,lt,8,flex,257922,,,9400,12,,False
2018,Chevrolet,silverado 1500,lt,8,gasoline,252804,,,7500,8,,False
2017,Chevrolet,silverado 1500,lt,8,gasoline,204599,,,10000,9,,False
2024,Chevrolet,silverado 1500,rst,6,diesel,14300,,,57800,2,,False
2023,Chevrolet,silverado 1500,high country,8,gasoline,35965,,,62400,3,,False
2018,Chevrolet,silverado 1500,lt,8,gasoline,208370,,,10000,8,,False
2017,Chevrolet,silverado 1500,lt,8,gasoline,144791,,,20700,9,,False
2024,Chevrolet,silverado 1500,rst,6,diesel,57755,,,55000,2,,False
2018,Chevrolet,silverado 1500,no mentioned,8,gasoline,168266,,,15500,8,,False
2019,Chevrolet,silverado 1500,lt,8,gasoline,102599,,,31900,7,,False
2019,Chevrolet,silverado 1500,rst,8,gasoline,128467,,,31500,7,,False
2022,Chevrolet,silverado 1500,custom,4,gasoline,37252,,,33400,4,,False
2021,Chevrolet,silverado 1500,custom trail boss,8,gasoline,89419,,,35750,5,,False
2020,Chevrolet,silverado 1500,lt trail boss,8,gasoline,64000,,,47000,6,,False
2020,Chevrolet,silverado 1500,lt trail boss,8,gasoline,70389,,,40100,6,,False
2021,Chevrolet,silverado 1500,custom,4,gasoline,76563,,,29000,5,,False
2019,Chevrolet,silverado 1500,lt,8,gasoline,46586,,,35500,7,,False
2023,Chevrolet,silverado 1500,work truck,8,gasoline,35587,,,40000,3,,False
2017,Chevrolet,silverado 1500,work truck,8,gasoline,154753,,,9000,9,,False
2021,Chevrolet,silverado 1500,lt,6,diesel,259032,,,13300,5,,False
2018,Chevrolet,silverado 1500,lt,8,gasoline,104802,,,23800,8,,False
2014,Chevrolet,silverado 1500,lt,8,flex,109076,,,12950,12,,False
2022,Chevrolet,silverado 1500,custom trail boss,8,gasoline,46397,,,40200,4,,False
2024,Chevrolet,silverado 1500,work truck,8,gasoline,13868,,,32000,2,,False
2024,Chevrolet,silverado 1500,work truck,8,gasoline,17729,,,32200,2,,False
2024,Chevrolet,silverado 1500,work truck,8,gasoline,21640,,,25250,2,,False
2023,Chevrolet,silverado 1500,rst,6,diesel,27646,,,44900,3,,False
2018,Chevrolet,silverado 1500,lt,8,gasoline,210466,,,10700,8,,False
2017,Chevrolet,silverado 1500,lt,8,gasoline,197617,,,15200,9,,False
2016,Chevrolet,silverado 1500,lt,8,gasoline,162233,,,8000,10,,False
2017,Chevrolet,silverado 1500,lt,6,flex,195176,,,12400,9,,False
2019,Chevrolet,silverado 1500,lt,8,gasoline,164022,,,21000,7,,False
2015,Chevrolet,silverado 1500,no mentioned,8,gasoline,168130,,,5400,11,,False
2017,Chevrolet,silverado 1500,lt,8,gasoline,155789,,,18200,9,,False
2014,Chevrolet,silverado 1500,lt,8,flex,174501,,,6800,12,,False
2021,Chevrolet,silverado 1500,high country,8,gasoline,82823,,,47400,5,,False
2018,Chevrolet,silverado 1500,no mentioned,8,gasoline,168202,,,15600,8,,False
2022,Chevrolet,silverado 1500,work truck,4,gasoline,152962,,,23000,4,,False
2023,Chevrolet,silverado 1500,custom,4,gasoline,46098,,,38600,3,,False
2024,Chevrolet,silverado 1500,custom,4,gasoline,44956,,,40500,2,,False
2023,Chevrolet,silverado 1500,custom,4,gasoline,53388,,,36200,3,,False
2020,Chevrolet,silverado 1500,custom,4,gasoline,138047,,,26000,6,,False
2020,Chevrolet,silverado 1500,custom trail boss,8,gasoline,163931,,,27250,6,,False
2021,Chevrolet,silverado 1500,custom trail boss,6,flex,121164,,,32000,5,,False
2020,Chevrolet,silverado 1500,rst,4,gasoline,102581,,,34100,6,,False
2023,Chevrolet,silverado 1500,lt,8,gasoline,87141,,,35100,3,,False
2024,Chevrolet,silverado 1500,work truck,8,gasoline,20237,,,32500,2,,False
2024,Chevrolet,silverado 1500,work truck,8,gasoline,59712,,,32750,2,,False
2023,Chevrolet,silverado 1500,rst,8,gasoline,92054,,,46750,3,,False
2023,Chevrolet,silverado 1500,rst,8,gasoline,50415,,,49700,3,,False
2024,Chevrolet,silverado 1500,high country,6,diesel,61578,,,63000,2,,False
2025,Chevrolet,silverado 1500,lt,8,gasoline,21007,,,46500,1,,False
2017,Chevrolet,silverado 1500,lt,8,gasoline,129114,,,27500,9,,False
2021,Chevrolet,silverado 1500,custom,8,gasoline,109514,,,29800,5,,False
2021,Chevrolet,silverado 1500,custom,8,gasoline,40762,,,36000,5,,False
2020,Chevrolet,silverado 1500,lt,8,gasoline,51741,,,35900,6,,False
2021,Chevrolet,silverado 1500,rst,8,gasoline,94132,,,36200,5,,False
2019,Chevrolet,silverado 1500,rst,8,gasoline,163442,,,26000,7,,False
2021,Chevrolet,silverado 1500,rst,8,gasoline,66429,,,45750,5,,False
2021,Chevrolet,silverado 1500,lt,8,gasoline,275496,,,20250,5,,False
2018,Chevrolet,silverado 1500,no mentioned,8,gasoline,178113,,,15750,8,,False
2018,Chevrolet,silverado 1500,ls,6,flex,260535,,,6700,8,,False
2018,Chevrolet,silverado 1500,lt,8,gasoline,188700,,,17250,8,,False
2017,Chevrolet,silverado 1500,lt,8,gasoline,151056,,,15400,9,,False
2017,Chevrolet,silverado 1500,lt,8,gasoline,162211,,,17500,9,,False
2023,Chevrolet,silverado 1500,work truck,8,gasoline,43989,,,35250,3,,False
2022,Chevrolet,silverado 1500,lt,8,gasoline,66352,,,33750,4,,False
2024,Chevrolet,silverado 1500,rst,8,gasoline,44124,,,47500,2,,False
2023,Chevrolet,silverado 1500,rst,8,gasoline,46400,,,45000,3,,False
2023,Chevrolet,silverado 1500,lt,8,gasoline,47723,,,50250,3,,False
2023,Chevrolet,silverado 1500,custom,4,gasoline,46818,,,33500,3,,False
2023,Chevrolet,silverado 1500,custom,4,gasoline,27840,,,35750,3,,False
2023,Chevrolet,silverado 1500,custom,4,gasoline,39280,,,32000,3,,False
2024,Chevrolet,silverado 1500,work truck,8,gasoline,16805,,,30500,2,,False
2024,Chevrolet,silverado 1500,work truck,8,gasoline,12134,,,30800,2,,False
2024,Chevrolet,silverado 1500,work truck,8,gasoline,13658,,,32000,2,,False
2024,Chevrolet,silverado 1500,work truck,8,gasoline,15857,,,31600,2,,False
2023,Chevrolet,silverado 1500,work truck,4,gasoline,28773,,,22200,3,,False
2023,Chevrolet,silverado 1500,custom,4,gasoline,55737,,,34200,3,,False
2023,Chevrolet,silverado 1500,custom,4,gasoline,40344,,,34600,3,,False
2023,Chevrolet,silverado 1500,custom,4,gasoline,35485,,,34750,3,,False
2023,Chevrolet,silverado 1500,custom,4,gasoline,39748,,,34500,3,,False
2023,Chevrolet,silverado 1500,custom trail boss,8,gasoline,51403,,,40250,3,,False
2024,Chevrolet,silverado 1500,custom trail boss,8,gasoline,26699,,,47750,2,,False
2024,Chevrolet,silverado 1500,custom trail boss,8,gasoline,22692,,,47750,2,,False
2023,Chevrolet,silverado 1500,lt,8,gasoline,90663,,,29750,3,,False
2023,Chevrolet,silverado 1500,rst,8,gasoline,55594,,,42500,3,,False
2023,Chevrolet,silverado 1500,rst,8,gasoline,47738,,,47000,3,,False
2023,Chevrolet,silverado 1500,rst,8,gasoline,55268,,,46000,3,,False
2023,Chevrolet,silverado 1500,rst,8,gasoline,41177,,,48000,3,,False
2022,Chevrolet,silverado 1500,lt trail boss,8,gasoline,43797,,,43500,4,,False
2022,Chevrolet,silverado 1500,lt trail boss,8,gasoline,50805,,,42250,4,,False
2024,Chevrolet,silverado 1500,zr2,6,diesel,45989,,,57000,2,,False
2023,Chevrolet,silverado 1500,high country,8,gasoline,45293,,,54500,3,,False
2014,Chevrolet,silverado 1500,work truck,8,flex,207394,,,4500,12,,False
2018,Chevrolet,silverado 1500,lt,8,gasoline,127989,,,24200,8,,False
2017,Chevrolet,silverado 1500,lt,8,gasoline,102050,,,24750,9,,False
2021,Chevrolet,silverado 1500,custom,8,gasoline,115326,,,27900,5,,False
2021,Chevrolet,silverado 1500,lt trail boss,8,gasoline,227000,,,8000,5,,False
2020,Chevrolet,silverado 1500,custom trail boss,8,gasoline,127307,,,30100,6,,False
2010,Chevrolet,silverado 1500,lt,8,flex,221444,,,4800,16,,False
2021,Chevrolet,silverado 1500,custom,4,gasoline,120396,,,26000,5,,False
2023,Chevrolet,silverado 1500,rst,6,diesel,76856,,,45500,3,,False
2024,Chevrolet,silverado 1500,lt,8,gasoline,25280,,,45500,2,,False
2023,Chevrolet,silverado 1500,custom,4,gasoline,23971,,,39200,3,,False
2023,Chevrolet,silverado 1500,custom,4,gasoline,30402,,,36000,3,,False
2019,Chevrolet,silverado 1500,lt trail boss,8,gasoline,109167,,,31500,7,,False
2021,Chevrolet,silverado 1500,work truck,6,flex,209777,,,14500,5,,False
2024,Chevrolet,silverado 1500,work truck,8,gasoline,10407,,,38000,2,,False
2022,Chevrolet,silverado 1500,high country,8,gasoline,98680,,,46000,4,,False
2021,Chevrolet,silverado 1500,lt,6,diesel,89635,,,43000,5,,False
2018,Chevrolet,silverado 1500,ls,8,gasoline,156282,,,11900,8,,False
2022,Chevrolet,silverado 1500,custom trail boss,8,gasoline,59446,,,34750,4,,False
2023,Chevrolet,silverado 1500,work truck,4,gasoline,47030,,,32400,3,,False
2023,Chevrolet,silverado 1500,custom,4,gasoline,26592,,,33000,3,,False
2010,Chevrolet,silverado 1500,lt,8,flex,48277,,,12250,16,,False
2015,Chevrolet,silverado 1500,lt,8,gasoline,172487,,,14000,11,,False
2021,Chevrolet,silverado 1500,work truck,8,gasoline,56503,,,28000,5,,False
2017,Chevrolet,silverado 1500,lt,8,gasoline,225113,,,9600,9,,False
2021,Chevrolet,silverado 1500,lt trail boss,8,gasoline,100989,,,28700,5,,False
2012,Chevrolet,silverado 1500,ls,8,flex,150500,,,3500,14,,False
2016,Chevrolet,silverado 1500,lt,8,gasoline,241840,,,12400,10,,False
2023,Chevrolet,silverado 1500,rst,8,gasoline,125082,,,35100,3,,False
2022,Chevrolet,silverado 1500,lt,8,gasoline,27337,,,54300,4,,False
2019,Chevrolet,silverado 1500,lt,8,gasoline,148784,,,26100,7,,False
2025,Chevrolet,silverado 1500,high country,6,diesel,12023,,,76100,1,,False
2021,Chevrolet,silverado 1500,custom,4,gasoline,63647,,,32200,5,,False
2019,Chevrolet,silverado 1500,lt,8,gasoline,166396,,,19000,7,,False
2024,Chevrolet,silverado 1500,lt,8,gasoline,72084,,,45500,2,,False
2025,Chevrolet,silverado 1500,zr2,6,diesel,12221,,,67250,1,,False
2023,Chevrolet,silverado 1500,rst,8,gasoline,70921,,,42000,3,,False
2023,Chevrolet,silverado 1500,custom trail boss,8,gasoline,37507,,,40700,3,,False
2017,Chevrolet,silverado 1500,lt,8,gasoline,125108,,,18200,9,,False
2018,Chevrolet,silverado 1500,lt,8,gasoline,111973,,,28100,8,,False
2019,Chevrolet,silverado 1500,high country,8,gasoline,139375,,,37000,7,,False
2024,Chevrolet,silverado 1500,custom trail boss,8,gasoline,48470,,,42000,2,,False
2022,Chevrolet,silverado 1500,lt,4,gasoline,41125,,,37500,4,,False
2023,Chevrolet,silverado 1500,custom,4,gasoline,59710,,,32200,3,,False
2023,Chevrolet,silverado 1500,custom,4,gasoline,133632,,,23900,3,,False
2023,Chevrolet,silverado 1500,work truck,4,gasoline,139704,,,27000,3,,False
2017,Chevrolet,silverado 1500,lt,8,gasoline,235622,,,6300,9,,False
2018,Chevrolet,silverado 1500,work truck,8,gasoline,134974,,,8500,8,,False
2018,Chevrolet,silverado 1500,custom,8,gasoline,135228,,,21800,8,,False
2018,Chevrolet,silverado 1500,lt,8,gasoline,128983,,,19700,8,,False
2023,Chevrolet,silverado 1500,lt,8,gasoline,43671,,,37000,3,,False
2016,Chevrolet,silverado 1500,lt,8,gasoline,332655,,,4000,10,,False
2023,Chevrolet,silverado 1500,rst,8,gasoline,38980,,,53300,3,,False
2015,Chevrolet,silverado 1500,lt,8,gasoline,159426,,,9400,11,,False
2024,Chevrolet,silverado 1500,rst,6,diesel,43245,,,54200,2,,False
2017,Chevrolet,silverado 1500,custom,8,gasoline,54051,,,22400,9,,False
2014,Chevrolet,silverado 1500,lt,8,flex,104609,,,13700,12,,False
2013,Chevrolet,silverado 1500,ls,8,flex,111076,,,11000,13,,False
2016,Chevrolet,silverado 1500,lt,8,gasoline,307373,,,3400,10,,False
2017,Chevrolet,silverado 1500,high country,8,gasoline,127489,,,25000,9,,False
2018,Chevrolet,silverado 1500,lt,8,gasoline,243551,,,13100,8,,False
2018,Chevrolet,silverado 1500,work truck,6,flex,196656,,,7000,8,,False
2024,Chevrolet,silverado 1500,rst,4,gasoline,17385,,,53400,2,,False
2020,Chevrolet,silverado 1500,custom trail boss,8,gasoline,78370,,,38750,6,,False
2020,Chevrolet,silverado 1500,lt trail boss,8,gasoline,234440,,,20500,6,,False
2011,Chevrolet,silverado 1500,wt,6,gasoline,165895,,,6600,15,,False
2024,Chevrolet,silverado 1500,custom,4,gasoline,19261,,,42000,2,,False
2011,Chevrolet,silverado 1500,lt,8,flex,155870,,,5500,15,,False
2020,Chevrolet,silverado 1500,work truck,6,flex,170363,,,15400,6,,False
2021,Chevrolet,silverado 1500,work truck,6,flex,223788,,,11700,5,,False
2019,Chevrolet,silverado 1500,lt,8,gasoline,147547,,,6700,7,,False
2023,Chevrolet,silverado 1500,rst,6,diesel,61163,,,50750,3,,False
2022,Chevrolet,silverado 1500,rst,8,gasoline,45253,,,49400,4,,False
2025,Chevrolet,silverado 1500,lt,8,gasoline,15618,,,51000,1,,False
2019,Chevrolet,silverado 1500,lt,8,gasoline,127760,,,29200,7,,False
2019,Chevrolet,silverado 1500,rst,8,gasoline,112290,,,33600,7,,False
2020,Chevrolet,silverado 1500,rst,8,gasoline,52487,,,42200,6,,False
2020,Chevrolet,silverado 1500,rst,8,gasoline,91359,,,40000,6,,False
2021,Chevrolet,silverado 1500,rst,8,gasoline,93024,,,42500,5,,False
2021,Chevrolet,silverado 1500,high country,8,gasoline,90118,,,53250,5,,False
2018,Chevrolet,silverado 1500,ls,6,flex,234972,,,6400,8,,False
2017,Chevrolet,silverado 1500,custom,8,gasoline,117472,,,24000,9,,False
2023,Chevrolet,silverado 1500,rst,8,gasoline,37714,,,47600,3,,False
2023,Chevrolet,silverado 1500,high country,8,gasoline,37660,,,51000,3,,False
2024,Chevrolet,silverado 1500,work truck,8,gasoline,14127,,,29400,2,,False
2024,Chevrolet,silverado 1500,work truck,8,gasoline,12872,,,31900,2,,False
2023,Chevrolet,silverado 1500,rst,8,gasoline,55398,,,44000,3,,False
2018,Chevrolet,silverado 1500,lt,8,gasoline,183960,,,11200,8,,False
2018,Chevrolet,silverado 1500,lt,8,gasoline,213287,,,9000,8,,False
2017,Chevrolet,silverado 1500,high country,8,gasoline,193117,,,18500,9,,False
2021,Chevrolet,silverado 1500,custom,8,gasoline,120996,,,23000,5,,False
2021,Chevrolet,silverado 1500,custom,8,gasoline,135557,,,26400,5,,False
2018,Chevrolet,silverado 1500,lt,8,gasoline,262521,,,8000,8,,False
2016,Chevrolet,silverado 1500,lt,8,gasoline,201462,,,11400,10,,False
2015,Chevrolet,silverado 1500,lt,8,gasoline,292877,,,6000,11,,False
2021,Chevrolet,silverado 1500,custom,4,gasoline,105536,,,28000,5,,False
2022,Chevrolet,silverado 1500,custom,4,gasoline,71987,,,33000,4,,False
2024,Chevrolet,silverado 1500,custom,4,gasoline,40539,,,40000,2,,False
2024,Chevrolet,silverado 1500,custom,4,gasoline,27442,,,41400,2,,False
2023,Chevrolet,silverado 1500,custom,4,gasoline,58989,,,34000,3,,False
2024,Chevrolet,silverado 1500,custom,4,gasoline,47912,,,36400,2,,False
2023,Chevrolet,silverado 1500,custom,4,gasoline,83070,,,31500,3,,False
2024,Chevrolet,silverado 1500,custom,4,gasoline,33013,,,39200,2,,False
2023,Chevrolet,silverado 1500,custom,4,gasoline,25177,,,38000,3,,False
2023,Chevrolet,silverado 1500,custom,4,gasoline,43683,,,36000,3,,False
2023,Chevrolet,silverado 1500,custom,4,gasoline,45881,,,37800,3,,False
2023,Chevrolet,silverado 1500,lt,4,gasoline,125381,,,28750,3,,False
2020,Chevrolet,silverado 1500,custom,4,gasoline,137482,,,25000,6,,False
2019,Chevrolet,silverado 1500,custom,8,gasoline,99281,,,23800,7,,False
2019,Chevrolet,silverado 1500,custom,6,flex,299236,,,8600,7,,False
2019,Chevrolet,silverado 1500,custom trail boss,8,gasoline,127913,,,25900,7,,False
2019,Chevrolet,silverado 1500,lt,8,gasoline,111723,,,32000,7,,False
2023,Chevrolet,silverado 1500,work truck,8,gasoline,102709,,,32400,3,,False
2024,Chevrolet,silverado 1500,work truck,8,gasoline,16717,,,41200,2,,False
2023,Chevrolet,silverado 1500,rst,8,gasoline,78180,,,48900,3,,False
2023,Chevrolet,silverado 1500,rst,8,gasoline,41340,,,49250,3,,False
2024,Chevrolet,silverado 1500,rst,8,gasoline,48437,,,49500,2,,False
2023,Chevrolet,silverado 1500,high country,6,diesel,132621,,,47100,3,,False
2025,Chevrolet,silverado 1500,lt,8,gasoline,10933,,,50100,1,,False
2019,Chevrolet,silverado 1500,custom,8,gasoline,191475,,,24500,7,,False
2021,Chevrolet,silverado 1500,custom,8,gasoline,58095,,,28000,5,,False
2021,Chevrolet,silverado 1500,custom,8,gasoline,78875,,,31000,5,,False
2020,Chevrolet,silverado 1500,lt,8,gasoline,82484,,,32250,6,,False
2019,Chevrolet,silverado 1500,lt,8,gasoline,61950,,,33700,7,,False
2020,Chevrolet,silverado 1500,lt,8,gasoline,59169,,,36400,6,,False
2021,Chevrolet,silverado 1500,lt,8,gasoline,152632,,,24500,5,,False
2019,Chevrolet,silverado 1500,lt,8,gasoline,92591,,,30000,7,,False
2020,Chevrolet,silverado 1500,lt,6,diesel,216852,,,19700,6,,False
2020,Chevrolet,silverado 1500,lt,6,diesel,154179,,,26800,6,,False
2020,Chevrolet,silverado 1500,lt,6,diesel,118973,,,32000,6,,False
2021,Chevrolet,silverado 1500,rst,8,gasoline,156099,,,29000,5,,False
2021,Chevrolet,silverado 1500,high country,8,gasoline,101811,,,45900,5,,False
2018,Chevrolet,silverado 1500,work truck,8,gasoline,164576,,,15750,8,,False
2018,Chevrolet,silverado 1500,custom,8,gasoline,135339,,,15200,8,,False
2018,Chevrolet,silverado 1500,custom,8,gasoline,331799,,,6900,8,,False
2016,Chevrolet,silverado 1500,lt,8,gasoline,163969,,,14800,10,,False
2016,Chevrolet,silverado 1500,lt,8,gasoline,108105,,,22400,10,,False
2024,Chevrolet,silverado 1500,work truck,8,gasoline,47903,,,36000,2,,False
2023,Chevrolet,silverado 1500,work truck,8,gasoline,42403,,,35500,3,,False
2023,Chevrolet,silverado 1500,lt,8,gasoline,46267,,,38500,3,,False
2023,Chevrolet,silverado 1500,lt,8,gasoline,58049,,,40000,3,,False
2023,Chevrolet,silverado 1500,rst,8,gasoline,32656,,,47250,3,,False
2023,Chevrolet,silverado 1500,rst,8,gasoline,40430,,,41250,3,,False
2024,Chevrolet,silverado 1500,work truck,8,gasoline,13932,,,31250,2,,False
2024,Chevrolet,silverado 1500,work truck,8,gasoline,14770,,,35400,2,,False
2024,Chevrolet,silverado 1500,work truck,8,gasoline,12572,,,31200,2,,False
2024,Chevrolet,silverado 1500,work truck,8,gasoline,14320,,,31000,2,,False
2023,Chevrolet,silverado 1500,work truck,4,gasoline,191874,,,9500,3,,False
2023,Chevrolet,silverado 1500,custom,4,gasoline,57081,,,33750,3,,False
2023,Chevrolet,silverado 1500,custom,4,gasoline,48704,,,30500,3,,False
2023,Chevrolet,silverado 1500,custom,4,gasoline,53288,,,33500,3,,False
2023,Chevrolet,silverado 1500,work truck,8,gasoline,40031,,,37000,3,,False
2024,Chevrolet,silverado 1500,custom trail boss,8,gasoline,44123,,,45750,2,,False
2023,Chevrolet,silverado 1500,custom trail boss,8,gasoline,43529,,,40750,3,,False
2023,Chevrolet,silverado 1500,custom trail boss,8,gasoline,110224,,,30600,3,,False
2024,Chevrolet,silverado 1500,custom trail boss,8,gasoline,68839,,,39000,2,,False
2023,Chevrolet,silverado 1500,rst,8,gasoline,61042,,,42000,3,,False
2023,Chevrolet,silverado 1500,rst,8,gasoline,42448,,,42200,3,,False
2023,Chevrolet,silverado 1500,rst,8,gasoline,70917,,,40000,3,,False
2023,Chevrolet,silverado 1500,rst,8,gasoline,49384,,,43800,3,,False
2023,Chevrolet,silverado 1500,rst,8,gasoline,36524,,,42000,3,,False
2024,Chevrolet,silverado 1500,lt trail boss,6,diesel,30411,,,56000,2,,False
2024,Chevrolet,silverado 1500,lt trail boss,6,diesel,40943,,,48800,2,,False
2023,Chevrolet,silverado 1500,lt trail boss,8,gasoline,107023,,,33500,3,,False
2024,Chevrolet,silverado 1500,lt trail boss,8,gasoline,43735,,,51600,2,,False
2023,Chevrolet,silverado 1500,lt trail boss,8,gasoline,24684,,,49500,3,,False
2022,Chevrolet,silverado 1500,lt trail boss,8,gasoline,97135,,,35200,4,,False
2024,Chevrolet,silverado 1500,zr2,6,diesel,37614,,,63500,2,,False
2024,Chevrolet,silverado 1500,zr2,6,diesel,50786,,,53250,2,,False
2023,Chevrolet,silverado 1500,zr2,8,gasoline,33566,,,52250,3,,False
2024,Chevrolet,silverado 1500,zr2,8,gasoline,23246,,,58500,2,,False
2018,Chevrolet,silverado 1500,lt,8,gasoline,221600,,,11900,8,,False
2021,Chevrolet,silverado 1500,lt,8,gasoline,81033,,,28000,5,,False
2021,Chevrolet,silverado 1500,rst,8,gasoline,87996,,,34250,5,,False
2021,Chevrolet,silverado 1500,high country,6,diesel,98538,,,40500,5,,False
2022,Chevrolet,silverado 1500,lt trail boss,8,gasoline,67777,,,45600,4,,False
2022,Chevrolet,silverado 1500,rst,6,diesel,79070,,,48900,4,,False
2014,Chevrolet,silverado 1500,high country,8,flex,236712,,,14000,12,,False
2022,Chevrolet,silverado 1500,rst,6,diesel,139608,,,38500,4,,False
2020,Chevrolet,silverado 1500,lt,4,gasoline,178472,,,18000,6,,False
2020,Chevrolet,silverado 1500,custom trail boss,8,gasoline,63254,,,36700,6,,False
2020,Chevrolet,silverado 1500,lt trail boss,8,gasoline,91963,,,40500,6,,False
2022,Chevrolet,silverado 1500,rst,6,diesel,51667,,,50800,4,,False
2019,Chevrolet,silverado 1500,custom trail boss,8,gasoline,151501,,,26300,7,,False
2014,Chevrolet,silverado 1500,lt,8,flex,203340,,,8500,12,,False
2020,Chevrolet,silverado 1500,custom,4,gasoline,137997,,,21300,6,,False
2021,Chevrolet,silverado 1500,custom trail boss,8,gasoline,96949,,,39000,5,,False
2021,Chevrolet,silverado 1500,lt trail boss,8,gasoline,72112,,,46000,5,,False
2016,Chevrolet,silverado 1500,lt,8,gasoline,248956,,,6700,10,,False
2011,Chevrolet,silverado 1500,lt,8,flex,196336,,,14000,15,,False
2020,Chevrolet,silverado 1500,custom,8,gasoline,207554,,,9400,6,,False
2020,Chevrolet,silverado 1500,rst,8,gasoline,122500,,,34200,6,,False
2013,Chevrolet,silverado 1500,lt,8,flex,177205,,,10300,13,,False
2023,Chevrolet,silverado 1500,rst,6,diesel,57346,,,51800,3,,False
2016,Chevrolet,silverado 1500,lt,8,gasoline,151987,,,14900,10,,False
2023,Chevrolet,silverado 1500,high country,8,gasoline,17651,,,60000,3,,False
2017,Chevrolet,silverado 1500,lt,8,gasoline,67653,,,26000,9,,False
2020,Chevrolet,silverado 1500,custom,8,gasoline,362392,,,10900,6,,False
2022,Chevrolet,silverado 1500,custom,4,gasoline,53809,,,34600,4,,False
2021,Chevrolet,silverado 1500,lt,8,gasoline,163729,,,24200,5,,False
2018,Chevrolet,silverado 1500,lt,8,gasoline,76226,,,22000,8,,False
2019,Chevrolet,silverado 1500,custom trail boss,8,gasoline,170187,,,23100,7,,False
2021,Chevrolet,silverado 1500,lt trail boss,8,gasoline,93026,,,41500,5,,False
2024,Chevrolet,silverado 1500,work truck,8,gasoline,21941,,,41500,2,,False
2023,Chevrolet,silverado 1500,rst,8,gasoline,44154,,,48800,3,,False
2024,Chevrolet,silverado 1500,lt,8,gasoline,23826,,,60000,2,,False
2019,Chevrolet,silverado 1500,lt,8,gasoline,192168,,,14200,7,,False
2018,Chevrolet,silverado 1500,lt,8,gasoline,291596,,,5800,8,,False
2016,Chevrolet,silverado 1500,lt,8,gasoline,85676,,,15500,10,,False
2015,Chevrolet,silverado 1500,lt,6,flex,122042,,,17300,11,,False
2017,Chevrolet,silverado 1500,lt,8,gasoline,144269,,,15250,9,,False
2017,Chevrolet,silverado 1500,high country,8,gasoline,183592,,,16800,9,,False
2017,Chevrolet,silverado 1500,lt,8,gasoline,123207,,,28200,9,,False
2023,Chevrolet,silverado 1500,custom,4,gasoline,36442,,,38500,3,,False
2019,Chevrolet,silverado 1500,custom,8,gasoline,330300,,,8200,7,,False
2014,Chevrolet,silverado 1500,lt,8,flex,44367,,,14300,12,,False
2024,Chevrolet,silverado 1500,zr2,6,diesel,47459,,,62000,2,,False
2022,Chevrolet,silverado 1500,lt,4,gasoline,94043,,,36000,4,,False
2021,Chevrolet,silverado 1500,lt,4,gasoline,200157,,,11250,5,,False
2022,Chevrolet,silverado 1500,high country,6,diesel,73934,,,53500,4,,False
2025,Chevrolet,silverado 1500,lt,8,gasoline,26151,,,51000,1,,False
2025,Chevrolet,silverado 1500,lt,8,gasoline,21849,,,51000,1,,False
2025,Chevrolet,silverado 1500,rst,6,diesel,12284,,,65250,1,,False
2025,Chevrolet,silverado 1500,rst,6,diesel,15239,,,62000,1,,False
2017,Chevrolet,silverado 1500,lt,8,gasoline,176589,,,19400,9,,False
2020,Chevrolet,silverado 1500,custom,8,gasoline,211069,,,12000,6,,False
2020,Chevrolet,silverado 1500,lt,8,gasoline,171501,,,20250,6,,False
2020,Chevrolet,silverado 1500,rst,8,gasoline,128208,,,36900,6,,False
2019,Chevrolet,silverado 1500,rst,8,gasoline,110777,,,34500,7,,False
2022,Chevrolet,silverado 1500,rst,6,diesel,59133,,,45000,4,,False
2018,Chevrolet,silverado 1500,custom,8,gasoline,189124,,,14300,8,,False
2023,Chevrolet,silverado 1500,work truck,8,gasoline,17332,,,27500,3,,False
2023,Chevrolet,silverado 1500,work truck,8,gasoline,33607,,,27750,3,,False
2024,Chevrolet,silverado 1500,work truck,8,gasoline,20763,,,29000,2,,False
2024,Chevrolet,silverado 1500,work truck,8,gasoline,23821,,,31500,2,,False
2024,Chevrolet,silverado 1500,work truck,8,gasoline,13964,,,31600,2,,False
2024,Chevrolet,silverado 1500,work truck,8,gasoline,24753,,,29500,2,,False
2023,Chevrolet,silverado 1500,work truck,8,gasoline,31084,,,26000,3,,False
2022,Chevrolet,silverado 1500,work truck,8,gasoline,29535,,,14250,4,,False
2023,Chevrolet,silverado 1500,custom,4,gasoline,23483,,,43500,3,,False
2013,Chevrolet,silverado 1500,lt,8,flex,175462,,,8100,13,,False
2023,Chevrolet,silverado 1500,custom trail boss,8,gasoline,24130,,,44750,3,,False
2024,Chevrolet,silverado 1500,custom trail boss,8,gasoline,42063,,,41000,2,,False
2024,Chevrolet,silverado 1500,custom trail boss,8,gasoline,49261,,,41600,2,,False
2024,Chevrolet,silverado 1500,zr2,6,diesel,55490,,,59500,2,,False
2025,Chevrolet,silverado 1500,lt trail boss,6,diesel,12180,,,66000,1,,False
2015,Chevrolet,silverado 1500,lt,8,gasoline,253343,,,6400,11,,False
2017,Chevrolet,silverado 1500,lt,8,gasoline,199088,,,4800,9,,False
2017,Chevrolet,silverado 1500,lt,8,gasoline,227673,,,17000,9,,False
2017,Chevrolet,silverado 1500,high country,8,gasoline,173264,,,13600,9,,False
2018,Chevrolet,silverado 1500,lt,8,gasoline,210805,,,7700,8,,False
2018,Chevrolet,silverado 1500,custom,8,gasoline,110973,,,18700,8,,False
2018,Chevrolet,silverado 1500,lt,8,gasoline,122455,,,19800,8,,False
2019,Chevrolet,silverado 1500,custom,8,gasoline,168519,,,19300,7,,False
2019,Chevrolet,silverado 1500,work truck,8,gasoline,139786,,,22500,7,,False
2021,Chevrolet,silverado 1500,custom,8,gasoline,126814,,,26500,5,,False
2014,Chevrolet,silverado 1500,lt,8,flex,175433,,,15000,12,,False
2014,Chevrolet,silverado 1500,work truck,8,flex,99714,,,8000,12,,False
2024,Chevrolet,silverado 1500,work truck,4,gasoline,26791,,,37200,2,,False
2023,Chevrolet,silverado 1500,custom,4,gasoline,24624,,,42500,3,,False
2023,Chevrolet,silverado 1500,custom,4,gasoline,18656,,,42000,3,,False
2023,Chevrolet,silverado 1500,custom,4,gasoline,34310,,,38800,3,,False
2023,Chevrolet,silverado 1500,custom,4,gasoline,19804,,,42000,3,,False
2023,Chevrolet,silverado 1500,custom,4,gasoline,27622,,,38200,3,,False
2023,Chevrolet,silverado 1500,custom,4,gasoline,33147,,,40000,3,,False
2023,Chevrolet,silverado 1500,custom,4,gasoline,15662,,,42500,3,,False
2023,Chevrolet,silverado 1500,custom,4,gasoline,52619,,,37000,3,,False
2024,Chevrolet,silverado 1500,custom,4,gasoline,29574,,,44000,2,,False
2023,Chevrolet,silverado 1500,custom,4,gasoline,30058,,,44000,3,,False
2019,Chevrolet,silverado 1500,custom trail boss,8,gasoline,128978,,,30750,7,,False
2019,Chevrolet,silverado 1500,custom trail boss,8,gasoline,174914,,,29750,7,,False
2019,Chevrolet,silverado 1500,lt trail boss,8,gasoline,159684,,,35300,7,,False
2019,Chevrolet,silverado 1500,lt trail boss,8,gasoline,152527,,,26500,7,,False
2015,Chevrolet,silverado 1500,ls,6,flex,116474,,,7700,11,,False
2024,Chevrolet,silverado 1500,work truck,8,gasoline,11685,,,43400,2,,False
2022,Chevrolet,silverado 1500,work truck,8,gasoline,81610,,,29300,4,,False
2024,Chevrolet,silverado 1500,work truck,8,gasoline,51526,,,32500,2,,False
2024,Chevrolet,silverado 1500,rst,6,diesel,41855,,,54250,2,,False
2022,Chevrolet,silverado 1500,rst,8,gasoline,55005,,,48250,4,,False
2022,Chevrolet,silverado 1500,rst,6,diesel,62620,,,47500,4,,False
2023,Chevrolet,silverado 1500,high country,8,gasoline,44171,,,61250,3,,False
2025,Chevrolet,silverado 1500,lt,8,gasoline,22021,,,52000,1,,False
2025,Chevrolet,silverado 1500,rst,6,diesel,31556,,,60750,1,,False
2025,Chevrolet,silverado 1500,high country,8,gasoline,27096,,,73000,1,,False
2019,Chevrolet,silverado 1500,custom,8,gasoline,191472,,,21750,7,,False
2021,Chevrolet,silverado 1500,rst,8,gasoline,81402,,,41000,5,,False
2021,Chevrolet,silverado 1500,high country,6,diesel,146898,,,39300,5,,False
2018,Chevrolet,silverado 1500,work truck,8,gasoline,85825,,,24000,8,,False
2017,Chevrolet,silverado 1500,lt,8,gasoline,85668,,,26800,9,,False
2015,Chevrolet,silverado 1500,lt,8,gasoline,226538,,,8800,11,,False
2022,Chevrolet,silverado 1500,lt,8,gasoline,57173,,,38000,4,,False
2024,Chevrolet,silverado 1500,rst,8,gasoline,70339,,,45250,2,,False
2023,Chevrolet,silverado 1500,rst,8,gasoline,52361,,,43000,3,,False
2023,Chevrolet,silverado 1500,rst,8,gasoline,31959,,,46750,3,,False
2022,Chevrolet,silverado 1500,custom trail boss,8,gasoline,28223,,,40500,4,,False
2024,Chevrolet,silverado 1500,custom trail boss,4,gasoline,42128,,,39500,2,,False
2024,Chevrolet,silverado 1500,work truck,8,gasoline,14034,,,31250,2,,False
2022,Chevrolet,silverado 1500,work truck,8,gasoline,49989,,,11200,4,,False
2024,Chevrolet,silverado 1500,work truck,8,gasoline,13929,,,27000,2,,False
2024,Chevrolet,silverado 1500,work truck,8,gasoline,12542,,,30800,2,,False
2023,Chevrolet,silverado 1500,work truck,4,gasoline,28768,,,20000,3,,False
2022,Chevrolet,silverado 1500,work truck,4,gasoline,98348,,,15400,4,,False
2022,Chevrolet,silverado 1500,work truck,4,gasoline,42761,,,29600,4,,False
2023,Chevrolet,silverado 1500,custom,4,gasoline,31570,,,33600,3,,False
2023,Chevrolet,silverado 1500,custom,4,gasoline,50329,,,32500,3,,False
2023,Chevrolet,silverado 1500,custom,4,gasoline,35030,,,34000,3,,False
2023,Chevrolet,silverado 1500,custom,4,gasoline,55099,,,33000,3,,False
2023,Chevrolet,silverado 1500,custom trail boss,8,gasoline,50030,,,38250,3,,False
2023,Chevrolet,silverado 1500,custom trail boss,8,gasoline,28564,,,42000,3,,False
2023,Chevrolet,silverado 1500,lt,8,gasoline,32552,,,43250,3,,False
2023,Chevrolet,silverado 1500,rst,8,gasoline,37848,,,45500,3,,False
2024,Chevrolet,silverado 1500,rst,8,gasoline,14007,,,50250,2,,False
2023,Chevrolet,silverado 1500,rst,8,gasoline,40686,,,43800,3,,False
2023,Chevrolet,silverado 1500,rst,8,gasoline,31214,,,45500,3,,False
2023,Chevrolet,silverado 1500,rst,8,gasoline,44207,,,43250,3,,False
2024,Chevrolet,silverado 1500,rst,8,gasoline,43955,,,45600,2,,False
2022,Chevrolet,silverado 1500,rst,6,diesel,65220,,,43000,4,,False
2024,Chevrolet,silverado 1500,lt trail boss,8,gasoline,39630,,,53750,2,,False
2022,Chevrolet,silverado 1500,lt trail boss,8,gasoline,59441,,,42500,4,,False
2022,Chevrolet,silverado 1500,lt trail boss,8,gasoline,91235,,,32400,4,,False
2023,Chevrolet,silverado 1500,lt trail boss,8,gasoline,70489,,,43200,3,,False
2022,Chevrolet,silverado 1500,lt trail boss,8,gasoline,102683,,,37800,4,,False
2023,Chevrolet,silverado 1500,lt,8,gasoline,47366,,,52000,3,,False
2023,Chevrolet,silverado 1500,lt,8,gasoline,35277,,,53000,3,,False
2023,Chevrolet,silverado 1500,zr2,8,gasoline,33378,,,54000,3,,False
2022,Chevrolet,silverado 1500,zr2,8,gasoline,110273,,,41000,4,,False
2023,Chevrolet,silverado 1500,high country,8,gasoline,47334,,,52500,3,,False
2023,Chevrolet,silverado 1500,high country,8,gasoline,40474,,,52500,3,,False
2023,Chevrolet,silverado 1500,high country,8,gasoline,54619,,,48200,3,,False
2023,Chevrolet,silverado 1500,high country,8,gasoline,59285,,,52000,3,,False
2018,Chevrolet,silverado 1500,lt,8,gasoline,192942,,,13000,8,,False
2018,Chevrolet,silverado 1500,lt,8,gasoline,276276,,,9000,8,,False
2017,Chevrolet,silverado 1500,lt,8,gasoline,204107,,,10200,9,,False
2020,Chevrolet,silverado 1500,high country,6,diesel,206036,,,26500,6,,False
2017,Chevrolet,silverado 1500,lt,8,gasoline,97438,,,23900,9,,False
2021,Chevrolet,silverado 1500,rst,6,diesel,136000,,,33500,5,,False
2025,Chevrolet,silverado 1500,rst,8,gasoline,12940,,,61700,1,,False
2022,Chevrolet,silverado 1500,rst,8,gasoline,130692,,,41000,4,,False
2023,Chevrolet,silverado 1500,custom trail boss,4,gasoline,27602,,,42800,3,,False
2011,Chevrolet,silverado 1500,wt,6,gasoline,116738,,,4200,15,,False
2023,Chevrolet,silverado 1500,custom,4,gasoline,27526,,,40500,3,,False
2023,Chevrolet,silverado 1500,custom,4,gasoline,42780,,,39400,3,,False
2023,Chevrolet,silverado 1500,custom,4,gasoline,28493,,,40000,3,,False
2024,Chevrolet,silverado 1500,custom,4,gasoline,30652,,,41200,2,,False
2024,Chevrolet,silverado 1500,lt,4,gasoline,31128,,,41800,2,,False
2019,Chevrolet,silverado 1500,lt,4,gasoline,137602,,,26000,7,,False
2013,Chevrolet,silverado 1500,lt,8,flex,208040,,,3500,13,,False
2021,Chevrolet,silverado 1500,custom,8,gasoline,116741,,,29600,5,,False
2021,Chevrolet,silverado 1500,rst,8,gasoline,77405,,,48400,5,,False
2016,Chevrolet,silverado 1500,work truck,6,flex,189218,,,3600,10,,False
2016,Chevrolet,silverado 1500,lt,8,gasoline,99835,,,9500,10,,False
2021,Chevrolet,silverado 1500,work truck,6,flex,67862,,,15900,5,,False
2022,Chevrolet,silverado 1500,work truck,4,gasoline,132327,,,22600,4,,False
2023,Chevrolet,silverado 1500,rst,8,gasoline,38521,,,46700,3,,False
2022,Chevrolet,silverado 1500,rst,6,diesel,60796,,,39600,4,,False
2022,Chevrolet,silverado 1500,lt trail boss,8,gasoline,247599,,,20500,4,,False
2023,Chevrolet,silverado 1500,lt trail boss,8,gasoline,96134,,,38250,3,,False
2018,Chevrolet,silverado 1500,lt,8,gasoline,114681,,,30700,8,,False
2025,Chevrolet,silverado 1500,high country,8,gasoline,19246,,,75100,1,,False
2018,Chevrolet,silverado 1500,lt,8,flex,137487,,,22500,8,,False
2023,Chevrolet,silverado 1500,work truck,4,gasoline,22520,,,40500,3,,False
2016,Chevrolet,silverado 1500,no mentioned,8,gasoline,234731,,,5600,10,,False
2023,Chevrolet,silverado 1500,custom,4,gasoline,61173,,,35800,3,,False
2021,Chevrolet,silverado 1500,custom,8,gasoline,21344,,,40000,5,,False
2021,Chevrolet,silverado 1500,custom,8,gasoline,76720,,,24400,5,,False
2019,Chevrolet,silverado 1500,custom,8,gasoline,137106,,,30600,7,,False
2016,Chevrolet,silverado 1500,lt,8,gasoline,284782,,,13100,10,,False
2015,Chevrolet,silverado 1500,lt,8,gasoline,275389,,,8900,11,,False
2018,Chevrolet,silverado 1500,lt,8,flex,211618,,,15600,8,,False
2016,Chevrolet,silverado 1500,lt,8,gasoline,205572,,,9400,10,,False
2022,Chevrolet,silverado 1500,zr2,8,gasoline,117975,,,43200,4,,False
2023,Chevrolet,silverado 1500,rst,8,gasoline,13026,,,52400,3,,False
2020,Chevrolet,silverado 1500,lt trail boss,8,gasoline,68535,,,43000,6,,False
2023,Chevrolet,silverado 1500,custom,4,gasoline,75792,,,33100,3,,False
2023,Chevrolet,silverado 1500,custom,4,gasoline,54482,,,35000,3,,False
2023,Chevrolet,silverado 1500,custom,4,gasoline,28322,,,40500,3,,False
2024,Chevrolet,silverado 1500,custom,4,gasoline,66042,,,38500,2,,False
2024,Chevrolet,silverado 1500,custom,4,gasoline,53186,,,39250,2,,False
2025,Chevrolet,silverado 1500,custom,4,gasoline,13948,,,47800,1,,False
2019,Chevrolet,silverado 1500,lt trail boss,8,gasoline,87907,,,35000,7,,False
2019,Chevrolet,silverado 1500,rst,4,gasoline,151348,,,20700,7,,False
2022,Chevrolet,silverado 1500,work truck,8,gasoline,105049,,,24400,4,,False
2022,Chevrolet,silverado 1500,work truck,8,gasoline,179985,,,18700,4,,False
2022,Chevrolet,silverado 1500,work truck,8,gasoline,47923,,,31000,4,,False
2022,Chevrolet,silverado 1500,work truck,8,gasoline,135107,,,23750,4,,False
2022,Chevrolet,silverado 1500,lt,8,gasoline,63776,,,37750,4,,False
2024,Chevrolet,silverado 1500,lt,8,gasoline,58273,,,39400,2,,False
2024,Chevrolet,silverado 1500,rst,8,gasoline,50978,,,51900,2,,False
2022,Chevrolet,silverado 1500,rst,6,diesel,91940,,,48000,4,,False
2021,Chevrolet,silverado 1500,custom,8,gasoline,123377,,,25100,5,,False
2020,Chevrolet,silverado 1500,rst,8,gasoline,108792,,,33500,6,,False
2015,Chevrolet,silverado 1500,lt,8,gasoline,187931,,,10500,11,,False
2010,Chevrolet,silverado 1500,lt,8,flex,237890,,,7200,16,,False
2023,Chevrolet,silverado 1500,custom trail boss,8,gasoline,51562,,,40000,3,,False
2025,Chevrolet,silverado 1500,lt,8,gasoline,12587,,,40250,1,,False
2016,Chevrolet,silverado 1500,lt,8,gasoline,180984,,,8000,10,,False
2017,Chevrolet,silverado 1500,high country,8,flex,208583,,,16000,9,,False
2021,Chevrolet,silverado 1500,rst,8,gasoline,171747,,,20500,5,,False
2019,Chevrolet,silverado 1500,rst,8,gasoline,88885,,,38100,7,,False
2021,Chevrolet,silverado 1500,custom trail boss,8,gasoline,49456,,,39500,5,,False
2020,Chevrolet,silverado 1500,lt trail boss,8,gasoline,67031,,,43000,6,,False
2021,Chevrolet,silverado 1500,work truck,6,flex,127888,,,19300,5,,False
2022,Chevrolet,silverado 1500,rst,8,gasoline,37611,,,48250,4,,False
2023,Chevrolet,silverado 1500,rst,8,gasoline,61265,,,48600,3,,False
2025,Chevrolet,silverado 1500,rst,8,gasoline,20202,,,60500,1,,False
2020,Chevrolet,silverado 1500,rst,8,gasoline,86280,,,27500,6,,False
2019,Chevrolet,silverado 1500,high country,8,gasoline,189836,,,23750,7,,False
2017,Chevrolet,silverado 1500,lt,8,gasoline,176426,,,18250,9,,False
2018,Chevrolet,silverado 1500,lt,8,gasoline,222052,,,12700,8,,False
2024,Chevrolet,silverado 1500,rst,8,gasoline,30826,,,48400,2,,False
2024,Chevrolet,silverado 1500,work truck,8,gasoline,14458,,,32200,2,,False
2024,Chevrolet,silverado 1500,work truck,8,gasoline,13349,,,30300,2,,False
2024,Chevrolet,silverado 1500,work truck,8,gasoline,17843,,,29500,2,,False
2024,Chevrolet,silverado 1500,work truck,8,gasoline,13540,,,30300,2,,False
2022,Chevrolet,silverado 1500,work truck,4,gasoline,90168,,,15750,4,,False
2024,Chevrolet,silverado 1500,custom,4,gasoline,27216,,,30000,2,,False
2022,Chevrolet,silverado 1500,custom,4,gasoline,101003,,,26000,4,,False
2015,Chevrolet,silverado 1500,work truck,6,flex,116912,,,10250,11,,False
2015,Chevrolet,silverado 1500,lt,8,gasoline,233190,,,7000,11,,False
2017,Chevrolet,silverado 1500,lt,8,gasoline,221065,,,7100,9,,False
2022,Chevrolet,silverado 1500,custom trail boss,8,gasoline,115586,,,32700,4,,False
2022,Chevrolet,silverado 1500,rst,8,gasoline,75159,,,45100,4,,False
2023,Chevrolet,silverado 1500,work truck,4,gasoline,61529,,,33000,3,,False
2019,Chevrolet,silverado 1500,high country,8,gasoline,76175,,,42300,7,,False
2018,Chevrolet,silverado 1500,work truck,6,flex,250175,,,7250,8,,False
2022,Chevrolet,silverado 1500,work truck,4,gasoline,116326,,,27750,4,,False
2022,Chevrolet,silverado 1500,work truck,4,gasoline,109383,,,28250,4,,False
2023,Chevrolet,silverado 1500,custom,4,gasoline,46657,,,35500,3,,False
2023,Chevrolet,silverado 1500,custom,4,gasoline,38960,,,40500,3,,False
2023,Chevrolet,silverado 1500,custom,4,gasoline,33142,,,39200,3,,False
2023,Chevrolet,silverado 1500,custom,4,gasoline,34591,,,39250,3,,False
2023,Chevrolet,silverado 1500,custom,4,gasoline,48745,,,37500,3,,False
2023,Chevrolet,silverado 1500,custom,4,gasoline,22440,,,42000,3,,False
2023,Chevrolet,silverado 1500,custom,4,gasoline,38203,,,40750,3,,False
2023,Chevrolet,silverado 1500,custom,4,gasoline,145781,,,26000,3,,False
2023,Chevrolet,silverado 1500,custom,4,gasoline,108533,,,26250,3,,False
2023,Chevrolet,silverado 1500,custom,4,gasoline,31138,,,41500,3,,False
2019,Chevrolet,silverado 1500,custom trail boss,8,gasoline,144736,,,26750,7,,False
2023,Chevrolet,silverado 1500,rst,8,gasoline,65114,,,43500,3,,False
2025,Chevrolet,silverado 1500,rst,6,diesel,31552,,,59800,1,,False
2018,Chevrolet,silverado 1500,lt,8,gasoline,189435,,,18800,8,,False
2021,Chevrolet,silverado 1500,custom,8,gasoline,44466,,,36750,5,,False
2019,Chevrolet,silverado 1500,rst,8,gasoline,151213,,,30000,7,,False
2021,Chevrolet,silverado 1500,rst,8,gasoline,63207,,,44000,5,,False
2019,Chevrolet,silverado 1500,high country,8,gasoline,89001,,,40750,7,,False
2022,Chevrolet,silverado 1500,rst,6,diesel,59129,,,44400,4,,False
2017,Chevrolet,silverado 1500,work truck,8,gasoline,187415,,,9600,9,,False
2017,Chevrolet,silverado 1500,work truck,6,flex,166625,,,7700,9,,False
2024,Chevrolet,silverado 1500,lt,8,gasoline,30776,,,42500,2,,False
2023,Chevrolet,silverado 1500,rst,8,gasoline,50082,,,44500,3,,False
2023,Chevrolet,silverado 1500,rst,8,gasoline,43179,,,46500,3,,False
2023,Chevrolet,silverado 1500,rst,8,gasoline,29718,,,45000,3,,False
2023,Chevrolet,silverado 1500,work truck,4,gasoline,55137,,,30500,3,,False
2023,Chevrolet,silverado 1500,custom,4,gasoline,53053,,,31200,3,,False
2023,Chevrolet,silverado 1500,custom,4,gasoline,66230,,,30250,3,,False
2023,Chevrolet,silverado 1500,work truck,8,gasoline,55683,,,33400,3,,False
2024,Chevrolet,silverado 1500,custom trail boss,8,gasoline,39545,,,44250,2,,False
2023,Chevrolet,silverado 1500,custom trail boss,8,gasoline,43695,,,40000,3,,False
2024,Chevrolet,silverado 1500,custom trail boss,8,gasoline,37525,,,45250,2,,False
2023,Chevrolet,silverado 1500,rst,8,gasoline,66749,,,40500,3,,False
2023,Chevrolet,silverado 1500,rst,8,gasoline,53911,,,45000,3,,False
2023,Chevrolet,silverado 1500,rst,8,gasoline,51610,,,44250,3,,False
2023,Chevrolet,silverado 1500,rst,8,gasoline,49109,,,47500,3,,False
2023,Chevrolet,silverado 1500,rst,8,gasoline,29861,,,46750,3,,False
2024,Chevrolet,silverado 1500,lt trail boss,6,diesel,30652,,,52750,2,,False
2024,Chevrolet,silverado 1500,lt trail boss,8,gasoline,22944,,,54250,2,,False
2023,Chevrolet,silverado 1500,zr2,8,gasoline,27257,,,55250,3,,False
2016,Chevrolet,silverado 1500,lt,8,gasoline,104273,,,23200,10,,False
2021,Chevrolet,silverado 1500,custom,8,gasoline,122950,,,25000,5,,False
2020,Chevrolet,silverado 1500,high country,8,gasoline,117905,,,40000,6,,False
2021,Chevrolet,silverado 1500,custom trail boss,8,gasoline,111300,,,36000,5,,False
2021,Chevrolet,silverado 1500,custom,8,gasoline,79282,,,33300,5,,False
2024,Chevrolet,silverado 1500,lt trail boss,8,gasoline,20042,,,52800,2,,False
2018,Chevrolet,silverado 1500,lt,8,gasoline,182900,,,17300,8,,False
2017,Chevrolet,silverado 1500,no mentioned,8,gasoline,164956,,,16100,9,,False
2020,Chevrolet,silverado 1500,lt,8,gasoline,36333,,,44400,6,,False
2018,Chevrolet,silverado 1500,lt,6,flex,157833,,,21000,8,,False
2019,Chevrolet,silverado 1500,lt trail boss,8,gasoline,125096,,,28000,7,,False
2024,Chevrolet,silverado 1500,lt,8,gasoline,51557,,,42000,2,,False
2023,Chevrolet,silverado 1500,lt,8,gasoline,41799,,,40000,3,,False
2024,Chevrolet,silverado 1500,rst,8,gasoline,37513,,,53500,2,,False
2025,Chevrolet,silverado 1500,lt,8,gasoline,22660,,,49500,1,,False
2024,Chevrolet,silverado 1500,lt,6,diesel,36978,,,59750,2,,False
2018,Chevrolet,silverado 1500,custom,8,gasoline,165377,,,15000,8,,False
2017,Chevrolet,silverado 1500,lt,8,gasoline,203861,,,8400,9,,False
2014,Chevrolet,silverado 1500,lt,8,flex,387041,,,4000,12,,False
2011,Chevrolet,silverado 1500,lt,8,flex,188740,,,10400,15,,False
2021,Chevrolet,silverado 1500,rst,8,gasoline,128133,,,36000,5,,False
2023,Chevrolet,silverado 1500,work truck,4,gasoline,23284,,,30000,3,,False
2020,Chevrolet,silverado 1500,custom trail boss,8,gasoline,104799,,,33800,6,,False
2019,Chevrolet,silverado 1500,lt,4,gasoline,137910,,,23300,7,,False
2017,Chevrolet,silverado 1500,no mentioned,8,gasoline,157900,,,14400,9,,False
2018,Chevrolet,silverado 1500,work truck,8,gasoline,104210,,,25800,8,,False
2020,Chevrolet,silverado 1500,custom trail boss,8,gasoline,145564,,,30500,6,,False
2019,Chevrolet,silverado 1500,custom trail boss,8,gasoline,129119,,,25500,7,,False
2025,Chevrolet,silverado 1500,lt,8,gasoline,29964,,,51000,1,,False
2016,Chevrolet,silverado 1500,lt,6,flex,313609,,,3700,10,,False
2014,Chevrolet,silverado 1500,lt,8,flex,225989,,,5300,12,,False
2015,Chevrolet,silverado 1500,lt,8,gasoline,259347,,,6000,11,,False
2020,Chevrolet,silverado 1500,lt,8,gasoline,205759,,,13500,6,,False
2017,Chevrolet,silverado 1500,lt,8,gasoline,154372,,,21300,9,,False
2018,Chevrolet,silverado 1500,lt,8,gasoline,149555,,,21600,8,,False
2025,Chevrolet,silverado 1500,high country,6,diesel,19006,,,75100,1,,False
2019,Chevrolet,silverado 1500,lt,8,gasoline,85062,,,23200,7,,False
2021,Chevrolet,silverado 1500,custom trail boss,8,gasoline,94490,,,38500,5,,False
2023,Chevrolet,silverado 1500,custom,4,gasoline,31491,,,36000,3,,False
2021,Chevrolet,silverado 1500,rst,8,gasoline,224958,,,18250,5,,False
2022,Chevrolet,silverado 1500,lt,8,gasoline,40641,,,19300,4,,False
2020,Chevrolet,silverado 1500,rst,8,gasoline,117347,,,37500,6,,False
2018,Chevrolet,silverado 1500,lt,8,gasoline,83450,,,23400,8,,False
2024,Chevrolet,silverado 1500,work truck,8,gasoline,13428,,,32900,2,,False
2023,Chevrolet,silverado 1500,lt trail boss,4,gasoline,62436,,,35250,3,,False
2018,Chevrolet,silverado 1500,lt,8,gasoline,243538,,,8750,8,,False
2017,Chevrolet,silverado 1500,lt,8,flex,176410,,,12500,9,,False
2021,Chevrolet,silverado 1500,rst,6,diesel,95269,,,38750,5,,False
2018,Chevrolet,silverado 1500,lt,8,gasoline,216025,,,13600,8,,False
2018,Chevrolet,silverado 1500,lt,8,gasoline,285541,,,9200,8,,False
2018,Chevrolet,silverado 1500,lt,8,gasoline,182893,,,13600,8,,False
2012,Chevrolet,silverado 1500,lt,8,flex,208629,,,9800,14,,False
2014,Chevrolet,silverado 1500,lt,8,flex,196871,,,7800,12,,False
2022,Chevrolet,silverado 1500,zr2,8,gasoline,183732,,,27500,4,,False
2018,Chevrolet,silverado 1500,lt,8,gasoline,187200,,,11000,8,,False
2015,Chevrolet,silverado 1500,no mentioned,8,gasoline,154520,,,8800,11,,False
2023,Chevrolet,silverado 1500,lt,8,gasoline,48402,,,43200,3,,False
2019,Chevrolet,silverado 1500,rst,8,gasoline,209774,,,22500,7,,False
2023,Chevrolet,silverado 1500,lt,4,gasoline,32397,,,44500,3,,False
2018,Chevrolet,silverado 1500,ls,8,gasoline,119626,,,15600,8,,False
2022,Chevrolet,silverado 1500,work truck,8,gasoline,20979,,,36600,4,,False
2021,Chevrolet,silverado 1500,custom,8,gasoline,99806,,,26600,5,,False
2024,Chevrolet,silverado 1500,work truck,8,gasoline,20004,,,43000,2,,False
2024,Chevrolet,silverado 1500,rst,6,diesel,96657,,,46250,2,,False
2019,Chevrolet,silverado 1500,lt,8,gasoline,166330,,,16500,7,,False
2021,Chevrolet,silverado 1500,rst,8,gasoline,85521,,,35500,5,,False
2019,Chevrolet,silverado 1500,high country,8,gasoline,109066,,,42200,7,,False
2024,Chevrolet,silverado 1500,work truck,8,gasoline,60425,,,33500,2,,False
2023,Chevrolet,silverado 1500,work truck,8,gasoline,34155,,,27500,3,,False
2024,Chevrolet,silverado 1500,work truck,8,gasoline,30181,,,29000,2,,False
2024,Chevrolet,silverado 1500,work truck,8,gasoline,29122,,,30500,2,,False
2024,Chevrolet,silverado 1500,work truck,8,gasoline,13615,,,28500,2,,False
2024,Chevrolet,silverado 1500,work truck,8,gasoline,13429,,,30100,2,,False
2023,Chevrolet,silverado 1500,work truck,8,gasoline,32953,,,27500,3,,False
2024,Chevrolet,silverado 1500,work truck,8,gasoline,37118,,,28500,2,,False
2022,Chevrolet,silverado 1500,work truck,4,gasoline,30368,,,21250,4,,False
2022,Chevrolet,silverado 1500,work truck,4,gasoline,73984,,,26500,4,,False
2022,Chevrolet,silverado 1500,lt trail boss,8,gasoline,88444,,,44000,4,,False
2016,Chevrolet,silverado 1500,lt,8,gasoline,168934,,,19500,10,,False
2018,Chevrolet,silverado 1500,no mentioned,8,gasoline,137882,,,17900,8,,False
2023,Chevrolet,silverado 1500,high country,6,diesel,121170,,,46000,3,,False
2025,Chevrolet,silverado 1500,rst,8,gasoline,21654,,,56000,1,,False
2022,Chevrolet,silverado 1500,custom trail boss,8,gasoline,27779,,,42600,4,,False
2018,Chevrolet,silverado 1500,high country,8,gasoline,216563,,,17000,8,,False
2023,Chevrolet,silverado 1500,work truck,4,gasoline,22365,,,33750,3,,False
2023,Chevrolet,silverado 1500,work truck,4,gasoline,74824,,,33250,3,,False
2023,Chevrolet,silverado 1500,custom,4,gasoline,31814,,,41400,3,,False
2023,Chevrolet,silverado 1500,custom,4,gasoline,26918,,,40000,3,,False
2023,Chevrolet,silverado 1500,custom,4,gasoline,28189,,,37900,3,,False
2023,Chevrolet,silverado 1500,custom,4,gasoline,32088,,,41500,3,,False
2023,Chevrolet,silverado 1500,custom,4,gasoline,38974,,,40400,3,,False
2024,Chevrolet,silverado 1500,custom,4,gasoline,45374,,,36600,2,,False
2023,Chevrolet,silverado 1500,custom,4,gasoline,32456,,,41400,3,,False
2020,Chevrolet,silverado 1500,custom trail boss,8,gasoline,78295,,,38500,6,,False
2019,Chevrolet,silverado 1500,custom trail boss,8,gasoline,117026,,,33000,7,,False
2019,Chevrolet,silverado 1500,lt trail boss,8,gasoline,151169,,,31000,7,,False
2020,Chevrolet,silverado 1500,work truck,8,gasoline,153226,,,23250,6,,False
2019,Chevrolet,silverado 1500,work truck,6,flex,176022,,,16500,7,,False
2020,Chevrolet,silverado 1500,custom trail boss,8,gasoline,123053,,,31000,6,,False
2024,Chevrolet,silverado 1500,lt,8,gasoline,70833,,,39750,2,,False
2023,Chevrolet,silverado 1500,rst,6,diesel,44668,,,54000,3,,False
2024,Chevrolet,silverado 1500,rst,8,gasoline,78776,,,47750,2,,False
2023,Chevrolet,silverado 1500,rst,8,gasoline,69025,,,44750,3,,False
2022,Chevrolet,silverado 1500,rst,8,gasoline,52500,,,49250,4,,False
2023,Chevrolet,silverado 1500,rst,8,gasoline,58281,,,53000,3,,False
2023,Chevrolet,silverado 1500,rst,8,gasoline,83441,,,48500,3,,False
2023,Chevrolet,silverado 1500,rst,8,gasoline,31987,,,55250,3,,False
2022,Chevrolet,silverado 1500,rst,8,gasoline,68502,,,51250,4,,False
2024,Chevrolet,silverado 1500,high country,6,diesel,51412,,,65000,2,,False
2022,Chevrolet,silverado 1500,high country,8,gasoline,42924,,,58750,4,,False
2025,Chevrolet,silverado 1500,rst,6,diesel,17128,,,64000,1,,False
2019,Chevrolet,silverado 1500,work truck,8,gasoline,119305,,,22750,7,,False
2021,Chevrolet,silverado 1500,lt,8,gasoline,97277,,,31500,5,,False
2021,Chevrolet,silverado 1500,lt,8,gasoline,138189,,,27500,5,,False
2020,Chevrolet,silverado 1500,rst,8,gasoline,99817,,,37600,6,,False
2016,Chevrolet,silverado 1500,lt,6,flex,151911,,,7200,10,,False
2023,Chevrolet,silverado 1500,lt,8,gasoline,34470,,,44250,3,,False
2023,Chevrolet,silverado 1500,rst,8,gasoline,33119,,,47250,3,,False
2023,Chevrolet,silverado 1500,rst,8,gasoline,19574,,,47750,3,,False
2023,Chevrolet,silverado 1500,high country,8,gasoline,80291,,,47000,3,,False
2023,Chevrolet,silverado 1500,high country,8,gasoline,25473,,,54500,3,,False
2023,Chevrolet,silverado 1500,custom,4,gasoline,47333,,,34000,3,,False
2023,Chevrolet,silverado 1500,custom trail boss,4,gasoline,39068,,,40600,3,,False
2023,Chevrolet,silverado 1500,custom trail boss,4,gasoline,52978,,,36000,3,,False
2024,Chevrolet,silverado 1500,work truck,8,gasoline,14683,,,30000,2,,False
2024,Chevrolet,silverado 1500,work truck,8,gasoline,19571,,,30250,2,,False
2024,Chevrolet,silverado 1500,work truck,8,gasoline,22002,,,31000,2,,False
2022,Chevrolet,silverado 1500,work truck,4,gasoline,33440,,,22200,4,,False
2023,Chevrolet,silverado 1500,custom,4,gasoline,78828,,,31300,3,,False
2024,Chevrolet,silverado 1500,custom,4,gasoline,20456,,,38600,2,,False
2023,Chevrolet,silverado 1500,work truck,8,gasoline,29686,,,38600,3,,False
2023,Chevrolet,silverado 1500,work truck,8,gasoline,23757,,,36600,3,,False
2023,Chevrolet,silverado 1500,work truck,8,gasoline,41476,,,35400,3,,False
2023,Chevrolet,silverado 1500,custom trail boss,8,gasoline,40830,,,42200,3,,False
2023,Chevrolet,silverado 1500,rst,8,gasoline,26880,,,45500,3,,False
2023,Chevrolet,silverado 1500,rst,8,gasoline,29177,,,47000,3,,False
2023,Chevrolet,silverado 1500,rst,8,gasoline,31947,,,44200,3,,False
2023,Chevrolet,silverado 1500,zr2,8,gasoline,56546,,,54250,3,,False
2023,Chevrolet,silverado 1500,high country,8,gasoline,57890,,,53500,3,,False
2023,Chevrolet,silverado 1500,high country,8,gasoline,51750,,,53500,3,,False
2023,Chevrolet,silverado 1500,high country,8,gasoline,46702,,,54250,3,,False
2017,Chevrolet,silverado 1500,lt,8,gasoline,140032,,,13000,9,,False
2018,Chevrolet,silverado 1500,lt,8,gasoline,156154,,,23200,8,,False
2017,Chevrolet,silverado 1500,high country,8,gasoline,113793,,,18750,9,,False
2015,Chevrolet,silverado 1500,high country,8,flex,171805,,,13200,11,,False
2025,Chevrolet,silverado 1500,rst,8,gasoline,18959,,,61800,1,,False
2019,Chevrolet,silverado 1500,rst,8,gasoline,81817,,,36200,7,,False
2019,Chevrolet,silverado 1500,rst,8,gasoline,118670,,,35000,7,,False
2014,Chevrolet,silverado 1500,lt,8,flex,125054,,,9500,12,,False
2019,Chevrolet,silverado 1500,work truck,6,flex,264348,,,8000,7,,False
2019,Chevrolet,silverado 1500,custom trail boss,6,flex,213657,,,15500,7,,False
2025,Chevrolet,silverado 1500,lt,8,gasoline,19248,,,50000,1,,False
2019,Chevrolet,silverado 1500,rst,8,gasoline,175438,,,25400,7,,False
2018,Chevrolet,silverado 1500,lt,6,flex,202704,,,14500,8,,False
2023,Chevrolet,silverado 1500,lt,8,gasoline,148719,,,21400,3,,False
2022,Chevrolet,silverado 1500,custom trail boss,8,gasoline,69336,,,37500,4,,False
2024,Chevrolet,silverado 1500,work truck,8,gasoline,16166,,,33800,2,,False
2024,Chevrolet,silverado 1500,work truck,8,gasoline,13495,,,33700,2,,False
2021,Chevrolet,silverado 1500,lt,6,diesel,190308,,,20750,5,,False
2017,Chevrolet,silverado 1500,lt,8,gasoline,182635,,,17200,9,,False
2023,Chevrolet,silverado 1500,lt trail boss,8,gasoline,30138,,,51000,3,,False
2025,Chevrolet,silverado 1500,lt,8,gasoline,27881,,,51000,1,,False
2024,Chevrolet,silverado 1500,work truck,8,gasoline,17628,,,29000,2,,False
2024,Chevrolet,silverado 1500,work truck,8,gasoline,19268,,,29000,2,,False
2024,Chevrolet,silverado 1500,work truck,8,gasoline,22343,,,29000,2,,False
2024,Chevrolet,silverado 1500,work truck,8,gasoline,17155,,,29000,2,,False
2020,Chevrolet,silverado 1500,rst,8,gasoline,107739,,,35700,6,,False
2017,Chevrolet,silverado 1500,no mentioned,8,gasoline,225225,,,8800,9,,False
2022,Chevrolet,silverado 1500,lt trail boss,8,gasoline,39037,,,47100,4,,False
2018,Chevrolet,silverado 1500,lt,8,flex,85708,,,29500,8,,False
2023,Chevrolet,silverado 1500,custom trail boss,8,gasoline,66980,,,40600,3,,False
2019,Chevrolet,silverado 1500,custom trail boss,8,gasoline,137587,,,30700,7,,False
2024,Chevrolet,silverado 1500,lt,8,gasoline,49986,,,44000,2,,False
2024,Chevrolet,silverado 1500,lt,8,gasoline,53191,,,44000,2,,False
2023,Chevrolet,silverado 1500,custom,4,gasoline,46278,,,39000,3,,False
2022,Chevrolet,silverado 1500,lt,8,gasoline,40641,,,22300,4,,False
2025,Chevrolet,silverado 1500,lt,8,gasoline,13266,,,41250,1,,False
2025,Chevrolet,silverado 1500,lt,8,gasoline,16613,,,40750,1,,False
2018,Chevrolet,silverado 1500,lt,8,gasoline,106080,,,26200,8,,False
2024,Chevrolet,silverado 1500,zr2,8,gasoline,38077,,,59750,2,,False
2025,Chevrolet,silverado 1500,lt,8,gasoline,55582,,,37000,1,,False
2024,Chevrolet,silverado 1500,rst,8,gasoline,23510,,,65000,2,,False
2016,Chevrolet,silverado 1500,no mentioned,6,flex,182986,,,7300,10,,False
2017,Chevrolet,silverado 1500,lt,8,gasoline,217993,,,5000,9,,False
2017,Chevrolet,silverado 1500,lt,8,gasoline,254630,,,12500,9,,False
2012,Chevrolet,silverado 1500,lt,8,flex,161501,,,8900,14,,False
2018,Chevrolet,silverado 1500,ls,8,gasoline,108563,,,18900,8,,False
2016,Chevrolet,silverado 1500,lt,8,gasoline,120616,,,16600,10,,False
2023,Chevrolet,silverado 1500,lt,8,gasoline,85428,,,38500,3,,False
2023,Chevrolet,silverado 1500,lt,4,gasoline,20617,,,41750,3,,False
2023,Chevrolet,silverado 1500,lt,4,gasoline,107490,,,29000,3,,False
2022,Chevrolet,silverado 1500,work truck,8,gasoline,23205,,,37500,4,,False
2022,Chevrolet,silverado 1500,work truck,8,gasoline,30990,,,35500,4,,False
2019,Chevrolet,silverado 1500,custom,8,gasoline,183658,,,10700,7,,False
2024,Chevrolet,silverado 1500,lt,8,gasoline,45107,,,45600,2,,False
2023,Chevrolet,silverado 1500,high country,8,gasoline,55810,,,58250,3,,False
2024,Chevrolet,silverado 1500,high country,8,gasoline,22153,,,68800,2,,False
2021,Chevrolet,silverado 1500,work truck,8,gasoline,230373,,,13200,5,,False
2021,Chevrolet,silverado 1500,rst,8,gasoline,88512,,,41500,5,,False
2018,Chevrolet,silverado 1500,lt,8,gasoline,199442,,,14100,8,,False
2018,Chevrolet,silverado 1500,lt,8,gasoline,84624,,,30800,8,,False
2016,Chevrolet,silverado 1500,lt,8,gasoline,163889,,,16000,10,,False
2023,Chevrolet,silverado 1500,work truck,8,gasoline,19377,,,27750,3,,False
2024,Chevrolet,silverado 1500,work truck,8,gasoline,14014,,,27000,2,,False
2024,Chevrolet,silverado 1500,work truck,8,gasoline,12426,,,28500,2,,False
2024,Chevrolet,silverado 1500,work truck,8,gasoline,23094,,,31250,2,,False
2024,Chevrolet,silverado 1500,zr2,6,diesel,37540,,,59000,2,,False
2015,Chevrolet,silverado 1500,lt,8,gasoline,288264,,,3550,11,,False
2018,Chevrolet,silverado 1500,lt,8,gasoline,155543,,,22100,8,,False
2018,Chevrolet,silverado 1500,lt,8,gasoline,189229,,,14000,8,,False
2017,Chevrolet,silverado 1500,lt,8,gasoline,200790,,,14000,9,,False
2013,Chevrolet,silverado 1500,no mentioned,8,hybrid,90460,,,9000,13,,False
2015,Chevrolet,silverado 1500,lt,8,gasoline,229626,,,11500,11,,False
2023,Chevrolet,silverado 1500,zr2,8,gasoline,48637,,,60000,3,,False
2018,Chevrolet,silverado 1500,no mentioned,8,gasoline,68588,,,21500,8,,False
2025,Chevrolet,silverado 1500,lt,8,gasoline,33956,,,51000,1,,False
2019,Chevrolet,silverado 1500,custom,6,flex,76334,,,28200,7,,False
2023,Chevrolet,silverado 1500,rst,8,gasoline,51368,,,47200,3,,False
2021,Chevrolet,silverado 1500,rst,8,gasoline,277265,,,13000,5,,False
2016,Chevrolet,silverado 1500,ls,6,flex,145844,,,4200,10,,False
2023,Chevrolet,silverado 1500,custom,4,gasoline,25029,,,42750,3,,False
2023,Chevrolet,silverado 1500,custom,4,gasoline,17488,,,43500,3,,False
2024,Chevrolet,silverado 1500,custom,4,gasoline,35913,,,38250,2,,False
2024,Chevrolet,silverado 1500,custom,4,gasoline,17072,,,45800,2,,False
2023,Chevrolet,silverado 1500,custom,4,gasoline,28186,,,35200,3,,False
2023,Chevrolet,silverado 1500,custom,4,gasoline,32102,,,42000,3,,False
2023,Chevrolet,silverado 1500,custom,4,gasoline,17442,,,43900,3,,False
2024,Chevrolet,silverado 1500,lt,4,gasoline,17549,,,43400,2,,False
2023,Chevrolet,silverado 1500,rst,4,gasoline,43466,,,46800,3,,False
2022,Chevrolet,silverado 1500,work truck,4,gasoline,83042,,,20900,4,,False
2019,Chevrolet,silverado 1500,work truck,6,flex,170673,,,10800,7,,False
2019,Chevrolet,silverado 1500,work truck,6,flex,226484,,,8250,7,,False
2023,Chevrolet,silverado 1500,lt,8,gasoline,31077,,,43000,3,,False
2023,Chevrolet,silverado 1500,rst,6,diesel,47472,,,54250,3,,False
2023,Chevrolet,silverado 1500,rst,8,gasoline,17103,,,59500,3,,False
2022,Chevrolet,silverado 1500,rst,8,gasoline,37605,,,51000,4,,False
2024,Chevrolet,silverado 1500,rst,8,gasoline,63464,,,53000,2,,False
2023,Chevrolet,silverado 1500,lt,8,gasoline,101955,,,47500,3,,False
2023,Chevrolet,silverado 1500,lt,8,gasoline,48741,,,54900,3,,False
2025,Chevrolet,silverado 1500,lt,8,gasoline,25015,,,51400,1,,False
2018,Chevrolet,silverado 1500,lt,8,gasoline,125584,,,27500,8,,False
2019,Chevrolet,silverado 1500,custom,8,gasoline,140794,,,26000,7,,False
2021,Chevrolet,silverado 1500,lt,6,diesel,116387,,,35000,5,,False
2021,Chevrolet,silverado 1500,rst,8,gasoline,131751,,,36500,5,,False
2017,Chevrolet,silverado 1500,wt,8,gasoline,154751,,,11250,9,,False
2018,Chevrolet,silverado 1500,ls,8,gasoline,99265,,,24800,8,,False
2023,Chevrolet,silverado 1500,work truck,8,gasoline,32431,,,32800,3,,False
2023,Chevrolet,silverado 1500,custom,4,gasoline,44036,,,36250,3,,False
2023,Chevrolet,silverado 1500,custom,4,gasoline,37310,,,37750,3,,False
2023,Chevrolet,silverado 1500,lt,4,gasoline,57625,,,37800,3,,False
2024,Chevrolet,silverado 1500,work truck,8,gasoline,13417,,,29400,2,,False
2024,Chevrolet,silverado 1500,work truck,8,gasoline,15859,,,30200,2,,False
2024,Chevrolet,silverado 1500,work truck,8,gasoline,13985,,,30800,2,,False
2023,Chevrolet,silverado 1500,work truck,4,gasoline,43660,,,21000,3,,False
2023,Chevrolet,silverado 1500,custom,4,gasoline,55488,,,23000,3,,False
2023,Chevrolet,silverado 1500,custom,4,gasoline,46832,,,37250,3,,False
2023,Chevrolet,silverado 1500,work truck,8,gasoline,34148,,,35200,3,,False
2023,Chevrolet,silverado 1500,custom trail boss,8,gasoline,88760,,,35000,3,,False
2023,Chevrolet,silverado 1500,custom trail boss,8,gasoline,40863,,,39750,3,,False
2023,Chevrolet,silverado 1500,rst,8,gasoline,43032,,,46750,3,,False
2023,Chevrolet,silverado 1500,rst,8,gasoline,33016,,,47000,3,,False
2023,Chevrolet,silverado 1500,rst,8,gasoline,65461,,,46000,3,,False
2023,Chevrolet,silverado 1500,lt trail boss,8,gasoline,63254,,,41500,3,,False
2023,Chevrolet,silverado 1500,lt trail boss,8,gasoline,68381,,,38500,3,,False
2023,Chevrolet,silverado 1500,zr2,8,gasoline,98532,,,46250,3,,False
2023,Chevrolet,silverado 1500,zr2,8,gasoline,92954,,,45000,3,,False
2023,Chevrolet,silverado 1500,zr2,8,gasoline,83201,,,48750,3,,False
2023,Chevrolet,silverado 1500,zr2,8,gasoline,32716,,,56000,3,,False
2017,Chevrolet,silverado 1500,lt,8,gasoline,231641,,,11500,9,,False
2016,Chevrolet,silverado 1500,lt,8,gasoline,217102,,,9300,10,,False
2018,Chevrolet,silverado 1500,lt,8,gasoline,202406,,,16250,8,,False
2017,Chevrolet,silverado 1500,lt,8,gasoline,219153,,,13600,9,,False
2023,Chevrolet,silverado 1500,rst,8,gasoline,87400,,,47200,3,,False
2020,Chevrolet,silverado 1500,lt trail boss,8,gasoline,81153,,,42300,6,,False
2018,Chevrolet,silverado 1500,high country,8,flex,112250,,,26200,8,,False
2018,Chevrolet,silverado 1500,lt,8,gasoline,229399,,,8000,8,,False
2025,Chevrolet,silverado 1500,lt trail boss,6,diesel,17244,,,64700,1,,False
2024,Chevrolet,silverado 1500,rst,8,gasoline,17374,,,57800,2,,False
2023,Chevrolet,silverado 1500,work truck,8,gasoline,63418,,,37500,3,,False
2015,Chevrolet,silverado 1500,lt,6,flex,143000,,,12000,11,,False
2021,Chevrolet,silverado 1500,lt,4,gasoline,146414,,,23000,5,,False
2021,Chevrolet,silverado 1500,lt trail boss,8,gasoline,68438,,,43600,5,,False
2022,Chevrolet,silverado 1500,high country,6,diesel,116829,,,43600,4,,False
2017,Chevrolet,silverado 1500,lt,8,gasoline,160057,,,9500,9,,False
2013,Chevrolet,silverado 1500,lt,8,flex,104612,,,6500,13,,False
2023,Chevrolet,silverado 1500,custom trail boss,8,gasoline,81934,,,31000,3,,False
2018,Chevrolet,silverado 1500,lt,8,gasoline,203756,,,14000,8,,False
2018,Chevrolet,silverado 1500,ls,8,gasoline,87261,,,26300,8,,False
2021,Chevrolet,silverado 1500,lt trail boss,8,gasoline,107698,,,40000,5,,False
2016,Chevrolet,silverado 1500,lt,8,gasoline,191618,,,15000,10,,False
2019,Chevrolet,silverado 1500,work truck,8,gasoline,179472,,,11700,7,,False
2020,Chevrolet,silverado 1500,custom,4,gasoline,189180,,,20000,6,,False
2021,Chevrolet,silverado 1500,lt,8,gasoline,161740,,,16700,5,,False
2025,Chevrolet,silverado 1500,lt,8,gasoline,23238,,,51500,1,,False
2018,Chevrolet,silverado 1500,custom,8,gasoline,174819,,,13500,8,,False
2015,Chevrolet,silverado 1500,lt,8,gasoline,262565,,,7900,11,,False
2014,Chevrolet,silverado 1500,lt,8,flex,137915,,,15800,12,,False
2023,Chevrolet,silverado 1500,work truck,4,gasoline,60277,,,29600,3,,False
2023,Chevrolet,silverado 1500,lt trail boss,8,gasoline,40774,,,38400,3,,False
2017,Chevrolet,silverado 1500,lt,8,gasoline,259241,,,8400,9,,False
2018,Chevrolet,silverado 1500,lt,8,gasoline,191687,,,8300,8,,False
2014,Chevrolet,silverado 1500,high country,8,flex,235775,,,11800,12,,False
2021,Chevrolet,silverado 1500,rst,6,diesel,91221,,,41000,5,,False
2016,Chevrolet,silverado 1500,high country,8,flex,215573,,,15400,10,,False
2016,Chevrolet,silverado 1500,high country,8,gasoline,256910,,,10500,10,,False
2017,Chevrolet,silverado 1500,no mentioned,8,gasoline,267005,,,9500,9,,False
2024,Chevrolet,silverado 1500,rst,6,diesel,61254,,,49400,2,,False
2018,Chevrolet,silverado 1500,lt,8,gasoline,144329,,,23000,8,,False
2018,Chevrolet,silverado 1500,lt,8,gasoline,237066,,,15100,8,,False
2015,Chevrolet,silverado 1500,no mentioned,8,gasoline,216063,,,9000,11,,False
2017,Chevrolet,silverado 1500,work truck,6,flex,222097,,,3600,9,,False
2021,Chevrolet,silverado 1500,custom trail boss,8,gasoline,72558,,,39000,5,,False
2020,Chevrolet,silverado 1500,work truck,6,flex,275773,,,8000,6,,False
2020,Chevrolet,silverado 1500,custom,8,gasoline,164859,,,19100,6,,False
2020,Chevrolet,silverado 1500,custom,8,gasoline,271758,,,17700,6,,False
2021,Chevrolet,silverado 1500,rst,8,gasoline,52408,,,41000,5,,False
2024,Chevrolet,silverado 1500,lt,8,gasoline,29083,,,51000,2,,False
2023,Chevrolet,silverado 1500,rst,6,diesel,66191,,,52750,3,,False
2021,Chevrolet,silverado 1500,rst,8,gasoline,124763,,,35700,5,,False
2024,Chevrolet,silverado 1500,work truck,8,gasoline,14587,,,29500,2,,False
2024,Chevrolet,silverado 1500,work truck,8,gasoline,23258,,,29000,2,,False
2024,Chevrolet,silverado 1500,work truck,8,gasoline,33091,,,28500,2,,False
2024,Chevrolet,silverado 1500,work truck,8,gasoline,18558,,,29600,2,,False
2024,Chevrolet,silverado 1500,work truck,8,gasoline,13172,,,28000,2,,False
2017,Chevrolet,silverado 1500,ls,8,gasoline,190649,,,8600,9,,False
2016,Chevrolet,silverado 1500,lt,8,gasoline,199701,,,15000,10,,False
2017,Chevrolet,silverado 1500,lt,8,gasoline,128924,,,22100,9,,False
2018,Chevrolet,silverado 1500,lt,8,flex,140130,,,27400,8,,False
2018,Chevrolet,silverado 1500,lt,8,flex,180113,,,20700,8,,False
2023,Chevrolet,silverado 1500,zr2,8,gasoline,59774,,,56500,3,,False
2021,Chevrolet,silverado 1500,rst,8,gasoline,166181,,,28000,5,,False
2021,Chevrolet,silverado 1500,rst,6,diesel,137059,,,35000,5,,False
2017,Chevrolet,silverado 1500,lt,8,gasoline,229157,,,12600,9,,False
2018,Chevrolet,silverado 1500,lt,8,gasoline,150200,,,28900,8,,False
2017,Chevrolet,silverado 1500,lt,8,gasoline,122283,,,22200,9,,False
2024,Chevrolet,silverado 1500,rst,8,gasoline,25100,,,57600,2,,False
2015,Chevrolet,silverado 1500,no mentioned,6,flex,198369,,,8500,11,,False
2018,Chevrolet,silverado 1500,work truck,6,flex,290053,,,3000,8,,False
2016,Chevrolet,silverado 1500,work truck,8,gasoline,153922,,,16000,10,,False
2023,Chevrolet,silverado 1500,custom,4,gasoline,28159,,,41250,3,,False
2023,Chevrolet,silverado 1500,custom,4,gasoline,30368,,,41000,3,,False
2023,Chevrolet,silverado 1500,custom,4,gasoline,23962,,,42000,3,,False
2023,Chevrolet,silverado 1500,custom,4,gasoline,56016,,,38000,3,,False
2023,Chevrolet,silverado 1500,custom,4,gasoline,60332,,,37000,3,,False
2023,Chevrolet,silverado 1500,custom,4,gasoline,43579,,,37900,3,,False
2023,Chevrolet,silverado 1500,custom,4,gasoline,26283,,,43250,3,,False
2023,Chevrolet,silverado 1500,custom,4,gasoline,22060,,,40750,3,,False
2023,Chevrolet,silverado 1500,custom,4,gasoline,36406,,,38200,3,,False
2020,Chevrolet,silverado 1500,custom,4,gasoline,92389,,,31000,6,,False
2019,Chevrolet,silverado 1500,custom trail boss,8,gasoline,94758,,,35900,7,,False
2020,Chevrolet,silverado 1500,lt trail boss,8,gasoline,73140,,,45000,6,,False
2020,Chevrolet,silverado 1500,lt trail boss,8,gasoline,234801,,,23000,6,,False
2016,Chevrolet,silverado 1500,ls,6,flex,182986,,,6600,10,,False
2014,Chevrolet,silverado 1500,work truck,6,flex,192729,,,3900,12,,False
2023,Chevrolet,silverado 1500,work truck,8,gasoline,71018,,,32250,3,,False
2012,Chevrolet,silverado 1500,wt,8,flex,222597,,,3000,14,,False
2020,Chevrolet,silverado 1500,work truck,6,flex,234074,,,14000,6,,False
2021,Chevrolet,silverado 1500,custom,4,gasoline,90333,,,27800,5,,False
2019,Chevrolet,silverado 1500,lt,8,gasoline,108136,,,24000,7,,False
2022,Chevrolet,silverado 1500,work truck,8,gasoline,85549,,,30163,4,,False
2023,Chevrolet,silverado 1500,work truck,8,gasoline,47222,,,36200,3,,False
2022,Chevrolet,silverado 1500,lt,8,gasoline,73011,,,36100,4,,False
2023,Chevrolet,silverado 1500,lt,8,gasoline,136062,,,33000,3,,False
2024,Chevrolet,silverado 1500,rst,6,diesel,37789,,,56000,2,,False
2024,Chevrolet,silverado 1500,rst,6,diesel,73763,,,51400,2,,False
2024,Chevrolet,silverado 1500,rst,8,gasoline,65410,,,52500,2,,False
2022,Chevrolet,silverado 1500,rst,8,gasoline,74242,,,45000,4,,False
2022,Chevrolet,silverado 1500,rst,8,gasoline,52498,,,50000,4,,False
2024,Chevrolet,silverado 1500,rst,8,gasoline,18285,,,59600,2,,False
2023,Chevrolet,silverado 1500,high country,8,gasoline,20340,,,65000,3,,False
2021,Chevrolet,silverado 1500,work truck,8,gasoline,64096,,,32200,5,,False
2019,Chevrolet,silverado 1500,lt,8,gasoline,149308,,,25750,7,,False
2020,Chevrolet,silverado 1500,rst,8,gasoline,160748,,,31500,6,,False
2021,Chevrolet,silverado 1500,rst,8,gasoline,60032,,,44500,5,,False
2020,Chevrolet,silverado 1500,rst,6,diesel,243881,,,21000,6,,False
2019,Chevrolet,silverado 1500,lt,8,gasoline,156257,,,33000,7,,False
2018,Chevrolet,silverado 1500,ls,8,gasoline,177989,,,12000,8,,False
2023,Chevrolet,silverado 1500,rst,8,gasoline,93334,,,42000,3,,False
2023,Chevrolet,silverado 1500,rst,8,gasoline,56509,,,45250,3,,False
2023,Chevrolet,silverado 1500,rst,8,gasoline,48018,,,45250,3,,False
2023,Chevrolet,silverado 1500,high country,8,gasoline,35724,,,53500,3,,False
2023,Chevrolet,silverado 1500,high country,8,gasoline,38379,,,55250,3,,False
2023,Chevrolet,silverado 1500,high country,8,gasoline,27274,,,54000,3,,False
2023,Chevrolet,silverado 1500,lt,4,gasoline,24780,,,38750,3,,False
2024,Chevrolet,silverado 1500,work truck,8,gasoline,13392,,,28800,2,,False
2019,Chevrolet,silverado 1500,work truck,6,flex,109777,,,13000,7,,False
2023,Chevrolet,silverado 1500,work truck,4,gasoline,11583,,,38800,3,,False
2023,Chevrolet,silverado 1500,custom,4,gasoline,96183,,,24000,3,,False
2023,Chevrolet,silverado 1500,custom,4,gasoline,54348,,,34600,3,,False
2021,Chevrolet,silverado 1500,lt trail boss,8,gasoline,37041,,,42000,5,,False
2023,Chevrolet,silverado 1500,work truck,8,gasoline,41357,,,30500,3,,False
2023,Chevrolet,silverado 1500,custom trail boss,8,gasoline,21813,,,43000,3,,False
2024,Chevrolet,silverado 1500,custom trail boss,8,gasoline,38426,,,42000,2,,False
2023,Chevrolet,silverado 1500,custom trail boss,8,gasoline,22475,,,44000,3,,False
2024,Chevrolet,silverado 1500,custom trail boss,8,gasoline,41478,,,42000,2,,False
2024,Chevrolet,silverado 1500,custom trail boss,8,gasoline,21336,,,45800,2,,False
2023,Chevrolet,silverado 1500,rst,8,gasoline,52155,,,44250,3,,False
2022,Chevrolet,silverado 1500,rst,8,gasoline,51257,,,43500,4,,False
2024,Chevrolet,silverado 1500,rst,8,gasoline,25189,,,57000,2,,False
2023,Chevrolet,silverado 1500,lt trail boss,8,gasoline,80917,,,41750,3,,False
2023,Chevrolet,silverado 1500,lt trail boss,8,gasoline,23389,,,52500,3,,False
2024,Chevrolet,silverado 1500,lt trail boss,8,gasoline,21699,,,54250,2,,False
2022,Chevrolet,silverado 1500,lt trail boss,8,gasoline,43878,,,44250,4,,False
2022,Chevrolet,silverado 1500,lt trail boss,6,diesel,49524,,,51000,4,,False
2024,Chevrolet,silverado 1500,zr2,8,gasoline,48078,,,57000,2,,False
2023,Chevrolet,silverado 1500,zr2,8,gasoline,37408,,,55750,3,,False
2023,Chevrolet,silverado 1500,zr2,8,gasoline,24556,,,56750,3,,False
2023,Chevrolet,silverado 1500,high country,8,gasoline,54614,,,52500,3,,False
2018,Chevrolet,silverado 1500,ls,8,gasoline,142262,,,20500,8,,False
2017,Chevrolet,silverado 1500,lt,8,gasoline,164646,,,8500,9,,False
2018,Chevrolet,silverado 1500,lt,8,gasoline,163524,,,15400,8,,False
2013,Chevrolet,silverado 1500,lt,8,flex,171222,,,3800,13,,False
2024,Chevrolet,silverado 1500,rst,6,diesel,69297,,,53600,2,,False
2020,Chevrolet,silverado 1500,custom,8,gasoline,177216,,,21000,6,,False
2024,Chevrolet,silverado 1500,rst,8,gasoline,38121,,,53400,2,,False
2024,Chevrolet,silverado 1500,rst,6,diesel,52881,,,53300,2,,False
2024,Chevrolet,silverado 1500,zr2,8,gasoline,38751,,,61000,2,,False
2018,Chevrolet,silverado 1500,lt,8,gasoline,166969,,,13000,8,,False
2018,Chevrolet,silverado 1500,custom,8,gasoline,187891,,,15000,8,,False
2022,Chevrolet,silverado 1500,custom,4,gasoline,68535,,,33400,4,,False
2021,Chevrolet,silverado 1500,lt,8,gasoline,99842,,,42200,5,,False
2023,Chevrolet,silverado 1500,work truck,8,gasoline,18044,,,42400,3,,False
2023,Chevrolet,silverado 1500,work truck,8,gasoline,34800,,,39500,3,,False
2024,Chevrolet,silverado 1500,work truck,8,gasoline,20733,,,31200,2,,False
2021,Chevrolet,silverado 1500,work truck,6,flex,104097,,,16000,5,,False
2023,Chevrolet,silverado 1500,custom,4,gasoline,23218,,,39000,3,,False
2025,Chevrolet,silverado 1500,custom,4,gasoline,21543,,,46900,1,,False
2018,Chevrolet,silverado 1500,custom,8,gasoline,90258,,,24200,8,,False
2017,Chevrolet,silverado 1500,lt,8,gasoline,160713,,,12500,9,,False
2015,Chevrolet,silverado 1500,lt,8,gasoline,197489,,,7000,11,,False
2010,Chevrolet,silverado 1500,lt,8,flex,255133,,,4500,16,,False
2024,Chevrolet,silverado 1500,custom,4,gasoline,44011,,,42100,2,,False
2013,Chevrolet,silverado 1500,lt,8,flex,186468,,,6300,13,,False
2024,Chevrolet,silverado 1500,lt,8,gasoline,16534,,,61000,2,,False
2024,Chevrolet,silverado 1500,rst,8,gasoline,29202,,,61000,2,,False
2015,Chevrolet,silverado 1500,lt,8,gasoline,225288,,,10100,11,,False
2014,Chevrolet,silverado 1500,lt,8,flex,249057,,,5300,12,,False
2021,Chevrolet,silverado 1500,work truck,4,gasoline,124389,,,26000,5,,False
2019,Chevrolet,silverado 1500,lt trail boss,8,gasoline,236077,,,14000,7,,False
2016,Chevrolet,silverado 1500,lt,8,gasoline,243018,,,5100,10,,False
2020,Chevrolet,silverado 1500,rst,6,diesel,35900,,,48600,6,,False
2023,Chevrolet,silverado 1500,high country,8,gasoline,43495,,,60100,3,,False
2018,Chevrolet,silverado 1500,custom,8,gasoline,300259,,,8200,8,,False
2019,Chevrolet,silverado 1500,custom trail boss,8,gasoline,148767,,,13000,7,,False
2019,Chevrolet,silverado 1500,custom trail boss,8,gasoline,237068,,,19000,7,,False
2021,Chevrolet,silverado 1500,rst,6,diesel,215443,,,13000,5,,False
2021,Chevrolet,silverado 1500,rst,8,gasoline,87500,,,40000,5,,False
2017,Chevrolet,silverado 1500,lt,8,hybrid,180040,,,14100,9,,False
2018,Chevrolet,silverado 1500,lt,8,gasoline,211366,,,12500,8,,False
2018,Chevrolet,silverado 1500,lt,8,gasoline,99419,,,18500,8,,False
2022,Chevrolet,silverado 1500,custom,4,gasoline,43676,,,30000,4,,False
2018,Chevrolet,silverado 1500,lt,8,flex,203885,,,16000,8,,False
2022,Chevrolet,silverado 1500,custom trail boss,8,gasoline,198819,,,24000,4,,False
2018,Chevrolet,silverado 1500,ls,8,gasoline,185888,,,8800,8,,False
2023,Chevrolet,silverado 1500,custom,4,gasoline,41067,,,40000,3,,False
2019,Chevrolet,silverado 1500,lt,8,gasoline,238104,,,5000,7,,False
2021,Chevrolet,silverado 1500,lt,8,gasoline,160067,,,26500,5,,False
2021,Chevrolet,silverado 1500,high country,8,gasoline,67633,,,52600,5,,False
2023,Chevrolet,silverado 1500,custom trail boss,4,gasoline,23912,,,36000,3,,False
2015,Chevrolet,silverado 1500,lt,8,gasoline,227129,,,12250,11,,False
2017,Chevrolet,silverado 1500,high country,8,gasoline,178414,,,20500,9,,False
2020,Chevrolet,silverado 1500,rst,8,gasoline,82813,,,39200,6,,False
2023,Chevrolet,silverado 1500,custom,4,gasoline,66273,,,36000,3,,False
2020,Chevrolet,silverado 1500,lt trail boss,8,gasoline,88502,,,42800,6,,False
2016,Chevrolet,silverado 1500,lt,6,flex,270049,,,4100,10,,False
2018,Chevrolet,silverado 1500,work truck,8,gasoline,313781,,,3250,8,,False
2022,Chevrolet,silverado 1500,custom,4,gasoline,97653,,,31500,4,,False
2016,Chevrolet,silverado 1500,lt,6,flex,270049,,,3000,10,,False
2016,Chevrolet,silverado 1500,lt,6,flex,225395,,,3500,10,,False
2022,Chevrolet,silverado 1500,custom,4,gasoline,59149,,,33500,4,,False
2020,Chevrolet,silverado 1500,custom trail boss,6,flex,151691,,,24500,6,,False
2019,Chevrolet,silverado 1500,lt,8,gasoline,85783,,,31500,7,,False
2021,Chevrolet,silverado 1500,lt,8,gasoline,196577,,,13500,5,,False
2024,Chevrolet,silverado 1500,work truck,8,gasoline,23510,,,43000,2,,False
2024,Chevrolet,silverado 1500,lt,8,gasoline,14470,,,53400,2,,False
2024,Chevrolet,silverado 1500,rst,6,diesel,68981,,,53750,2,,False
2024,Chevrolet,silverado 1500,high country,6,diesel,81151,,,60500,2,,False
2021,Chevrolet,silverado 1500,rst,8,gasoline,88383,,,37000,5,,False
2021,Chevrolet,silverado 1500,rst,8,gasoline,125320,,,37000,5,,False
2019,Chevrolet,silverado 1500,rst,8,gasoline,91778,,,36400,7,,False
2018,Chevrolet,silverado 1500,ls,8,gasoline,208540,,,11800,8,,False
2016,Chevrolet,silverado 1500,lt,8,flex,148243,,,24500,10,,False
2024,Chevrolet,silverado 1500,work truck,8,gasoline,20558,,,30000,2,,False
2024,Chevrolet,silverado 1500,work truck,8,gasoline,23696,,,30750,2,,False
2024,Chevrolet,silverado 1500,work truck,8,gasoline,12749,,,30500,2,,False
2023,Chevrolet,silverado 1500,work truck,8,gasoline,26110,,,29250,3,,False
2024,Chevrolet,silverado 1500,work truck,8,gasoline,21263,,,31000,2,,False
2024,Chevrolet,silverado 1500,work truck,8,gasoline,23311,,,32000,2,,False
2024,Chevrolet,silverado 1500,work truck,8,gasoline,36534,,,26750,2,,False
2024,Chevrolet,silverado 1500,rst,8,gasoline,26872,,,51500,2,,False
2023,Chevrolet,silverado 1500,rst,8,gasoline,87848,,,43000,3,,False
2014,Chevrolet,silverado 1500,lt,8,flex,126334,,,14200,12,,False
2017,Chevrolet,silverado 1500,lt,8,gasoline,183824,,,11500,9,,False
2018,Chevrolet,silverado 1500,lt,8,gasoline,162731,,,17800,8,,False
2018,Chevrolet,silverado 1500,lt,8,gasoline,219001,,,7000,8,,False
2018,Chevrolet,silverado 1500,lt,8,flex,137933,,,25800,8,,False
2022,Chevrolet,silverado 1500,lt trail boss,6,diesel,67245,,,50500,4,,False
2022,Chevrolet,silverado 1500,lt trail boss,8,gasoline,122407,,,35900,4,,False
2022,Chevrolet,silverado 1500,custom trail boss,8,gasoline,63201,,,39800,4,,False
2023,Chevrolet,silverado 1500,work truck,4,gasoline,30374,,,34000,3,,False
2023,Chevrolet,silverado 1500,work truck,4,gasoline,74415,,,29500,3,,False
2023,Chevrolet,silverado 1500,custom,4,gasoline,32837,,,42200,3,,False
2023,Chevrolet,silverado 1500,custom,4,gasoline,25411,,,41000,3,,False
2023,Chevrolet,silverado 1500,custom,4,gasoline,30523,,,42000,3,,False
2022,Chevrolet,silverado 1500,custom,4,gasoline,28954,,,41100,4,,False
2023,Chevrolet,silverado 1500,custom,4,gasoline,13722,,,43750,3,,False
2023,Chevrolet,silverado 1500,custom,4,gasoline,34650,,,42800,3,,False
2023,Chevrolet,silverado 1500,custom,4,gasoline,26983,,,42400,3,,False
2023,Chevrolet,silverado 1500,custom,4,gasoline,23959,,,41500,3,,False
2023,Chevrolet,silverado 1500,custom,4,gasoline,24782,,,42500,3,,False
2023,Chevrolet,silverado 1500,custom,4,gasoline,37198,,,42000,3,,False
2023,Chevrolet,silverado 1500,custom,4,gasoline,35060,,,43200,3,,False
2023,Chevrolet,silverado 1500,custom,4,gasoline,47099,,,40600,3,,False
2024,Chevrolet,silverado 1500,custom,4,gasoline,20802,,,44500,2,,False
2023,Chevrolet,silverado 1500,custom,4,gasoline,36540,,,42000,3,,False
2023,Chevrolet,silverado 1500,custom,4,gasoline,40006,,,38200,3,,False
2021,Chevrolet,silverado 1500,lt trail boss,8,gasoline,145581,,,36000,5,,False
2024,Chevrolet,silverado 1500,custom,4,gasoline,54948,,,38750,2,,False
2024,Chevrolet,silverado 1500,custom,4,gasoline,26120,,,42200,2,,False
2019,Chevrolet,silverado 1500,work truck,6,flex,128987,,,14500,7,,False
2021,Chevrolet,silverado 1500,work truck,6,flex,197422,,,15300,5,,False
2020,Chevrolet,silverado 1500,work truck,6,flex,281167,,,11200,6,,False
2020,Chevrolet,silverado 1500,custom,6,flex,54756,,,34800,6,,False
2019,Chevrolet,silverado 1500,lt,8,gasoline,108196,,,35700,7,,False
2024,Chevrolet,silverado 1500,work truck,8,gasoline,19476,,,42250,2,,False
2023,Chevrolet,silverado 1500,work truck,8,gasoline,41188,,,34600,3,,False
2024,Chevrolet,silverado 1500,rst,6,diesel,51808,,,55500,2,,False
2023,Chevrolet,silverado 1500,rst,6,diesel,47468,,,54250,3,,False
2024,Chevrolet,silverado 1500,rst,6,diesel,71490,,,51000,2,,False
2024,Chevrolet,silverado 1500,rst,6,diesel,62053,,,56000,2,,False
2023,Chevrolet,silverado 1500,rst,8,gasoline,55555,,,50750,3,,False
2023,Chevrolet,silverado 1500,rst,8,gasoline,31259,,,51600,3,,False
2024,Chevrolet,silverado 1500,rst,8,gasoline,35526,,,55000,2,,False
2023,Chevrolet,silverado 1500,rst,8,gasoline,69485,,,50500,3,,False
2023,Chevrolet,silverado 1500,rst,8,gasoline,45601,,,54750,3,,False
2021,Chevrolet,silverado 1500,custom,8,gasoline,115038,,,33500,5,,False
2021,Chevrolet,silverado 1500,lt,8,gasoline,108740,,,33250,5,,False
2021,Chevrolet,silverado 1500,rst,8,gasoline,26355,,,49200,5,,False
2021,Chevrolet,silverado 1500,rst,8,gasoline,197654,,,28000,5,,False
2020,Chevrolet,silverado 1500,lt,6,diesel,101139,,,38400,6,,False
2015,Chevrolet,silverado 1500,ls,8,gasoline,264215,,,3100,11,,False
2017,Chevrolet,silverado 1500,lt,8,gasoline,180516,,,17900,9,,False
2023,Chevrolet,silverado 1500,lt,8,gasoline,23887,,,46000,3,,False
2023,Chevrolet,silverado 1500,rst,8,gasoline,28820,,,46500,3,,False
2023,Chevrolet,silverado 1500,rst,8,gasoline,50400,,,42500,3,,False
2023,Chevrolet,silverado 1500,rst,8,gasoline,44937,,,47000,3,,False
2023,Chevrolet,silverado 1500,rst,8,gasoline,38356,,,43000,3,,False
2023,Chevrolet,silverado 1500,rst,8,gasoline,79899,,,41500,3,,False
2023,Chevrolet,silverado 1500,rst,8,gasoline,35917,,,44500,3,,False
2023,Chevrolet,silverado 1500,rst,8,gasoline,87701,,,36750,3,,False
2023,Chevrolet,silverado 1500,high country,8,gasoline,54124,,,53250,3,,False
2023,Chevrolet,silverado 1500,custom trail boss,4,gasoline,63110,,,35250,3,,False
2022,Chevrolet,silverado 1500,custom trail boss,4,gasoline,132604,,,31250,4,,False
2022,Chevrolet,silverado 1500,custom trail boss,4,gasoline,142065,,,26500,4,,False
2023,Chevrolet,silverado 1500,custom trail boss,4,gasoline,54764,,,38500,3,,False
2022,Chevrolet,silverado 1500,lt trail boss,4,gasoline,58298,,,39250,4,,False
2024,Chevrolet,silverado 1500,work truck,8,gasoline,13882,,,30500,2,,False
2024,Chevrolet,silverado 1500,work truck,8,gasoline,15695,,,30000,2,,False
2024,Chevrolet,silverado 1500,work truck,8,gasoline,19175,,,29900,2,,False
2024,Chevrolet,silverado 1500,work truck,8,gasoline,12848,,,28600,2,,False
2022,Chevrolet,silverado 1500,work truck,4,gasoline,72979,,,19000,4,,False
2019,Chevrolet,silverado 1500,work truck,6,flex,286316,,,5250,7,,False
2023,Chevrolet,silverado 1500,work truck,4,gasoline,53283,,,30000,3,,False
2023,Chevrolet,silverado 1500,custom,4,gasoline,53713,,,35250,3,,False
2023,Chevrolet,silverado 1500,custom,4,gasoline,36101,,,40200,3,,False
2023,Chevrolet,silverado 1500,custom,4,gasoline,59425,,,32250,3,,False
2023,Chevrolet,silverado 1500,custom,4,gasoline,36690,,,39200,3,,False
2023,Chevrolet,silverado 1500,custom,4,gasoline,29390,,,38000,3,,False
2024,Chevrolet,silverado 1500,custom,4,gasoline,42167,,,38250,2,,False
2024,Chevrolet,silverado 1500,custom,4,gasoline,22278,,,43200,2,,False
2024,Chevrolet,silverado 1500,custom,4,gasoline,44525,,,40600,2,,False
2024,Chevrolet,silverado 1500,custom trail boss,6,diesel,42773,,,45750,2,,False
2023,Chevrolet,silverado 1500,custom trail boss,8,gasoline,36794,,,45600,3,,False
2024,Chevrolet,silverado 1500,custom trail boss,8,gasoline,28050,,,45000,2,,False
2023,Chevrolet,silverado 1500,custom trail boss,8,gasoline,53827,,,41750,3,,False
2024,Chevrolet,silverado 1500,custom trail boss,8,gasoline,30909,,,45500,2,,False
2023,Chevrolet,silverado 1500,rst,8,gasoline,53651,,,45800,3,,False
2023,Chevrolet,silverado 1500,lt trail boss,8,gasoline,29742,,,49500,3,,False
2023,Chevrolet,silverado 1500,lt trail boss,8,gasoline,37802,,,50250,3,,False
2022,Chevrolet,silverado 1500,lt trail boss,8,gasoline,23329,,,48750,4,,False
2024,Chevrolet,silverado 1500,zr2,6,diesel,21979,,,64750,2,,False
2023,Chevrolet,silverado 1500,zr2,8,gasoline,39839,,,53500,3,,False
2017,Chevrolet,silverado 1500,ls,8,gasoline,187548,,,17500,9,,False
2017,Chevrolet,silverado 1500,lt,8,gasoline,72554,,,20000,9,,False
2018,Chevrolet,silverado 1500,lt,8,gasoline,102874,,,26500,8,,False
2016,Chevrolet,silverado 1500,lt,8,gasoline,177695,,,19750,10,,False
2016,Chevrolet,silverado 1500,lt,8,gasoline,159817,,,16400,10,,False
2018,Chevrolet,silverado 1500,lt,8,flex,33737,,,37200,8,,False
2021,Chevrolet,silverado 1500,high country,8,gasoline,89891,,,41250,5,,False
2022,Chevrolet,silverado 1500,lt trail boss,8,gasoline,100270,,,43000,4,,False
2019,Chevrolet,silverado 1500,lt,8,gasoline,156116,,,30500,7,,False
2024,Chevrolet,silverado 1500,rst,8,gasoline,41827,,,54000,2,,False
2018,Chevrolet,silverado 1500,no mentioned,6,flex,75893,,,15500,8,,False
2015,Chevrolet,silverado 1500,lt,8,gasoline,202482,,,12500,11,,False
2024,Chevrolet,silverado 1500,rst,8,gasoline,12397,,,57000,2,,False
2018,Chevrolet,silverado 1500,work truck,8,gasoline,170071,,,12000,8,,False
2021,Chevrolet,silverado 1500,lt trail boss,8,gasoline,94510,,,38500,5,,False
2013,Chevrolet,silverado 1500,wt,8,flex,139079,,,4500,13,,False
2019,Chevrolet,silverado 1500,lt,8,gasoline,133332,,,31800,7,,False
2019,Chevrolet,silverado 1500,rst,8,gasoline,122782,,,32800,7,,False
2020,Chevrolet,silverado 1500,high country,8,gasoline,66398,,,49750,6,,False
2015,Chevrolet,silverado 1500,work truck,8,gasoline,162154,,,8000,11,,False
2014,Chevrolet,silverado 1500,lt,8,flex,87333,,,10000,12,,False
2023,Chevrolet,silverado 1500,work truck,8,gasoline,152821,,,26000,3,,False
2020,Chevrolet,silverado 1500,work truck,6,flex,263776,,,8600,6,,False
2022,Chevrolet,silverado 1500,lt,8,gasoline,81959,,,32100,4,,False
2022,Chevrolet,silverado 1500,lt,8,gasoline,103028,,,31400,4,,False
2023,Chevrolet,silverado 1500,lt trail boss,8,gasoline,119344,,,36750,3,,False
2015,Chevrolet,silverado 1500,work truck,6,flex,172846,,,4500,11,,False
2018,Chevrolet,silverado 1500,lt,8,hybrid,202410,,,13600,8,,False
2020,Chevrolet,silverado 1500,custom,4,gasoline,153126,,,24900,6,,False
2022,Chevrolet,silverado 1500,rst,8,gasoline,84223,,,49500,4,,False
2024,Chevrolet,silverado 1500,lt,8,gasoline,19175,,,50100,2,,False
2018,Chevrolet,silverado 1500,high country,8,gasoline,292038,,,9200,8,,False
2025,Chevrolet,silverado 1500,rst,8,gasoline,15300,,,60300,1,,False
2014,Chevrolet,silverado 1500,high country,8,flex,218267,,,12500,12,,False
2010,Chevrolet,silverado 1500,lt,8,flex,208855,,,9000,16,,False
2018,Chevrolet,silverado 1500,lt,8,gasoline,83842,,,24900,8,,False
2022,Chevrolet,silverado 1500,rst,6,diesel,54155,,,54300,4,,False
2023,Chevrolet,silverado 1500,rst,8,gasoline,53610,,,47900,3,,False
2019,Chevrolet,silverado 1500,lt,8,gasoline,310963,,,3200,7,,False
2013,Chevrolet,silverado 1500,lt,8,flex,324626,,,6200,13,,False
2021,Chevrolet,silverado 1500,lt trail boss,8,gasoline,153695,,,22000,5,,False
2015,Chevrolet,silverado 1500,lt,8,gasoline,167666,,,13000,11,,False
2017,Chevrolet,silverado 1500,lt,8,gasoline,94082,,,30200,9,,False
2014,Chevrolet,silverado 1500,high country,8,flex,248878,,,7100,12,,False
2015,Chevrolet,silverado 1500,lt,8,gasoline,176148,,,17900,11,,False
2020,Chevrolet,silverado 1500,custom,4,gasoline,120699,,,26400,6,,False
2019,Chevrolet,silverado 1500,custom trail boss,8,gasoline,55557,,,32100,7,,False
2014,Chevrolet,silverado 1500,lt,6,flex,144151,,,9000,12,,False
2014,Chevrolet,silverado 1500,work truck,6,flex,128807,,,4200,12,,False
2020,Chevrolet,silverado 1500,work truck,6,flex,182964,,,11600,6,,False
2020,Chevrolet,silverado 1500,rst,8,gasoline,196944,,,16500,6,,False
2020,Chevrolet,silverado 1500,high country,6,diesel,87943,,,44100,6,,False
2015,Chevrolet,silverado 1500,work truck,6,flex,255131,,,7700,11,,False
2017,Chevrolet,silverado 1500,lt,8,gasoline,179988,,,16500,9,,False
2013,Chevrolet,silverado 1500,lt,8,flex,182582,,,4000,13,,False
2018,Chevrolet,silverado 1500,lt,8,gasoline,159873,,,20800,8,,False
2024,Chevrolet,silverado 1500,lt,8,gasoline,53034,,,56000,2,,False
2021,Chevrolet,silverado 1500,custom trail boss,8,gasoline,92680,,,38900,5,,False
2021,Chevrolet,silverado 1500,custom,4,gasoline,168608,,,22800,5,,False
2017,Chevrolet,silverado 1500,lt,8,gasoline,264191,,,8400,9,,False
2022,Chevrolet,silverado 1500,rst,6,diesel,137008,,,41200,4,,False
2022,Chevrolet,silverado 1500,custom,4,gasoline,87492,,,31600,4,,False
2023,Chevrolet,silverado 1500,lt,4,gasoline,42101,,,40600,3,,False
2022,Chevrolet,silverado 1500,custom,4,gasoline,198758,,,23400,4,,False
2022,Chevrolet,silverado 1500,lt,4,gasoline,23826,,,39000,4,,False
2021,Chevrolet,silverado 1500,lt trail boss,8,gasoline,168084,,,30900,5,,False
2017,Chevrolet,silverado 1500,ls,8,gasoline,230010,,,4000,9,,False
2020,Chevrolet,silverado 1500,lt,8,gasoline,172255,,,16000,6,,False
2019,Chevrolet,silverado 1500,lt,8,gasoline,188375,,,12600,7,,False
2021,Chevrolet,silverado 1500,lt,8,gasoline,107709,,,23250,5,,False
2024,Chevrolet,silverado 1500,work truck,8,gasoline,26685,,,44000,2,,False
2024,Chevrolet,silverado 1500,work truck,8,gasoline,29568,,,44250,2,,False
2023,Chevrolet,silverado 1500,high country,8,gasoline,35648,,,64600,3,,False
2025,Chevrolet,silverado 1500,rst,8,gasoline,26922,,,65000,1,,False
2019,Chevrolet,silverado 1500,lt,8,gasoline,111534,,,32000,7,,False
2020,Chevrolet,silverado 1500,lt,8,gasoline,300887,,,8500,6,,False
2021,Chevrolet,silverado 1500,lt,6,diesel,116350,,,32500,5,,False
2021,Chevrolet,silverado 1500,rst,8,gasoline,236678,,,18000,5,,False
2021,Chevrolet,silverado 1500,rst,8,gasoline,135439,,,33250,5,,False
2021,Chevrolet,silverado 1500,high country,8,gasoline,95201,,,47100,5,,False
2018,Chevrolet,silverado 1500,custom,8,gasoline,68508,,,26900,8,,False
2022,Chevrolet,silverado 1500,lt,4,gasoline,78636,,,37500,4,,False
2023,Chevrolet,silverado 1500,work truck,8,gasoline,35457,,,26500,3,,False
2023,Chevrolet,silverado 1500,work truck,8,gasoline,30417,,,28000,3,,False
2023,Chevrolet,silverado 1500,work truck,8,gasoline,31241,,,27500,3,,False
2024,Chevrolet,silverado 1500,work truck,8,gasoline,24271,,,31500,2,,False
2013,Chevrolet,silverado 1500,lt,8,flex,275645,,,6000,13,,False
2013,Chevrolet,silverado 1500,lt,8,flex,224397,,,7000,13,,False
2024,Chevrolet,silverado 1500,work truck,8,gasoline,18933,,,42000,2,,False
2022,Chevrolet,silverado 1500,rst,6,diesel,46652,,,47250,4,,False
2022,Chevrolet,silverado 1500,lt trail boss,8,gasoline,71443,,,45200,4,,False
2015,Chevrolet,silverado 1500,work truck,8,gasoline,84469,,,15500,11,,False
2018,Chevrolet,silverado 1500,lt,8,gasoline,198385,,,19250,8,,False
2018,Chevrolet,silverado 1500,lt,8,gasoline,150105,,,21300,8,,False
2018,Chevrolet,silverado 1500,lt,8,flex,101982,,,31600,8,,False
2019,Chevrolet,silverado 1500,custom trail boss,8,gasoline,175058,,,27000,7,,False
2020,Chevrolet,silverado 1500,rst,8,gasoline,207389,,,19000,6,,False
2024,Chevrolet,silverado 1500,rst,6,diesel,23949,,,53000,2,,False
2020,Chevrolet,silverado 1500,custom,8,gasoline,149000,,,24900,6,,False
2019,Chevrolet,silverado 1500,custom,8,gasoline,130355,,,21500,7,,False
2023,Chevrolet,silverado 1500,custom,4,gasoline,32823,,,41200,3,,False
2023,Chevrolet,silverado 1500,custom,4,gasoline,38873,,,40000,3,,False
2023,Chevrolet,silverado 1500,custom,4,gasoline,36441,,,40500,3,,False
2024,Chevrolet,silverado 1500,custom,4,gasoline,29319,,,46000,2,,False
2023,Chevrolet,silverado 1500,custom,4,gasoline,28182,,,39800,3,,False
2023,Chevrolet,silverado 1500,custom,4,gasoline,30914,,,42500,3,,False
2023,Chevrolet,silverado 1500,custom,4,gasoline,31497,,,44600,3,,False
2024,Chevrolet,silverado 1500,custom,4,gasoline,29964,,,43250,2,,False
2023,Chevrolet,silverado 1500,custom,4,gasoline,46352,,,40000,3,,False
2023,Chevrolet,silverado 1500,custom,4,gasoline,36534,,,41750,3,,False
2023,Chevrolet,silverado 1500,custom,4,gasoline,32409,,,42100,3,,False
2023,Chevrolet,silverado 1500,custom,4,gasoline,18008,,,44800,3,,False
2023,Chevrolet,silverado 1500,custom,4,gasoline,28892,,,42000,3,,False
2023,Chevrolet,silverado 1500,custom,4,gasoline,35653,,,41600,3,,False
2020,Chevrolet,silverado 1500,custom trail boss,8,gasoline,78250,,,32500,6,,False
2019,Chevrolet,silverado 1500,lt trail boss,8,gasoline,134211,,,32750,7,,False
2018,Chevrolet,silverado 1500,lt,6,flex,184607,,,8000,8,,False
2020,Chevrolet,silverado 1500,work truck,6,flex,201277,,,13100,6,,False
2020,Chevrolet,silverado 1500,custom trail boss,8,gasoline,120518,,,31250,6,,False
2023,Chevrolet,silverado 1500,work truck,8,gasoline,26078,,,40600,3,,False
2022,Chevrolet,silverado 1500,work truck,8,gasoline,118912,,,25500,4,,False
2022,Chevrolet,silverado 1500,work truck,8,gasoline,92105,,,23750,4,,False
2024,Chevrolet,silverado 1500,lt,8,gasoline,60105,,,43500,2,,False
2024,Chevrolet,silverado 1500,rst,6,diesel,71484,,,52000,2,,False
2024,Chevrolet,silverado 1500,rst,6,diesel,51784,,,55750,2,,False
2024,Chevrolet,silverado 1500,rst,6,diesel,39964,,,58200,2,,False
2022,Chevrolet,silverado 1500,rst,8,gasoline,65859,,,49000,4,,False
2025,Chevrolet,silverado 1500,rst,6,diesel,12149,,,64500,1,,False
2020,Chevrolet,silverado 1500,custom,8,gasoline,107550,,,30750,6,,False
2019,Chevrolet,silverado 1500,lt,8,gasoline,333042,,,12000,7,,False
2021,Chevrolet,silverado 1500,rst,8,gasoline,81398,,,44750,5,,False
2019,Chevrolet,silverado 1500,rst,8,gasoline,169217,,,27750,7,,False
2017,Chevrolet,silverado 1500,lt,8,gasoline,131661,,,23700,9,,False
2016,Chevrolet,silverado 1500,lt,8,gasoline,177557,,,17000,10,,False
2017,Chevrolet,silverado 1500,lt,8,gasoline,80999,,,23400,9,,False
2016,Chevrolet,silverado 1500,lt,6,flex,336830,,,3200,10,,False
2023,Chevrolet,silverado 1500,rst,8,gasoline,57033,,,41500,3,,False
2023,Chevrolet,silverado 1500,rst,8,gasoline,41879,,,46500,3,,False
2023,Chevrolet,silverado 1500,custom,4,gasoline,20209,,,40400,3,,False
2024,Chevrolet,silverado 1500,work truck,8,gasoline,13484,,,29000,2,,False
2024,Chevrolet,silverado 1500,work truck,8,gasoline,14469,,,29800,2,,False
2024,Chevrolet,silverado 1500,work truck,8,gasoline,13826,,,28500,2,,False
2024,Chevrolet,silverado 1500,work truck,8,gasoline,14828,,,30400,2,,False
2024,Chevrolet,silverado 1500,work truck,8,gasoline,17373,,,31000,2,,False
2024,Chevrolet,silverado 1500,work truck,8,gasoline,12324,,,29600,2,,False
2024,Chevrolet,silverado 1500,work truck,8,gasoline,18067,,,31000,2,,False
2024,Chevrolet,silverado 1500,work truck,8,gasoline,13890,,,30200,2,,False
2024,Chevrolet,silverado 1500,work truck,8,gasoline,14285,,,30600,2,,False
2023,Chevrolet,silverado 1500,custom,4,gasoline,51829,,,35600,3,,False
2021,Chevrolet,silverado 1500,lt trail boss,8,gasoline,92869,,,37500,5,,False
2023,Chevrolet,silverado 1500,custom trail boss,8,gasoline,49760,,,45500,3,,False
2023,Chevrolet,silverado 1500,custom trail boss,8,gasoline,45631,,,43500,3,,False
2023,Chevrolet,silverado 1500,rst,8,gasoline,31523,,,45600,3,,False
2023,Chevrolet,silverado 1500,rst,8,gasoline,22080,,,50250,3,,False
2023,Chevrolet,silverado 1500,lt trail boss,6,diesel,64304,,,47000,3,,False
2023,Chevrolet,silverado 1500,lt trail boss,8,gasoline,105585,,,34250,3,,False
2022,Chevrolet,silverado 1500,zr2,8,gasoline,65338,,,52000,4,,False
2025,Chevrolet,silverado 1500,lt trail boss,6,diesel,12261,,,62000,1,,False
2014,Chevrolet,silverado 1500,lt,6,flex,79823,,,13300,12,,False
2018,Chevrolet,silverado 1500,lt,8,gasoline,194873,,,17500,8,,False
2021,Chevrolet,silverado 1500,high country,6,diesel,160618,,,39500,5,,False
2017,Chevrolet,silverado 1500,lt,8,gasoline,155587,,,18700,9,,False
2017,Chevrolet,silverado 1500,lt,8,gasoline,200719,,,11200,9,,False
2023,Chevrolet,silverado 1500,rst,8,gasoline,66200,,,50300,3,,False
2014,Chevrolet,silverado 1500,lt,8,flex,69489,,,21000,12,,False
2017,Chevrolet,silverado 1500,lt,8,gasoline,121317,,,12000,9,,False
2016,Chevrolet,silverado 1500,no mentioned,8,gasoline,228189,,,10000,10,,False
2017,Chevrolet,silverado 1500,high country,8,gasoline,228185,,,17500,9,,False
2024,Chevrolet,silverado 1500,rst,6,diesel,34980,,,56800,2,,False
2022,Chevrolet,silverado 1500,custom,4,gasoline,47278,,,36250,4,,False
2023,Chevrolet,silverado 1500,custom,4,gasoline,41271,,,41400,3,,False
2024,Chevrolet,silverado 1500,high country,8,gasoline,24094,,,67000,2,,False
2018,Chevrolet,silverado 1500,ls,8,gasoline,185812,,,15000,8,,False
2023,Chevrolet,silverado 1500,work truck,8,gasoline,36478,,,39000,3,,False
2023,Chevrolet,silverado 1500,rst,8,gasoline,34298,,,48400,3,,False
2024,Chevrolet,silverado 1500,work truck,8,gasoline,15095,,,33100,2,,False
2024,Chevrolet,silverado 1500,lt,8,gasoline,12451,,,46000,2,,False
2024,Chevrolet,silverado 1500,lt trail boss,8,gasoline,19188,,,62900,2,,False
2015,Chevrolet,silverado 1500,work truck,8,gasoline,214704,,,6700,11,,False
2018,Chevrolet,silverado 1500,lt,8,gasoline,156511,,,14750,8,,False
2021,Chevrolet,silverado 1500,custom,8,gasoline,108086,,,31000,5,,False
2018,Chevrolet,silverado 1500,lt,8,gasoline,221979,,,9200,8,,False
2023,Chevrolet,silverado 1500,rst,8,gasoline,90960,,,48000,3,,False
2023,Chevrolet,silverado 1500,zr2,8,gasoline,63700,,,58900,3,,False
2023,Chevrolet,silverado 1500,rst,8,gasoline,31361,,,54500,3,,False
2021,Chevrolet,silverado 1500,rst,8,gasoline,197637,,,26800,5,,False
2018,Chevrolet,silverado 1500,lt,8,gasoline,236384,,,15000,8,,False
2013,Chevrolet,silverado 1500,lt,8,flex,229041,,,5400,13,,False
2013,Chevrolet,silverado 1500,lt,8,flex,199450,,,10800,13,,False
2015,Chevrolet,silverado 1500,no mentioned,6,flex,195683,,,5500,11,,False
2020,Chevrolet,silverado 1500,custom trail boss,8,gasoline,90491,,,36700,6,,False
2020,Chevrolet,silverado 1500,custom,8,gasoline,95319,,,32800,6,,False
2023,Chevrolet,silverado 1500,rst,8,gasoline,145531,,,39200,3,,False
2021,Chevrolet,silverado 1500,high country,6,diesel,61017,,,50600,5,,False
2014,Chevrolet,silverado 1500,high country,8,flex,126294,,,13000,12,,False
2023,Chevrolet,silverado 1500,custom trail boss,8,gasoline,18354,,,44000,3,,False
2022,Chevrolet,silverado 1500,custom,4,gasoline,41607,,,35500,4,,False
2023,Chevrolet,silverado 1500,high country,8,gasoline,52167,,,58900,3,,False
2018,Chevrolet,silverado 1500,lt,8,gasoline,220064,,,16100,8,,False
2024,Chevrolet,silverado 1500,zr2,8,gasoline,74102,,,63000,2,,False
2018,Chevrolet,silverado 1500,ls,8,gasoline,119497,,,10500,8,,False
2023,Chevrolet,silverado 1500,lt,8,gasoline,84536,,,51700,3,,False
2020,Chevrolet,silverado 1500,lt trail boss,8,gasoline,122086,,,42300,6,,False
2019,Chevrolet,silverado 1500,rst,8,gasoline,114249,,,35900,7,,False
2022,Chevrolet,silverado 1500,custom,4,gasoline,135332,,,28900,4,,False
2023,Chevrolet,silverado 1500,lt,4,gasoline,76881,,,36750,3,,False
2018,Chevrolet,silverado 1500,lt,8,gasoline,227945,,,4500,8,,False
2024,Chevrolet,silverado 1500,work truck,8,gasoline,14053,,,30800,2,,False
2024,Chevrolet,silverado 1500,zr2,8,gasoline,46040,,,58000,2,,False
2017,Chevrolet,silverado 1500,lt,8,gasoline,205049,,,11000,9,,False
2017,Chevrolet,silverado 1500,lt,8,gasoline,199736,,,15700,9,,False
2019,Chevrolet,silverado 1500,lt,8,gasoline,99293,,,39200,7,,False
2018,Chevrolet,silverado 1500,lt,8,gasoline,160928,,,21900,8,,False
2018,Chevrolet,silverado 1500,lt,8,gasoline,187980,,,16500,8,,False
2017,Chevrolet,silverado 1500,lt,8,gasoline,205269,,,14700,9,,False
2019,Chevrolet,silverado 1500,rst,8,gasoline,223889,,,22500,7,,False
2021,Chevrolet,silverado 1500,custom,8,gasoline,91843,,,33200,5,,False
2020,Chevrolet,silverado 1500,rst,6,diesel,238260,,,19000,6,,False
2023,Chevrolet,silverado 1500,custom trail boss,4,gasoline,26496,,,45900,3,,False
2023,Chevrolet,silverado 1500,work truck,4,gasoline,37329,,,35000,3,,False
2021,Chevrolet,silverado 1500,custom trail boss,8,gasoline,115374,,,32500,5,,False
2020,Chevrolet,silverado 1500,custom trail boss,8,gasoline,116149,,,31250,6,,False
2018,Chevrolet,silverado 1500,work truck,8,gasoline,150003,,,8000,8,,False
2014,Chevrolet,silverado 1500,lt,6,flex,238291,,,5200,12,,False
2021,Chevrolet,silverado 1500,work truck,6,flex,163446,,,15500,5,,False
2021,Chevrolet,silverado 1500,work truck,6,flex,118695,,,20000,5,,False
2019,Chevrolet,silverado 1500,lt,8,gasoline,203303,,,10250,7,,False
2021,Chevrolet,silverado 1500,custom,8,gasoline,131733,,,27500,5,,False
2019,Chevrolet,silverado 1500,lt,8,gasoline,326566,,,7500,7,,False
2020,Chevrolet,silverado 1500,lt,8,gasoline,180274,,,18000,6,,False
2024,Chevrolet,silverado 1500,rst,6,diesel,51222,,,55250,2,,False
2024,Chevrolet,silverado 1500,rst,8,gasoline,38046,,,54200,2,,False
2022,Chevrolet,silverado 1500,high country,8,gasoline,87198,,,52750,4,,False
2025,Chevrolet,silverado 1500,high country,6,diesel,11670,,,77250,1,,False
2019,Chevrolet,silverado 1500,custom,8,gasoline,181170,,,16100,7,,False
2020,Chevrolet,silverado 1500,custom,8,gasoline,190547,,,20800,6,,False
2021,Chevrolet,silverado 1500,rst,8,gasoline,119950,,,39750,5,,False
2020,Chevrolet,silverado 1500,rst,8,gasoline,99278,,,40200,6,,False
2020,Chevrolet,silverado 1500,rst,8,gasoline,186378,,,28100,6,,False
2018,Chevrolet,silverado 1500,ls,8,gasoline,213264,,,6500,8,,False
2018,Chevrolet,silverado 1500,ls,8,gasoline,204951,,,11800,8,,False
2016,Chevrolet,silverado 1500,ls,6,flex,167871,,,5700,10,,False
2024,Chevrolet,silverado 1500,lt,8,gasoline,39462,,,47250,2,,False
2022,Chevrolet,silverado 1500,rst,8,gasoline,98946,,,39200,4,,False
2024,Chevrolet,silverado 1500,work truck,8,gasoline,23637,,,30000,2,,False
2024,Chevrolet,silverado 1500,work truck,8,gasoline,17143,,,29100,2,,False
2024,Chevrolet,silverado 1500,work truck,8,gasoline,12128,,,30600,2,,False
2023,Chevrolet,silverado 1500,work truck,8,gasoline,20080,,,27000,3,,False
2024,Chevrolet,silverado 1500,work truck,8,gasoline,12954,,,30000,2,,False
2021,Chevrolet,silverado 1500,work truck,6,flex,52051,,,19900,5,,False
2012,Chevrolet,silverado 1500,lt,8,flex,176318,,,6400,14,,False
2022,Chevrolet,silverado 1500,rst,6,diesel,120181,,,29000,4,,False
2025,Chevrolet,silverado 1500,zr2,6,diesel,19817,,,77000,1,,False
2017,Chevrolet,silverado 1500,work truck,6,flex,78981,,,16200,9,,False
2018,Chevrolet,silverado 1500,lt,8,gasoline,14388,,,37500,8,,False
2017,Chevrolet,silverado 1500,lt,8,gasoline,166279,,,14900,9,,False
2022,Chevrolet,silverado 1500,rst,8,gasoline,41680,,,53400,4,,False
2015,Chevrolet,silverado 1500,lt,8,gasoline,175800,,,10900,11,,False
2021,Chevrolet,silverado 1500,custom,8,gasoline,63517,,,36000,5,,False
2022,Chevrolet,silverado 1500,custom,4,gasoline,54834,,,35500,4,,False
2022,Chevrolet,silverado 1500,lt trail boss,8,gasoline,59615,,,49800,4,,False
2023,Chevrolet,silverado 1500,custom,4,gasoline,25017,,,43200,3,,False
2023,Chevrolet,silverado 1500,custom,4,gasoline,33180,,,39400,3,,False
2024,Chevrolet,silverado 1500,custom,4,gasoline,13826,,,45600,2,,False
2024,Chevrolet,silverado 1500,custom,4,gasoline,19820,,,45000,2,,False
2023,Chevrolet,silverado 1500,custom,4,gasoline,31672,,,44600,3,,False
2023,Chevrolet,silverado 1500,custom,4,gasoline,46349,,,38200,3,,False
2023,Chevrolet,silverado 1500,custom,4,gasoline,56192,,,39000,3,,False
2023,Chevrolet,silverado 1500,custom,4,gasoline,28324,,,37600,3,,False
2023,Chevrolet,silverado 1500,custom,4,gasoline,39295,,,37000,3,,False
2024,Chevrolet,silverado 1500,custom,4,gasoline,26285,,,44250,2,,False
2023,Chevrolet,silverado 1500,custom,4,gasoline,17135,,,43600,3,,False
2023,Chevrolet,silverado 1500,custom,4,gasoline,22178,,,42750,3,,False
2020,Chevrolet,silverado 1500,custom,4,gasoline,132527,,,23200,6,,False
2021,Chevrolet,silverado 1500,custom trail boss,8,gasoline,105499,,,36750,5,,False
2020,Chevrolet,silverado 1500,custom trail boss,6,flex,139693,,,28000,6,,False
2020,Chevrolet,silverado 1500,lt trail boss,8,gasoline,88460,,,44400,6,,False
2024,Chevrolet,silverado 1500,custom,4,gasoline,42366,,,41000,2,,False
2024,Chevrolet,silverado 1500,lt,8,gasoline,10142,,,54500,2,,False
2024,Chevrolet,silverado 1500,rst,6,diesel,52118,,,55750,2,,False
2023,Chevrolet,silverado 1500,rst,6,diesel,76849,,,50000,3,,False
2022,Chevrolet,silverado 1500,rst,8,gasoline,92791,,,46200,4,,False
2023,Chevrolet,silverado 1500,rst,8,gasoline,31359,,,52250,3,,False
2024,Chevrolet,silverado 1500,rst,8,gasoline,16881,,,62800,2,,False
2023,Chevrolet,silverado 1500,high country,6,diesel,88891,,,56750,3,,False
2022,Chevrolet,silverado 1500,high country,8,gasoline,117902,,,45750,4,,False
2020,Chevrolet,silverado 1500,lt,8,gasoline,69871,,,36250,6,,False
2019,Chevrolet,silverado 1500,lt,8,gasoline,206501,,,21000,7,,False
2019,Chevrolet,silverado 1500,rst,8,gasoline,102297,,,35750,7,,False
2020,Chevrolet,silverado 1500,lt,8,gasoline,76414,,,46700,6,,False
2015,Chevrolet,silverado 1500,work truck,8,gasoline,113028,,,11000,11,,False
2018,Chevrolet,silverado 1500,custom,8,gasoline,116146,,,20400,8,,False
2014,Chevrolet,silverado 1500,work truck,8,flex,276307,,,3000,12,,False
2017,Chevrolet,silverado 1500,lt,8,gasoline,122161,,,20500,9,,False
2018,Chevrolet,silverado 1500,lt,8,gasoline,129979,,,26800,8,,False
2016,Chevrolet,silverado 1500,lt,8,gasoline,135705,,,7200,10,,False
2018,Chevrolet,silverado 1500,lt,6,flex,96726,,,22300,8,,False
2024,Chevrolet,silverado 1500,lt,8,gasoline,23673,,,47250,2,,False
2023,Chevrolet,silverado 1500,rst,8,gasoline,48388,,,42500,3,,False
2024,Chevrolet,silverado 1500,rst,8,gasoline,44715,,,54000,2,,False
2023,Chevrolet,silverado 1500,rst,8,gasoline,86901,,,40250,3,,False
2023,Chevrolet,silverado 1500,high country,8,gasoline,31323,,,55250,3,,False
2023,Chevrolet,silverado 1500,high country,8,gasoline,31226,,,56250,3,,False
2023,Chevrolet,silverado 1500,custom,4,gasoline,26338,,,38750,3,,False
2023,Chevrolet,silverado 1500,custom,4,gasoline,49646,,,35750,3,,False
2023,Chevrolet,silverado 1500,custom,4,gasoline,54361,,,33800,3,,False
2022,Chevrolet,silverado 1500,custom trail boss,4,gasoline,35049,,,37600,4,,False
2022,Chevrolet,silverado 1500,custom trail boss,4,gasoline,65749,,,37000,4,,False
2023,Chevrolet,silverado 1500,custom trail boss,4,gasoline,80250,,,33600,3,,False
2022,Chevrolet,silverado 1500,custom trail boss,4,gasoline,47092,,,36500,4,,False
2023,Chevrolet,silverado 1500,custom trail boss,4,gasoline,39728,,,40000,3,,False
2023,Chevrolet,silverado 1500,custom trail boss,4,gasoline,37521,,,40000,3,,False
2023,Chevrolet,silverado 1500,lt,4,gasoline,29023,,,41000,3,,False
2024,Chevrolet,silverado 1500,work truck,8,gasoline,13507,,,30500,2,,False
2023,Chevrolet,silverado 1500,custom,4,gasoline,39651,,,38000,3,,False
2023,Chevrolet,silverado 1500,custom,4,gasoline,53709,,,34250,3,,False
2023,Chevrolet,silverado 1500,custom,4,gasoline,14007,,,37100,3,,False
2023,Chevrolet,silverado 1500,custom,4,gasoline,33099,,,36800,3,,False
2023,Chevrolet,silverado 1500,custom trail boss,8,gasoline,15914,,,46800,3,,False
2023,Chevrolet,silverado 1500,custom trail boss,8,gasoline,72351,,,36400,3,,False
2023,Chevrolet,silverado 1500,custom trail boss,8,gasoline,42696,,,44800,3,,False
2023,Chevrolet,silverado 1500,rst,8,gasoline,42390,,,47200,3,,False
2024,Chevrolet,silverado 1500,zr2,6,diesel,15871,,,66000,2,,False
2023,Chevrolet,silverado 1500,zr2,8,gasoline,51729,,,55400,3,,False
2023,Chevrolet,silverado 1500,zr2,8,gasoline,121321,,,46750,3,,False
2022,Chevrolet,silverado 1500,zr2,8,gasoline,46885,,,56250,4,,False
2023,Chevrolet,silverado 1500,zr2,8,gasoline,32314,,,54000,3,,False
2022,Chevrolet,silverado 1500,high country,8,gasoline,79139,,,52000,4,,False
2018,Chevrolet,silverado 1500,lt,8,gasoline,184451,,,12600,8,,False
2018,Chevrolet,silverado 1500,lt,8,gasoline,201533,,,16750,8,,False
2018,Chevrolet,silverado 1500,lt,8,flex,33737,,,36500,8,,False
2014,Chevrolet,silverado 1500,lt,8,flex,243534,,,7800,12,,False
2020,Chevrolet,silverado 1500,lt trail boss,8,gasoline,231789,,,20000,6,,False
2014,Chevrolet,silverado 1500,work truck,8,flex,202356,,,9500,12,,False
2017,Chevrolet,silverado 1500,custom,8,gasoline,143582,,,21000,9,,False
2022,Chevrolet,silverado 1500,rst,8,gasoline,77988,,,42900,4,,False
2022,Chevrolet,silverado 1500,custom,4,gasoline,163000,,,25000,4,,False
2015,Chevrolet,silverado 1500,lt,8,gasoline,204592,,,10000,11,,False
2018,Chevrolet,silverado 1500,custom,8,gasoline,130411,,,18500,8,,False
2024,Chevrolet,silverado 1500,rst,8,gasoline,40952,,,56400,2,,False
2021,Chevrolet,silverado 1500,lt trail boss,8,gasoline,128500,,,39500,5,,False
2021,Chevrolet,silverado 1500,lt trail boss,8,gasoline,113358,,,38750,5,,False
2023,Chevrolet,silverado 1500,work truck,4,gasoline,148403,,,24900,3,,False
2020,Chevrolet,silverado 1500,custom trail boss,8,gasoline,160310,,,23900,6,,False
2020,Chevrolet,silverado 1500,custom trail boss,8,gasoline,123008,,,29200,6,,False
2021,Chevrolet,silverado 1500,rst,8,gasoline,64271,,,50000,5,,False
2018,Chevrolet,silverado 1500,custom,8,gasoline,134810,,,14900,8,,False
2024,Chevrolet,silverado 1500,work truck,8,gasoline,16893,,,32300,2,,False
2024,Chevrolet,silverado 1500,work truck,8,gasoline,13770,,,32300,2,,False
2024,Chevrolet,silverado 1500,work truck,8,gasoline,15302,,,32100,2,,False
2023,Chevrolet,silverado 1500,work truck,4,gasoline,22304,,,29000,3,,False
2022,Chevrolet,silverado 1500,rst,8,gasoline,125503,,,29000,4,,False
2022,Chevrolet,silverado 1500,lt trail boss,8,gasoline,104177,,,39250,4,,False
2023,Chevrolet,silverado 1500,lt trail boss,8,gasoline,95908,,,45000,3,,False
2022,Chevrolet,silverado 1500,zr2,8,gasoline,54334,,,51600,4,,False
2017,Chevrolet,silverado 1500,lt,8,gasoline,168819,,,18000,9,,False
2021,Chevrolet,silverado 1500,lt trail boss,8,gasoline,78596,,,41400,5,,False
2016,Chevrolet,silverado 1500,no mentioned,8,gasoline,260603,,,3900,10,,False
2017,Chevrolet,silverado 1500,no mentioned,8,gasoline,172465,,,14800,9,,False
2018,Chevrolet,silverado 1500,lt,8,gasoline,133231,,,23500,8,,False
2024,Chevrolet,silverado 1500,high country,6,diesel,81332,,,59100,2,,False
2024,Chevrolet,silverado 1500,work truck,8,gasoline,20677,,,31000,2,,False
2020,Chevrolet,silverado 1500,work truck,6,flex,266084,,,4500,6,,False
2018,Chevrolet,silverado 1500,lt,8,gasoline,145184,,,19500,8,,False
2020,Chevrolet,silverado 1500,rst,8,gasoline,108961,,,39400,6,,False
2016,Chevrolet,silverado 1500,lt,8,gasoline,211292,,,10800,10,,False
2018,Chevrolet,silverado 1500,ls,6,flex,224324,,,6400,8,,False
2023,Chevrolet,silverado 1500,zr2,8,gasoline,92955,,,52400,3,,False
2023,Chevrolet,silverado 1500,rst,4,gasoline,235252,,,24500,3,,False
2022,Chevrolet,silverado 1500,rst,8,gasoline,79474,,,43000,4,,False
2021,Chevrolet,silverado 1500,high country,6,diesel,129728,,,44500,5,,False
2023,Chevrolet,silverado 1500,custom trail boss,4,gasoline,109168,,,32071,3,,False
2022,Chevrolet,silverado 1500,lt trail boss,8,gasoline,49653,,,46000,4,,False
2022,Chevrolet,silverado 1500,zr2,8,gasoline,91820,,,48500,4,,False
2018,Chevrolet,silverado 1500,no mentioned,8,gasoline,149291,,,15000,8,,False
2018,Chevrolet,silverado 1500,lt,8,gasoline,287628,,,7000,8,,False
2021,Chevrolet,silverado 1500,high country,8,gasoline,157672,,,34000,5,,False
2022,Chevrolet,silverado 1500,high country,8,gasoline,68031,,,57600,4,,False
2020,Chevrolet,silverado 1500,lt trail boss,8,gasoline,89836,,,44100,6,,False
2023,Chevrolet,silverado 1500,rst,8,gasoline,46544,,,54000,3,,False
2018,Chevrolet,silverado 1500,lt,8,gasoline,125868,,,23900,8,,False
2024,Chevrolet,silverado 1500,rst,8,gasoline,32798,,,59800,2,,False
2019,Chevrolet,silverado 1500,rst,8,gasoline,164591,,,25400,7,,False
2022,Chevrolet,silverado 1500,high country,8,gasoline,27594,,,62900,4,,False
2022,Chevrolet,silverado 1500,custom,4,gasoline,73469,,,37500,4,,False
2023,Chevrolet,silverado 1500,custom,4,gasoline,62704,,,37100,3,,False
2022,Chevrolet,silverado 1500,lt,4,gasoline,51987,,,39000,4,,False
2020,Chevrolet,silverado 1500,lt trail boss,8,gasoline,138308,,,36000,6,,False
2020,Chevrolet,silverado 1500,lt trail boss,8,gasoline,134062,,,38000,6,,False
2015,Chevrolet,silverado 1500,ls,8,gasoline,243330,,,3000,11,,False
2015,Chevrolet,silverado 1500,work truck,8,gasoline,308112,,,3000,11,,False
2022,Chevrolet,silverado 1500,work truck,8,gasoline,78645,,,33250,4,,False
2012,Chevrolet,silverado 1500,lt,8,flex,161121,,,7200,14,,False
2013,Chevrolet,silverado 1500,lt,8,flex,200227,,,6000,13,,False
2020,Chevrolet,silverado 1500,work truck,6,flex,169881,,,15900,6,,False
2021,Chevrolet,silverado 1500,work truck,8,gasoline,69515,,,31900,5,,False
2022,Chevrolet,silverado 1500,lt,8,gasoline,61859,,,38800,4,,False
2024,Chevrolet,silverado 1500,rst,8,gasoline,12397,,,61000,2,,False
2021,Chevrolet,silverado 1500,rst,8,gasoline,161937,,,19400,5,,False
2019,Chevrolet,silverado 1500,rst,8,gasoline,273272,,,10250,7,,False
2017,Chevrolet,silverado 1500,custom,8,gasoline,193145,,,16000,9,,False
2023,Chevrolet,silverado 1500,work truck,8,gasoline,117488,,,33500,3,,False
2024,Chevrolet,silverado 1500,work truck,8,gasoline,31499,,,30500,2,,False
2024,Chevrolet,silverado 1500,work truck,8,gasoline,13634,,,30750,2,,False
2024,Chevrolet,silverado 1500,work truck,8,gasoline,13360,,,30750,2,,False
2024,Chevrolet,silverado 1500,work truck,8,gasoline,22884,,,30500,2,,False
2024,Chevrolet,silverado 1500,work truck,8,gasoline,12269,,,30400,2,,False
2024,Chevrolet,silverado 1500,work truck,8,gasoline,20525,,,30750,2,,False
2024,Chevrolet,silverado 1500,custom,4,gasoline,27843,,,40200,2,,False
2024,Chevrolet,silverado 1500,custom trail boss,8,gasoline,17125,,,51200,2,,False
2016,Chevrolet,silverado 1500,work truck,8,gasoline,290092,,,4400,10,,False
2015,Chevrolet,silverado 1500,lt,8,gasoline,186549,,,14500,11,,False
2018,Chevrolet,silverado 1500,lt,8,gasoline,193601,,,18200,8,,False
2018,Chevrolet,silverado 1500,lt,8,gasoline,172297,,,19500,8,,False
2017,Chevrolet,silverado 1500,lt,8,gasoline,165365,,,14000,9,,False
2018,Chevrolet,silverado 1500,ls,8,gasoline,229266,,,9400,8,,False
2021,Chevrolet,silverado 1500,custom trail boss,8,gasoline,99353,,,39000,5,,False
2023,Chevrolet,silverado 1500,rst,6,diesel,59834,,,52000,3,,False
2021,Chevrolet,silverado 1500,custom,8,gasoline,82799,,,36800,5,,False
2020,Chevrolet,silverado 1500,custom,4,gasoline,84560,,,31700,6,,False
2023,Chevrolet,silverado 1500,work truck,4,gasoline,97127,,,24200,3,,False
2023,Chevrolet,silverado 1500,custom,4,gasoline,40555,,,40500,3,,False
2023,Chevrolet,silverado 1500,custom,4,gasoline,62481,,,36200,3,,False
2023,Chevrolet,silverado 1500,custom,4,gasoline,61009,,,40200,3,,False
2024,Chevrolet,silverado 1500,custom,4,gasoline,23619,,,45000,2,,False
2023,Chevrolet,silverado 1500,custom,4,gasoline,30974,,,42000,3,,False
2023,Chevrolet,silverado 1500,custom,4,gasoline,48220,,,40750,3,,False
2023,Chevrolet,silverado 1500,custom,4,gasoline,30847,,,41100,3,,False
2021,Chevrolet,silverado 1500,custom,4,gasoline,81011,,,31000,5,,False
2019,Chevrolet,silverado 1500,lt,4,gasoline,95131,,,31800,7,,False
2019,Chevrolet,silverado 1500,lt trail boss,8,gasoline,81578,,,44000,7,,False
2020,Chevrolet,silverado 1500,lt trail boss,8,gasoline,80411,,,43750,6,,False
2020,Chevrolet,silverado 1500,lt trail boss,8,gasoline,60530,,,50000,6,,False
2021,Chevrolet,silverado 1500,lt trail boss,8,gasoline,76782,,,48500,5,,False
2024,Chevrolet,silverado 1500,custom,4,gasoline,42364,,,41000,2,,False
2020,Chevrolet,silverado 1500,work truck,8,gasoline,158050,,,19000,6,,False
2021,Chevrolet,silverado 1500,work truck,6,flex,229969,,,14750,5,,False
2019,Chevrolet,silverado 1500,lt,8,gasoline,74281,,,34000,7,,False
2022,Chevrolet,silverado 1500,work truck,8,gasoline,100785,,,26250,4,,False
2022,Chevrolet,silverado 1500,work truck,8,gasoline,85504,,,24000,4,,False
2022,Chevrolet,silverado 1500,work truck,8,gasoline,67638,,,31000,4,,False
2022,Chevrolet,silverado 1500,work truck,8,gasoline,110577,,,26750,4,,False
2022,Chevrolet,silverado 1500,work truck,8,gasoline,82775,,,27750,4,,False
2022,Chevrolet,silverado 1500,work truck,8,gasoline,89354,,,30750,4,,False
2022,Chevrolet,silverado 1500,work truck,8,gasoline,187442,,,20000,4,,False
2022,Chevrolet,silverado 1500,work truck,8,gasoline,85172,,,25000,4,,False
2022,Chevrolet,silverado 1500,work truck,8,gasoline,136094,,,24700,4,,False
2022,Chevrolet,silverado 1500,work truck,8,gasoline,112586,,,27000,4,,False
2022,Chevrolet,silverado 1500,work truck,8,gasoline,105779,,,27000,4,,False
2022,Chevrolet,silverado 1500,work truck,8,gasoline,29011,,,33750,4,,False
2023,Chevrolet,silverado 1500,lt,8,gasoline,47263,,,44000,3,,False
2023,Chevrolet,silverado 1500,rst,6,diesel,43587,,,56000,3,,False
2020,Chevrolet,silverado 1500,custom,8,gasoline,140464,,,24000,6,,False
2021,Chevrolet,silverado 1500,lt,8,gasoline,287937,,,14000,5,,False
2019,Chevrolet,silverado 1500,rst,8,gasoline,118161,,,35500,7,,False
2019,Chevrolet,silverado 1500,rst,8,gasoline,88482,,,39250,7,,False
2021,Chevrolet,silverado 1500,rst,8,gasoline,111969,,,39000,5,,False
2020,Chevrolet,silverado 1500,high country,8,gasoline,93211,,,43000,6,,False
2018,Chevrolet,silverado 1500,custom,8,gasoline,164544,,,20750,8,,False
2014,Chevrolet,silverado 1500,lt,8,flex,143905,,,12500,12,,False
2023,Chevrolet,silverado 1500,rst,8,gasoline,63365,,,46750,3,,False
2023,Chevrolet,silverado 1500,rst,8,gasoline,55071,,,44000,3,,False
2023,Chevrolet,silverado 1500,rst,8,gasoline,72447,,,44000,3,,False
2023,Chevrolet,silverado 1500,lt,8,gasoline,73356,,,48000,3,,False
2022,Chevrolet,silverado 1500,custom trail boss,4,gasoline,178404,,,24500,4,,False
2022,Chevrolet,silverado 1500,custom trail boss,4,gasoline,79673,,,32250,4,,False
2022,Chevrolet,silverado 1500,custom trail boss,4,gasoline,228491,,,21500,4,,False
2023,Chevrolet,silverado 1500,lt,4,gasoline,40225,,,39400,3,,False
2024,Chevrolet,silverado 1500,work truck,8,gasoline,21133,,,29500,2,,False
2024,Chevrolet,silverado 1500,work truck,8,gasoline,17151,,,29500,2,,False
2024,Chevrolet,silverado 1500,work truck,8,gasoline,13668,,,30800,2,,False
2024,Chevrolet,silverado 1500,work truck,8,gasoline,13801,,,25200,2,,False
2024,Chevrolet,silverado 1500,work truck,8,gasoline,13540,,,30200,2,,False
2024,Chevrolet,silverado 1500,work truck,8,gasoline,13723,,,30000,2,,False
2023,Chevrolet,silverado 1500,work truck,4,gasoline,52172,,,25200,3,,False
2023,Chevrolet,silverado 1500,work truck,4,gasoline,31597,,,38000,3,,False
2023,Chevrolet,silverado 1500,custom,4,gasoline,29365,,,38000,3,,False
2024,Chevrolet,silverado 1500,custom,4,gasoline,26105,,,40500,2,,False
2023,Chevrolet,silverado 1500,custom,4,gasoline,27983,,,36600,3,,False
2024,Chevrolet,silverado 1500,custom,4,gasoline,25411,,,40500,2,,False
2023,Chevrolet,silverado 1500,custom,4,gasoline,34157,,,39250,3,,False
2023,Chevrolet,silverado 1500,custom,4,gasoline,55611,,,35000,3,,False
2022,Chevrolet,silverado 1500,lt trail boss,4,gasoline,138074,,,27200,4,,False
2023,Chevrolet,silverado 1500,custom trail boss,8,gasoline,101511,,,34750,3,,False
2023,Chevrolet,silverado 1500,rst,8,gasoline,31160,,,47000,3,,False
2024,Chevrolet,silverado 1500,lt trail boss,8,gasoline,56018,,,55250,2,,False
2024,Chevrolet,silverado 1500,lt,8,gasoline,52254,,,51000,2,,False
2023,Chevrolet,silverado 1500,zr2,8,gasoline,48159,,,54500,3,,False
2017,Chevrolet,silverado 1500,lt,8,gasoline,213787,,,13000,9,,False
2021,Chevrolet,silverado 1500,rst,8,gasoline,72923,,,37200,5,,False
2021,Chevrolet,silverado 1500,rst,6,diesel,136349,,,28500,5,,False
2017,Chevrolet,silverado 1500,lt,8,gasoline,290081,,,6900,9,,False
2024,Chevrolet,silverado 1500,lt,8,gasoline,62400,,,45000,2,,False
2019,Chevrolet,silverado 1500,custom,8,gasoline,68941,,,36400,7,,False
2021,Chevrolet,silverado 1500,lt trail boss,8,gasoline,105693,,,43000,5,,False
2021,Chevrolet,silverado 1500,rst,6,diesel,107724,,,37600,5,,False
2023,Chevrolet,silverado 1500,custom trail boss,8,gasoline,81298,,,39600,3,,False
2024,Chevrolet,silverado 1500,custom,4,gasoline,37472,,,44500,2,,False
2023,Chevrolet,silverado 1500,custom,4,gasoline,40167,,,42200,3,,False
2023,Chevrolet,silverado 1500,custom,4,gasoline,30330,,,43200,3,,False
2023,Chevrolet,silverado 1500,custom,4,gasoline,42579,,,42000,3,,False
2019,Chevrolet,silverado 1500,custom trail boss,8,gasoline,145294,,,29500,7,,False
2020,Chevrolet,silverado 1500,work truck,6,flex,203795,,,14000,6,,False
2023,Chevrolet,silverado 1500,lt,8,gasoline,70788,,,38800,3,,False
2023,Chevrolet,silverado 1500,rst,6,diesel,71653,,,47700,3,,False
2018,Chevrolet,silverado 1500,custom,6,flex,208965,,,11000,8,,False
2018,Chevrolet,silverado 1500,lt,8,gasoline,82494,,,11200,8,,False
2018,Chevrolet,silverado 1500,lt,8,gasoline,251410,,,3000,8,,False
2024,Chevrolet,silverado 1500,lt,8,gasoline,29382,,,44700,2,,False
2024,Chevrolet,silverado 1500,lt,8,gasoline,30053,,,44400,2,,False
2024,Chevrolet,silverado 1500,lt,8,gasoline,34905,,,44100,2,,False
2024,Chevrolet,silverado 1500,work truck,8,gasoline,14363,,,31300,2,,False
2024,Chevrolet,silverado 1500,custom trail boss,8,gasoline,27323,,,44100,2,,False
2024,Chevrolet,silverado 1500,custom trail boss,8,gasoline,32714,,,46600,2,,False
2018,Chevrolet,silverado 1500,lt,8,gasoline,70232,,,17400,8,,False
2018,Chevrolet,silverado 1500,lt,8,gasoline,171777,,,9900,8,,False
2016,Chevrolet,silverado 1500,lt,8,gasoline,185783,,,10800,10,,False
2018,Chevrolet,silverado 1500,lt,8,gasoline,144119,,,21300,8,,False
2020,Chevrolet,silverado 1500,custom,8,gasoline,36733,,,38500,6,,False
2021,Chevrolet,silverado 1500,custom,4,gasoline,130018,,,23400,5,,False
2016,Chevrolet,silverado 1500,lt,8,gasoline,171529,,,15000,10,,False
2019,Chevrolet,silverado 1500,rst,8,gasoline,84504,,,38600,7,,False
2016,Chevrolet,silverado 1500,no mentioned,6,flex,270356,,,3000,10,,False
2011,Chevrolet,silverado 1500,wt,8,flex,13597,,,13200,15,,False
2018,Chevrolet,silverado 1500,lt,8,gasoline,156424,,,23940,8,,False
2024,Chevrolet,silverado 1500,custom trail boss,8,gasoline,31988,,,54800,2,,False
2017,Chevrolet,silverado 1500,lt,8,gasoline,49888,,,32000,9,,False
2016,Chevrolet,silverado 1500,lt,8,gasoline,88859,,,25800,10,,False
2016,Chevrolet,silverado 1500,work truck,6,flex,148577,,,15900,10,,False
2015,Chevrolet,silverado 1500,lt,8,gasoline,125007,,,18600,11,,False
2020,Chevrolet,silverado 1500,rst,4,gasoline,163832,,,25000,6,,False
2017,Chevrolet,silverado 1500,lt,8,gasoline,218939,,,14000,9,,False
2018,Chevrolet,silverado 1500,lt,8,gasoline,122942,,,32300,8,,False
2022,Chevrolet,silverado 1500,lt,8,gasoline,89081,,,47000,4,,False
2023,Chevrolet,silverado 1500,zr2,8,gasoline,57886,,,58000,3,,False
2018,Chevrolet,silverado 1500,custom,8,gasoline,203397,,,14200,8,,False
2023,Chevrolet,silverado 1500,lt,4,gasoline,64194,,,38250,3,,False
2022,Chevrolet,silverado 1500,lt,8,gasoline,42747,,,54750,4,,False
2023,Chevrolet,silverado 1500,lt,8,gasoline,84707,,,50000,3,,False
2024,Chevrolet,silverado 1500,high country,6,diesel,59866,,,65750,2,,False
2016,Chevrolet,silverado 1500,lt,8,gasoline,244883,,,12200,10,,False
2022,Chevrolet,silverado 1500,lt trail boss,8,gasoline,100058,,,39500,4,,False
2025,Chevrolet,silverado 1500,zr2,8,gasoline,19846,,,74250,1,,False
2018,Chevrolet,silverado 1500,lt,8,gasoline,200540,,,12250,8,,False
2017,Chevrolet,silverado 1500,lt,8,gasoline,170240,,,19000,9,,False
2016,Chevrolet,silverado 1500,lt,8,gasoline,229680,,,15000,10,,False
2017,Chevrolet,silverado 1500,lt,8,flex,94401,,,29000,9,,False
2011,Chevrolet,silverado 1500,lt,8,flex,242423,,,6500,15,,False
2016,Chevrolet,silverado 1500,lt,8,gasoline,191370,,,13700,10,,False
2016,Chevrolet,silverado 1500,no mentioned,6,flex,194823,,,8500,10,,False
2021,Chevrolet,silverado 1500,rst,8,gasoline,59650,,,48300,5,,False
2017,Chevrolet,silverado 1500,work truck,6,flex,336702,,,4100,9,,False
2023,Chevrolet,silverado 1500,rst,8,gasoline,22637,,,56100,3,,False
2023,Chevrolet,silverado 1500,lt,4,gasoline,25288,,,44100,3,,False
2016,Chevrolet,silverado 1500,ls,6,flex,125786,,,3000,10,,False
2022,Chevrolet,silverado 1500,lt,4,gasoline,88005,,,35750,4,,False
2020,Chevrolet,silverado 1500,custom,4,gasoline,120083,,,30000,6,,False
2021,Chevrolet,silverado 1500,custom trail boss,8,gasoline,80933,,,41000,5,,False
2019,Chevrolet,silverado 1500,custom trail boss,8,gasoline,214506,,,17400,7,,False
2021,Chevrolet,silverado 1500,custom trail boss,8,gasoline,78450,,,42000,5,,False
2019,Chevrolet,silverado 1500,lt trail boss,8,gasoline,333629,,,16600,7,,False
2024,Chevrolet,silverado 1500,custom,4,gasoline,54942,,,35300,2,,False
2020,Chevrolet,silverado 1500,work truck,6,flex,105973,,,21000,6,,False
2023,Chevrolet,silverado 1500,lt,8,gasoline,50108,,,54100,3,,False
2021,Chevrolet,silverado 1500,lt,6,diesel,228385,,,19500,5,,False
2020,Chevrolet,silverado 1500,high country,8,gasoline,140356,,,38000,6,,False
2018,Chevrolet,silverado 1500,lt,6,flex,343520,,,5000,8,,False
2023,Chevrolet,silverado 1500,rst,8,gasoline,37313,,,48500,3,,False
2025,Chevrolet,silverado 1500,rst,8,gasoline,12853,,,58000,1,,False
2024,Chevrolet,silverado 1500,work truck,8,gasoline,12366,,,30500,2,,False
2023,Chevrolet,silverado 1500,work truck,8,gasoline,25902,,,28750,3,,False
2024,Chevrolet,silverado 1500,work truck,8,gasoline,28078,,,30500,2,,False
2024,Chevrolet,silverado 1500,work truck,8,gasoline,14278,,,29900,2,,False
2024,Chevrolet,silverado 1500,work truck,8,gasoline,13560,,,30500,2,,False
2024,Chevrolet,silverado 1500,rst,6,diesel,11439,,,53500,2,,False
2018,Chevrolet,silverado 1500,lt,8,gasoline,107150,,,28600,8,,False
2018,Chevrolet,silverado 1500,lt,8,gasoline,142424,,,17250,8,,False
2018,Chevrolet,silverado 1500,lt,8,gasoline,223599,,,10750,8,,False
2015,Chevrolet,silverado 1500,lt,8,gasoline,147497,,,13000,11,,False
2017,Chevrolet,silverado 1500,lt,8,gasoline,213557,,,8100,9,,False
2018,Chevrolet,silverado 1500,lt,8,gasoline,202878,,,7000,8,,False
2018,Chevrolet,silverado 1500,lt,8,hybrid,160123,,,22000,8,,False
2017,Chevrolet,silverado 1500,lt,8,gasoline,114172,,,16000,9,,False
2018,Chevrolet,silverado 1500,high country,8,gasoline,181260,,,19500,8,,False
2022,Chevrolet,silverado 1500,rst,6,diesel,48161,,,52200,4,,False
2024,Chevrolet,silverado 1500,lt,6,diesel,62324,,,46500,2,,False
2016,Chevrolet,silverado 1500,lt,8,gasoline,187776,,,8800,10,,False
2021,Chevrolet,silverado 1500,rst,8,gasoline,59100,,,40100,5,,False
2014,Chevrolet,silverado 1500,lt,8,flex,213014,,,8200,12,,False
2022,Chevrolet,silverado 1500,custom,4,gasoline,61587,,,37200,4,,False
2023,Chevrolet,silverado 1500,work truck,8,gasoline,24078,,,43400,3,,False
2024,Chevrolet,silverado 1500,custom,4,gasoline,43819,,,43000,2,,False
2014,Chevrolet,silverado 1500,lt,8,flex,137861,,,21000,12,,False
2023,Chevrolet,silverado 1500,custom,4,gasoline,91178,,,32400,3,,False
2023,Chevrolet,silverado 1500,custom,4,gasoline,40553,,,39600,3,,False
2023,Chevrolet,silverado 1500,custom,4,gasoline,47618,,,40250,3,,False
2023,Chevrolet,silverado 1500,custom,4,gasoline,40158,,,43000,3,,False
2023,Chevrolet,silverado 1500,custom,4,gasoline,116864,,,29000,3,,False
2023,Chevrolet,silverado 1500,custom,4,gasoline,35254,,,41000,3,,False
2023,Chevrolet,silverado 1500,custom,4,gasoline,48213,,,38000,3,,False
2023,Chevrolet,silverado 1500,custom,4,gasoline,25449,,,42000,3,,False
2023,Chevrolet,silverado 1500,custom,4,gasoline,25787,,,43500,3,,False
2022,Chevrolet,silverado 1500,lt,4,gasoline,69876,,,39800,4,,False
2023,Chevrolet,silverado 1500,rst,4,gasoline,27358,,,47750,3,,False
2019,Chevrolet,silverado 1500,custom trail boss,8,gasoline,159270,,,27200,7,,False
2019,Chevrolet,silverado 1500,lt trail boss,8,gasoline,109312,,,33750,7,,False
2017,Chevrolet,silverado 1500,work truck,6,flex,336701,,,3000,9,,False
2024,Chevrolet,silverado 1500,rst,8,gasoline,23299,,,53100,2,,False
2021,Chevrolet,silverado 1500,work truck,6,flex,144889,,,18000,5,,False
2021,Chevrolet,silverado 1500,work truck,6,flex,143563,,,14500,5,,False
2021,Chevrolet,silverado 1500,work truck,6,flex,169466,,,15000,5,,False
2024,Chevrolet,silverado 1500,lt,8,gasoline,19755,,,51000,2,,False
2023,Chevrolet,silverado 1500,lt,8,gasoline,47260,,,42000,3,,False
2022,Chevrolet,silverado 1500,lt,6,diesel,62795,,,42000,4,,False
2023,Chevrolet,silverado 1500,rst,6,diesel,54954,,,55250,3,,False
2023,Chevrolet,silverado 1500,rst,6,diesel,45822,,,50000,3,,False
2024,Chevrolet,silverado 1500,rst,8,gasoline,38043,,,56800,2,,False
2017,Chevrolet,silverado 1500,lt,8,gasoline,198991,,,14000,9,,False
2018,Chevrolet,silverado 1500,lt,8,gasoline,110780,,,33000,8,,False
2021,Chevrolet,silverado 1500,work truck,8,gasoline,158176,,,25000,5,,False
2021,Chevrolet,silverado 1500,custom,8,gasoline,46541,,,39750,5,,False
2021,Chevrolet,silverado 1500,rst,8,gasoline,111964,,,39750,5,,False
2021,Chevrolet,silverado 1500,rst,8,gasoline,86535,,,39000,5,,False
2018,Chevrolet,silverado 1500,lt,6,flex,247958,,,9600,8,,False
2023,Chevrolet,silverado 1500,work truck,8,gasoline,31747,,,38000,3,,False
2023,Chevrolet,silverado 1500,work truck,8,gasoline,21853,,,40250,3,,False
2023,Chevrolet,silverado 1500,lt,8,gasoline,49521,,,43250,3,,False
2023,Chevrolet,silverado 1500,lt,8,gasoline,29262,,,45500,3,,False
2023,Chevrolet,silverado 1500,high country,8,gasoline,36686,,,54000,3,,False
2023,Chevrolet,silverado 1500,custom,4,gasoline,42365,,,39600,3,,False
2023,Chevrolet,silverado 1500,custom trail boss,4,gasoline,29647,,,42750,3,,False
2023,Chevrolet,silverado 1500,lt,4,gasoline,27778,,,42000,3,,False
2024,Chevrolet,silverado 1500,work truck,8,gasoline,13014,,,32000,2,,False
2024,Chevrolet,silverado 1500,work truck,8,gasoline,14333,,,32800,2,,False
2024,Chevrolet,silverado 1500,work truck,8,gasoline,14224,,,30250,2,,False
2023,Chevrolet,silverado 1500,custom,4,gasoline,44810,,,35500,3,,False
2023,Chevrolet,silverado 1500,custom,4,gasoline,40076,,,38750,3,,False
2023,Chevrolet,silverado 1500,custom,4,gasoline,26659,,,42600,3,,False
2023,Chevrolet,silverado 1500,lt trail boss,4,gasoline,34853,,,46400,3,,False
2023,Chevrolet,silverado 1500,work truck,8,gasoline,26472,,,41600,3,,False
2024,Chevrolet,silverado 1500,custom trail boss,8,gasoline,39403,,,46250,2,,False
2023,Chevrolet,silverado 1500,custom trail boss,8,gasoline,86570,,,35250,3,,False
2023,Chevrolet,silverado 1500,lt,8,gasoline,41688,,,44500,3,,False
2023,Chevrolet,silverado 1500,rst,8,gasoline,25799,,,51000,3,,False
2023,Chevrolet,silverado 1500,rst,8,gasoline,20367,,,50500,3,,False
2023,Chevrolet,silverado 1500,rst,8,gasoline,87549,,,42000,3,,False
2023,Chevrolet,silverado 1500,lt trail boss,6,diesel,40276,,,52250,3,,False
2024,Chevrolet,silverado 1500,lt trail boss,8,gasoline,46096,,,51000,2,,False
2024,Chevrolet,silverado 1500,lt trail boss,8,gasoline,24758,,,54000,2,,False
2022,Chevrolet,silverado 1500,lt trail boss,8,gasoline,190621,,,28000,4,,False
2023,Chevrolet,silverado 1500,lt trail boss,8,gasoline,30738,,,51500,3,,False
2022,Chevrolet,silverado 1500,lt trail boss,6,diesel,66459,,,47200,4,,False
2023,Chevrolet,silverado 1500,rst,6,diesel,55913,,,52000,3,,False
2019,Chevrolet,silverado 1500,lt trail boss,8,gasoline,176778,,,29000,7,,False
2011,Chevrolet,silverado 1500,lt,8,flex,203107,,,5000,15,,False
2010,Chevrolet,silverado 1500,lt,8,flex,150470,,,5100,16,,False
2021,Chevrolet,silverado 1500,custom trail boss,8,gasoline,80932,,,41000,5,,False
2023,Chevrolet,silverado 1500,work truck,4,gasoline,47463,,,33900,3,,False
2017,Chevrolet,silverado 1500,high country,8,gasoline,212934,,,17200,9,,False
2019,Chevrolet,silverado 1500,high country,8,gasoline,170338,,,34000,7,,False
2020,Chevrolet,silverado 1500,lt,4,gasoline,160480,,,20600,6,,False
2021,Chevrolet,silverado 1500,lt,6,diesel,66900,,,38100,5,,False
2019,Chevrolet,silverado 1500,lt,8,gasoline,108141,,,32100,7,,False
2019,Chevrolet,silverado 1500,custom trail boss,8,gasoline,82494,,,33200,7,,False
2024,Chevrolet,silverado 1500,lt,8,gasoline,94123,,,40500,2,,False
2020,Chevrolet,silverado 1500,custom,8,gasoline,121592,,,33750,6,,False
2019,Chevrolet,silverado 1500,lt,8,gasoline,42137,,,28000,7,,False
2020,Chevrolet,silverado 1500,rst,8,gasoline,212575,,,22700,6,,False
2020,Chevrolet,silverado 1500,rst,8,gasoline,207213,,,19700,6,,False
2014,Chevrolet,silverado 1500,work truck,8,flex,217779,,,5200,12,,False
2022,Chevrolet,silverado 1500,custom trail boss,8,gasoline,74645,,,34750,4,,False
2023,Chevrolet,silverado 1500,custom trail boss,8,gasoline,83358,,,29750,3,,False
2023,Chevrolet,silverado 1500,custom trail boss,8,gasoline,36611,,,44700,3,,False
2023,Chevrolet,silverado 1500,custom trail boss,8,gasoline,72605,,,31500,3,,False
2015,Chevrolet,silverado 1500,ls,8,gasoline,109160,,,7900,11,,False
2015,Chevrolet,silverado 1500,ls,8,gasoline,48817,,,13100,11,,False
2017,Chevrolet,silverado 1500,lt,8,gasoline,249941,,,12000,9,,False
2017,Chevrolet,silverado 1500,lt,8,gasoline,206311,,,13500,9,,False
2018,Chevrolet,silverado 1500,lt,8,gasoline,218442,,,14500,8,,False
2014,Chevrolet,silverado 1500,lt,8,flex,239760,,,8000,12,,False
2023,Chevrolet,silverado 1500,lt trail boss,6,diesel,61691,,,50000,3,,False
2016,Chevrolet,silverado 1500,lt,8,gasoline,220105,,,16900,10,,False
2015,Chevrolet,silverado 1500,lt,8,gasoline,122733,,,13000,11,,False
2018,Chevrolet,silverado 1500,work truck,6,flex,38001,,,15400,8,,False
2022,Chevrolet,silverado 1500,rst,8,gasoline,75873,,,49300,4,,False
2014,Chevrolet,silverado 1500,lt,8,flex,268966,,,7250,12,,False
2015,Chevrolet,silverado 1500,lt,8,gasoline,162637,,,13200,11,,False
2024,Chevrolet,silverado 1500,work truck,8,gasoline,13418,,,34000,2,,False
2015,Chevrolet,silverado 1500,lt,8,gasoline,155185,,,10900,11,,False
2018,Chevrolet,silverado 1500,lt,8,gasoline,148939,,,18250,8,,False
2015,Chevrolet,silverado 1500,lt,8,gasoline,166838,,,16000,11,,False
2023,Chevrolet,silverado 1500,custom,4,gasoline,33954,,,40000,3,,False
2017,Chevrolet,silverado 1500,lt,8,gasoline,141915,,,14100,9,,False
2013,Chevrolet,silverado 1500,lt,8,flex,191911,,,8100,13,,False
2011,Chevrolet,silverado 1500,lt,8,flex,177054,,,7900,15,,False
2021,Chevrolet,silverado 1500,rst,8,gasoline,82115,,,43000,5,,False
2014,Chevrolet,silverado 1500,lt,8,flex,174100,,,8700,12,,False
2022,Chevrolet,silverado 1500,custom,4,gasoline,41040,,,38000,4,,False
2021,Chevrolet,silverado 1500,custom,4,gasoline,79522,,,34250,5,,False
2021,Chevrolet,silverado 1500,lt trail boss,8,gasoline,115294,,,42000,5,,False
2011,Chevrolet,silverado 1500,lt,8,flex,289099,,,3200,15,,False
2020,Chevrolet,silverado 1500,work truck,6,flex,209069,,,13600,6,,False
2021,Chevrolet,silverado 1500,custom,4,gasoline,122261,,,21000,5,,False
2024,Chevrolet,silverado 1500,work truck,8,gasoline,19391,,,44250,2,,False
2023,Chevrolet,silverado 1500,rst,8,gasoline,70733,,,51250,3,,False
2025,Chevrolet,silverado 1500,rst,6,diesel,16433,,,63000,1,,False
2021,Chevrolet,silverado 1500,lt,8,gasoline,95308,,,36600,5,,False
2018,Chevrolet,silverado 1500,work truck,6,flex,228014,,,10500,8,,False
2016,Chevrolet,silverado 1500,custom,8,gasoline,144588,,,17400,10,,False
2017,Chevrolet,silverado 1500,lt,8,gasoline,258881,,,10700,9,,False
2022,Chevrolet,silverado 1500,custom trail boss,4,gasoline,58989,,,35500,4,,False
2024,Chevrolet,silverado 1500,work truck,8,gasoline,23459,,,31500,2,,False
2024,Chevrolet,silverado 1500,work truck,8,gasoline,13668,,,31500,2,,False
2024,Chevrolet,silverado 1500,work truck,8,gasoline,14908,,,31500,2,,False
2024,Chevrolet,silverado 1500,work truck,8,gasoline,12804,,,31500,2,,False
2024,Chevrolet,silverado 1500,work truck,8,gasoline,23759,,,31750,2,,False
2018,Chevrolet,silverado 1500,work truck,8,gasoline,186577,,,5500,8,,False
2018,Chevrolet,silverado 1500,custom,8,gasoline,107853,,,21400,8,,False
2017,Chevrolet,silverado 1500,lt,8,gasoline,167477,,,22000,9,,False
2018,Chevrolet,silverado 1500,lt,8,gasoline,187545,,,13600,8,,False
2015,Chevrolet,silverado 1500,high country,8,flex,121630,,,16000,11,,False
2022,Chevrolet,silverado 1500,custom trail boss,4,gasoline,57420,,,36000,4,,False
2013,Chevrolet,silverado 1500,lt,8,flex,260580,,,6300,13,,False
2023,Chevrolet,silverado 1500,custom,4,gasoline,35250,,,39000,3,,False
2023,Chevrolet,silverado 1500,custom,4,gasoline,23595,,,42500,3,,False
2024,Chevrolet,silverado 1500,custom,4,gasoline,30880,,,44900,2,,False
2021,Chevrolet,silverado 1500,lt trail boss,8,gasoline,130004,,,39000,5,,False
2019,Chevrolet,silverado 1500,lt trail boss,8,gasoline,143267,,,30100,7,,False
2019,Chevrolet,silverado 1500,lt trail boss,8,gasoline,67978,,,43200,7,,False
2020,Chevrolet,silverado 1500,lt trail boss,8,gasoline,132545,,,41750,6,,False
2020,Chevrolet,silverado 1500,work truck,6,flex,211953,,,13500,6,,False
2021,Chevrolet,silverado 1500,custom,6,flex,206390,,,15500,5,,False
2021,Chevrolet,silverado 1500,custom,8,gasoline,206766,,,14300,5,,False
2022,Chevrolet,silverado 1500,work truck,8,gasoline,95750,,,25500,4,,False
2022,Chevrolet,silverado 1500,work truck,8,gasoline,117514,,,24750,4,,False
2022,Chevrolet,silverado 1500,work truck,8,gasoline,68716,,,32000,4,,False
2022,Chevrolet,silverado 1500,work truck,8,gasoline,112788,,,28500,4,,False
2022,Chevrolet,silverado 1500,work truck,8,gasoline,139906,,,24600,4,,False
2022,Chevrolet,silverado 1500,work truck,8,gasoline,77994,,,30500,4,,False
2022,Chevrolet,silverado 1500,work truck,8,gasoline,125001,,,26000,4,,False
2022,Chevrolet,silverado 1500,work truck,8,gasoline,102873,,,27750,4,,False
2022,Chevrolet,silverado 1500,work truck,8,gasoline,92561,,,29500,4,,False
2022,Chevrolet,silverado 1500,work truck,8,gasoline,81488,,,30250,4,,False
2022,Chevrolet,silverado 1500,work truck,8,gasoline,54862,,,32750,4,,False
2022,Chevrolet,silverado 1500,work truck,8,gasoline,98287,,,30500,4,,False
2022,Chevrolet,silverado 1500,work truck,8,gasoline,90738,,,30250,4,,False
2022,Chevrolet,silverado 1500,work truck,8,gasoline,91349,,,25250,4,,False
2022,Chevrolet,silverado 1500,work truck,8,gasoline,66424,,,31750,4,,False
2022,Chevrolet,silverado 1500,work truck,8,gasoline,94697,,,30750,4,,False
2022,Chevrolet,silverado 1500,work truck,8,gasoline,86233,,,30000,4,,False
2022,Chevrolet,silverado 1500,work truck,8,gasoline,98588,,,29250,4,,False
2022,Chevrolet,silverado 1500,work truck,8,gasoline,139631,,,24750,4,,False
2022,Chevrolet,silverado 1500,work truck,8,gasoline,134159,,,25250,4,,False
2024,Chevrolet,silverado 1500,rst,6,diesel,53770,,,57500,2,,False
2023,Chevrolet,silverado 1500,rst,6,diesel,65626,,,50000,3,,False
2023,Chevrolet,silverado 1500,rst,6,diesel,45820,,,47900,3,,False
2023,Chevrolet,silverado 1500,rst,8,gasoline,20583,,,58250,3,,False
2023,Chevrolet,silverado 1500,rst,8,gasoline,22018,,,58400,3,,False
2023,Chevrolet,silverado 1500,rst,8,gasoline,75385,,,48000,3,,False
2024,Chevrolet,silverado 1500,high country,6,diesel,81326,,,61250,2,,False
2022,Chevrolet,silverado 1500,high country,6,diesel,82522,,,53700,4,,False
2020,Chevrolet,silverado 1500,custom,8,gasoline,65736,,,33900,6,,False
2020,Chevrolet,silverado 1500,rst,8,gasoline,133818,,,20200,6,,False
2021,Chevrolet,silverado 1500,rst,8,gasoline,47795,,,48750,5,,False
2019,Chevrolet,silverado 1500,lt,8,gasoline,119460,,,42300,7,,False
2016,Chevrolet,silverado 1500,ls,8,gasoline,184694,,,13700,10,,False
2017,Chevrolet,silverado 1500,custom,8,gasoline,49447,,,27500,9,,False
2016,Chevrolet,silverado 1500,custom,8,gasoline,186754,,,15250,10,,False
2017,Chevrolet,silverado 1500,lt,8,gasoline,147179,,,17400,9,,False
2018,Chevrolet,silverado 1500,lt,8,gasoline,101182,,,26600,8,,False
2018,Chevrolet,silverado 1500,lt,6,flex,203851,,,12750,8,,False
2024,Chevrolet,silverado 1500,rst,8,gasoline,51344,,,51900,2,,False
2023,Chevrolet,silverado 1500,rst,8,gasoline,38741,,,46000,3,,False
2023,Chevrolet,silverado 1500,rst,8,gasoline,41539,,,45750,3,,False
2023,Chevrolet,silverado 1500,rst,8,gasoline,56813,,,47500,3,,False
2023,Chevrolet,silverado 1500,high country,8,gasoline,56351,,,52500,3,,False
2022,Chevrolet,silverado 1500,custom trail boss,4,gasoline,53308,,,38200,4,,False
2023,Chevrolet,silverado 1500,lt,4,gasoline,24879,,,41750,3,,False
2023,Chevrolet,silverado 1500,lt,4,gasoline,40516,,,41500,3,,False
2023,Chevrolet,silverado 1500,lt trail boss,4,gasoline,40762,,,44500,3,,False
2023,Chevrolet,silverado 1500,custom,4,gasoline,50976,,,38000,3,,False
2023,Chevrolet,silverado 1500,custom,4,gasoline,66202,,,32000,3,,False
2023,Chevrolet,silverado 1500,custom trail boss,8,gasoline,152092,,,27700,3,,False
2023,Chevrolet,silverado 1500,custom trail boss,8,gasoline,45367,,,43500,3,,False
2023,Chevrolet,silverado 1500,lt,8,gasoline,41298,,,38000,3,,False
2023,Chevrolet,silverado 1500,lt,8,gasoline,43779,,,42750,3,,False
2023,Chevrolet,silverado 1500,lt trail boss,8,gasoline,60373,,,48250,3,,False
2024,Chevrolet,silverado 1500,lt trail boss,8,gasoline,42626,,,53750,2,,False
2023,Chevrolet,silverado 1500,lt trail boss,8,gasoline,34942,,,51750,3,,False
2024,Chevrolet,silverado 1500,lt trail boss,8,gasoline,43055,,,53500,2,,False
2023,Chevrolet,silverado 1500,zr2,8,gasoline,22023,,,61000,3,,False
2023,Chevrolet,silverado 1500,zr2,8,gasoline,101594,,,54000,3,,False
2023,Chevrolet,silverado 1500,zr2,8,gasoline,83878,,,53100,3,,False
2023,Chevrolet,silverado 1500,high country,6,diesel,55732,,,53000,3,,False
2018,Chevrolet,silverado 1500,custom,8,gasoline,150986,,,17000,8,,False
2017,Chevrolet,silverado 1500,lt,8,gasoline,120184,,,21500,9,,False
2017,Chevrolet,silverado 1500,lt,8,gasoline,159076,,,22400,9,,False
2017,Chevrolet,silverado 1500,lt,8,gasoline,200719,,,8600,9,,False
2016,Chevrolet,silverado 1500,lt,8,gasoline,193161,,,11400,10,,False
2021,Chevrolet,silverado 1500,custom,4,gasoline,114113,,,22000,5,,False
2018,Chevrolet,silverado 1500,lt,8,gasoline,91705,,,29500,8,,False
2016,Chevrolet,silverado 1500,lt,8,gasoline,214237,,,11200,10,,False
2017,Chevrolet,silverado 1500,lt,8,gasoline,150650,,,18200,9,,False
2023,Chevrolet,silverado 1500,rst,8,gasoline,48706,,,51000,3,,False
2024,Chevrolet,silverado 1500,lt,4,gasoline,15298,,,47600,2,,False
2017,Chevrolet,silverado 1500,lt,8,gasoline,140964,,,25924,9,,False
2023,Chevrolet,silverado 1500,custom,4,gasoline,44406,,,39100,3,,False
2024,Chevrolet,silverado 1500,work truck,8,gasoline,15880,,,31500,2,,False
2024,Chevrolet,silverado 1500,work truck,8,gasoline,12920,,,32100,2,,False
2024,Chevrolet,silverado 1500,work truck,8,gasoline,13763,,,32100,2,,False
2022,Chevrolet,silverado 1500,custom,4,gasoline,117354,,,28900,4,,False
2018,Chevrolet,silverado 1500,work truck,8,gasoline,287838,,,9800,8,,False
2018,Chevrolet,silverado 1500,custom,8,gasoline,202456,,,13000,8,,False
2018,Chevrolet,silverado 1500,lt,8,gasoline,152564,,,10100,8,,False
2018,Chevrolet,silverado 1500,lt,8,gasoline,265517,,,10900,8,,False
2016,Chevrolet,silverado 1500,lt,8,gasoline,185512,,,6000,10,,False
2018,Chevrolet,silverado 1500,lt,6,flex,119941,,,18100,8,,False
2014,Chevrolet,silverado 1500,lt,8,flex,269375,,,10500,12,,False
2024,Chevrolet,silverado 1500,zr2,6,diesel,21241,,,65800,2,,False
2017,Chevrolet,silverado 1500,lt,8,gasoline,66081,,,28000,9,,False
2015,Chevrolet,silverado 1500,no mentioned,6,flex,198913,,,7000,11,,False
2016,Chevrolet,silverado 1500,lt,8,gasoline,193448,,,12900,10,,False
2023,Chevrolet,silverado 1500,lt trail boss,4,gasoline,42097,,,47000,3,,False
2017,Chevrolet,silverado 1500,lt,8,gasoline,216356,,,12400,9,,False
2025,Chevrolet,silverado 1500,rst,8,gasoline,11798,,,65300,1,,False
2023,Chevrolet,silverado 1500,lt,8,gasoline,22907,,,45000,3,,False
2017,Chevrolet,silverado 1500,lt,8,flex,74776,,,29500,9,,False
2024,Chevrolet,silverado 1500,rst,8,gasoline,31598,,,57100,2,,False
2021,Chevrolet,silverado 1500,lt,8,gasoline,66411,,,37600,5,,False
2018,Chevrolet,silverado 1500,high country,8,gasoline,134221,,,26800,8,,False
2020,Chevrolet,silverado 1500,lt,8,gasoline,75790,,,34000,6,,False
2024,Chevrolet,silverado 1500,rst,6,diesel,57877,,,57000,2,,False
2017,Chevrolet,silverado 1500,lt,8,gasoline,121898,,,18800,9,,False
2014,Chevrolet,silverado 1500,work truck,8,flex,151417,,,9100,12,,False
2014,Chevrolet,silverado 1500,lt,8,flex,174403,,,11000,12,,False
2018,Chevrolet,silverado 1500,high country,8,flex,132777,,,31900,8,,False
2015,Chevrolet,silverado 1500,lt,8,gasoline,289877,,,10000,11,,False
2018,Chevrolet,silverado 1500,custom,8,gasoline,189906,,,9800,8,,False
2018,Chevrolet,silverado 1500,lt,8,gasoline,335181,,,7000,8,,False
2018,Chevrolet,silverado 1500,lt,8,gasoline,170546,,,20800,8,,False
2015,Chevrolet,silverado 1500,lt,8,gasoline,118768,,,14000,11,,False
2021,Chevrolet,silverado 1500,custom,8,gasoline,33364,,,38000,5,,False
2024,Chevrolet,silverado 1500,rst,6,diesel,34600,,,59000,2,,False
2014,Chevrolet,silverado 1500,lt,6,flex,221280,,,3200,12,,False
2020,Chevrolet,silverado 1500,work truck,8,gasoline,121742,,,28600,6,,False
2021,Chevrolet,silverado 1500,rst,8,gasoline,49455,,,47100,5,,False
2023,Chevrolet,silverado 1500,custom,4,gasoline,72127,,,36600,3,,False
2020,Chevrolet,silverado 1500,custom,4,gasoline,155548,,,15600,6,,False
2013,Chevrolet,silverado 1500,lt,8,flex,281035,,,3600,13,,False
2023,Chevrolet,silverado 1500,rst,6,diesel,79781,,,45500,3,,False
2022,Chevrolet,silverado 1500,zr2,8,gasoline,78539,,,49400,4,,False
2018,Chevrolet,silverado 1500,lt,8,gasoline,157816,,,17900,8,,False
2017,Chevrolet,silverado 1500,lt,8,flex,211777,,,12500,9,,False
2017,Chevrolet,silverado 1500,lt,8,gasoline,205490,,,13500,9,,False
2022,Chevrolet,silverado 1500,rst,8,gasoline,49376,,,46500,4,,False
2020,Chevrolet,silverado 1500,work truck,8,gasoline,12611,,,28300,6,,False
2020,Chevrolet,silverado 1500,lt,8,gasoline,23740,,,54400,6,,False
2014,Chevrolet,silverado 1500,lt,8,flex,196534,,,10200,12,,False
2022,Chevrolet,silverado 1500,custom,4,gasoline,36480,,,39800,4,,False
2023,Chevrolet,silverado 1500,custom,4,gasoline,50764,,,39600,3,,False
2020,Chevrolet,silverado 1500,lt trail boss,8,gasoline,107563,,,40600,6,,False
2021,Chevrolet,silverado 1500,lt trail boss,8,gasoline,109793,,,41300,5,,False
2021,Chevrolet,silverado 1500,lt trail boss,8,gasoline,45187,,,49700,5,,False
2021,Chevrolet,silverado 1500,custom,8,gasoline,40463,,,33500,5,,False
2024,Chevrolet,silverado 1500,work truck,8,gasoline,14124,,,44100,2,,False
2024,Chevrolet,silverado 1500,work truck,8,gasoline,15558,,,43500,2,,False
2021,Chevrolet,silverado 1500,custom,8,gasoline,93377,,,33750,5,,False
2017,Chevrolet,silverado 1500,work truck,8,gasoline,113214,,,6250,9,,False
2017,Chevrolet,silverado 1500,no mentioned,8,gasoline,155595,,,12500,9,,False
2018,Chevrolet,silverado 1500,lt,8,gasoline,96897,,,30500,8,,False
2022,Chevrolet,silverado 1500,custom trail boss,4,gasoline,53487,,,32000,4,,False
2023,Chevrolet,silverado 1500,lt trail boss,4,gasoline,43803,,,50000,3,,False
2024,Chevrolet,silverado 1500,work truck,8,gasoline,16457,,,32800,2,,False
2024,Chevrolet,silverado 1500,work truck,8,gasoline,12396,,,32600,2,,False
2024,Chevrolet,silverado 1500,work truck,8,gasoline,14974,,,31700,2,,False
2023,Chevrolet,silverado 1500,work truck,8,gasoline,34503,,,30000,3,,False
2013,Chevrolet,silverado 1500,ls,8,flex,157473,,,6700,13,,False
2022,Chevrolet,silverado 1500,rst,8,gasoline,77808,,,43400,4,,False
2024,Chevrolet,silverado 1500,lt trail boss,6,diesel,54688,,,50500,2,,False
2015,Chevrolet,silverado 1500,lt,8,gasoline,53594,,,18600,11,,False
2023,Chevrolet,silverado 1500,rst,6,diesel,21430,,,59000,3,,False
2014,Chevrolet,silverado 1500,lt,8,flex,201218,,,9100,12,,False
2021,Chevrolet,silverado 1500,lt trail boss,8,gasoline,40890,,,50800,5,,False
2016,Chevrolet,silverado 1500,no mentioned,8,gasoline,194196,,,11000,10,,False
2018,Chevrolet,silverado 1500,lt,8,gasoline,238691,,,12600,8,,False
2023,Chevrolet,silverado 1500,lt,8,gasoline,71842,,,43400,3,,False
2023,Chevrolet,silverado 1500,rst,8,gasoline,44644,,,54500,3,,False
2023,Chevrolet,silverado 1500,rst,8,gasoline,21323,,,58500,3,,False
2023,Chevrolet,silverado 1500,custom,4,gasoline,47961,,,40500,3,,False
2023,Chevrolet,silverado 1500,custom,4,gasoline,158507,,,27600,3,,False
2024,Chevrolet,silverado 1500,custom,4,gasoline,30601,,,43500,2,,False
2023,Chevrolet,silverado 1500,custom,4,gasoline,67417,,,38200,3,,False
2023,Chevrolet,silverado 1500,custom,4,gasoline,53787,,,36500,3,,False
2023,Chevrolet,silverado 1500,custom,4,gasoline,46412,,,40600,3,,False
2023,Chevrolet,silverado 1500,custom,4,gasoline,23590,,,41800,3,,False
2023,Chevrolet,silverado 1500,custom,4,gasoline,35866,,,40200,3,,False
2023,Chevrolet,silverado 1500,custom,4,gasoline,44721,,,38800,3,,False
2023,Chevrolet,silverado 1500,custom,4,gasoline,55263,,,39500,3,,False
2024,Chevrolet,silverado 1500,custom,4,gasoline,24484,,,44200,2,,False
2024,Chevrolet,silverado 1500,lt,4,gasoline,27097,,,43000,2,,False
2019,Chevrolet,silverado 1500,custom,6,flex,235356,,,11200,7,,False
2021,Chevrolet,silverado 1500,custom trail boss,8,gasoline,158828,,,27000,5,,False
2017,Chevrolet,silverado 1500,ls,6,flex,187930,,,8600,9,,False
2021,Chevrolet,silverado 1500,work truck,6,flex,169360,,,15750,5,,False
2019,Chevrolet,silverado 1500,custom,8,gasoline,232899,,,14500,7,,False
2019,Chevrolet,silverado 1500,custom trail boss,8,gasoline,228294,,,19750,7,,False
2021,Chevrolet,silverado 1500,lt,8,gasoline,121190,,,31750,5,,False
2019,Chevrolet,silverado 1500,rst,8,gasoline,36950,,,38000,7,,False
2024,Chevrolet,silverado 1500,work truck,8,gasoline,24398,,,41500,2,,False
2022,Chevrolet,silverado 1500,work truck,8,gasoline,80755,,,32250,4,,False
2022,Chevrolet,silverado 1500,work truck,8,gasoline,104884,,,26500,4,,False
2023,Chevrolet,silverado 1500,lt,8,gasoline,32565,,,48000,3,,False
2023,Chevrolet,silverado 1500,rst,6,diesel,57594,,,52750,3,,False
2024,Chevrolet,silverado 1500,rst,6,diesel,38088,,,58500,2,,False
2023,Chevrolet,silverado 1500,rst,6,diesel,78934,,,49000,3,,False
2023,Chevrolet,silverado 1500,rst,8,gasoline,28400,,,54200,3,,False
2022,Chevrolet,silverado 1500,rst,6,diesel,74575,,,50000,4,,False
2023,Chevrolet,silverado 1500,lt,8,gasoline,87078,,,50800,3,,False
2021,Chevrolet,silverado 1500,custom,8,gasoline,116326,,,31600,5,,False
2019,Chevrolet,silverado 1500,custom,8,gasoline,136133,,,30000,7,,False
2019,Chevrolet,silverado 1500,lt,8,gasoline,247278,,,12500,7,,False
2020,Chevrolet,silverado 1500,rst,8,gasoline,101650,,,34600,6,,False
2021,Chevrolet,silverado 1500,rst,6,diesel,66363,,,41250,5,,False
2014,Chevrolet,silverado 1500,work truck,8,flex,179614,,,3900,12,,False
2015,Chevrolet,silverado 1500,lt,8,gasoline,233950,,,3700,11,,False
2014,Chevrolet,silverado 1500,lt,8,flex,146056,,,6900,12,,False
2017,Chevrolet,silverado 1500,lt,8,gasoline,120499,,,24250,9,,False
2023,Chevrolet,silverado 1500,work truck,8,gasoline,35401,,,38500,3,,False
2023,Chevrolet,silverado 1500,rst,8,gasoline,46261,,,46000,3,,False
2023,Chevrolet,silverado 1500,rst,8,gasoline,35264,,,48000,3,,False
2022,Chevrolet,silverado 1500,custom trail boss,8,gasoline,53001,,,41000,4,,False
2024,Chevrolet,silverado 1500,rst,4,gasoline,24500,,,53000,2,,False
2024,Chevrolet,silverado 1500,work truck,8,gasoline,12740,,,31000,2,,False
2024,Chevrolet,silverado 1500,work truck,8,gasoline,12511,,,33500,2,,False
2024,Chevrolet,silverado 1500,work truck,8,gasoline,12456,,,31000,2,,False
2024,Chevrolet,silverado 1500,work truck,8,gasoline,13570,,,30500,2,,False
2023,Chevrolet,silverado 1500,work truck,4,gasoline,57471,,,19600,3,,False
2023,Chevrolet,silverado 1500,custom,4,gasoline,52530,,,37800,3,,False
2023,Chevrolet,silverado 1500,custom,4,gasoline,39210,,,38200,3,,False
2023,Chevrolet,silverado 1500,work truck,8,gasoline,32814,,,39800,3,,False
2023,Chevrolet,silverado 1500,rst,8,gasoline,55120,,,48200,3,,False
2023,Chevrolet,silverado 1500,rst,8,gasoline,65604,,,46000,3,,False
2022,Chevrolet,silverado 1500,lt trail boss,6,diesel,47488,,,45750,4,,False
2023,Chevrolet,silverado 1500,high country,8,gasoline,60438,,,55250,3,,False
2025,Chevrolet,silverado 1500,lt trail boss,8,gasoline,16779,,,59500,1,,False
2017,Chevrolet,silverado 1500,work truck,8,gasoline,92378,,,15000,9,,False
2017,Chevrolet,silverado 1500,lt,8,gasoline,206631,,,13900,9,,False
2015,Chevrolet,silverado 1500,lt,8,gasoline,235258,,,4200,11,,False
2025,Chevrolet,silverado 1500,lt trail boss,6,diesel,12084,,,61000,1,,False
2022,Chevrolet,silverado 1500,lt,8,gasoline,92759,,,48000,4,,False
2014,Chevrolet,silverado 1500,lt,8,flex,170268,,,11000,12,,False
2023,Chevrolet,silverado 1500,custom,4,gasoline,75366,,,34500,3,,False
2022,Chevrolet,silverado 1500,rst,8,gasoline,18783,,,54500,4,,False
2021,Chevrolet,silverado 1500,work truck,4,gasoline,120276,,,26200,5,,False
2023,Chevrolet,silverado 1500,rst,8,gasoline,48045,,,52800,3,,False
2023,Chevrolet,silverado 1500,work truck,4,gasoline,140072,,,24600,3,,False
2022,Chevrolet,silverado 1500,work truck,4,gasoline,94781,,,31300,4,,False
2023,Chevrolet,silverado 1500,rst,6,diesel,65682,,,53000,3,,False
2023,Chevrolet,silverado 1500,high country,8,gasoline,51177,,,59200,3,,False
2021,Chevrolet,silverado 1500,lt,6,diesel,113361,,,34000,5,,False
2020,Chevrolet,silverado 1500,high country,8,gasoline,145302,,,39000,6,,False
2024,Chevrolet,silverado 1500,work truck,8,gasoline,13979,,,32100,2,,False
2024,Chevrolet,silverado 1500,work truck,8,gasoline,14292,,,32300,2,,False
2024,Chevrolet,silverado 1500,work truck,8,gasoline,13642,,,32600,2,,False
2023,Chevrolet,silverado 1500,zr2,8,gasoline,61885,,,57000,3,,False
2017,Chevrolet,silverado 1500,lt,8,gasoline,194739,,,7100,9,,False
2018,Chevrolet,silverado 1500,lt,8,gasoline,137313,,,17200,8,,False
2018,Chevrolet,silverado 1500,lt,8,gasoline,147608,,,18500,8,,False
2022,Chevrolet,silverado 1500,lt trail boss,8,gasoline,67455,,,53000,4,,False
2021,Chevrolet,silverado 1500,rst,8,gasoline,165850,,,28000,5,,False
2017,Chevrolet,silverado 1500,lt,8,gasoline,198132,,,15600,9,,False
2017,Chevrolet,silverado 1500,lt,8,gasoline,140845,,,21300,9,,False
2022,Chevrolet,silverado 1500,rst,8,gasoline,44061,,,51300,4,,False
2025,Chevrolet,silverado 1500,lt trail boss,6,diesel,20609,,,59500,1,,False
2021,Chevrolet,silverado 1500,lt trail boss,8,gasoline,119812,,,38700,5,,False
2018,Chevrolet,silverado 1500,custom,8,gasoline,99610,,,28000,8,,False
2017,Chevrolet,silverado 1500,custom,8,gasoline,152229,,,15400,9,,False
2024,Chevrolet,silverado 1500,rst,8,gasoline,28978,,,56500,2,,False
2020,Chevrolet,silverado 1500,rst,8,gasoline,103575,,,24500,6,,False
2022,Chevrolet,silverado 1500,lt,8,gasoline,129436,,,35000,4,,False
2025,Chevrolet,silverado 1500,lt trail boss,6,diesel,44153,,,65000,1,,False
2018,Chevrolet,silverado 1500,lt,8,gasoline,188494,,,11500,8,,False
2018,Chevrolet,silverado 1500,lt,8,gasoline,156423,,,19200,8,,False
2023,Chevrolet,silverado 1500,custom,4,gasoline,34524,,,40500,3,,False
2019,Chevrolet,silverado 1500,lt,8,gasoline,281564,,,17400,7,,False
2023,Chevrolet,silverado 1500,rst,8,gasoline,21553,,,57100,3,,False
2016,Chevrolet,silverado 1500,ls,8,gasoline,28852,,,15000,10,,False
2024,Chevrolet,silverado 1500,work truck,8,gasoline,13024,,,31500,2,,False
2014,Chevrolet,silverado 1500,lt,8,flex,128653,,,18100,12,,False
2017,Chevrolet,silverado 1500,lt,8,gasoline,140100,,,21800,9,,False
2019,Chevrolet,silverado 1500,work truck,8,gasoline,274444,,,7600,7,,False
2019,Chevrolet,silverado 1500,rst,8,gasoline,52940,,,41500,7,,False
2021,Chevrolet,silverado 1500,rst,6,diesel,93967,,,37500,5,,False
2017,Chevrolet,silverado 1500,lt,8,gasoline,205733,,,12500,9,,False
2024,Chevrolet,silverado 1500,high country,8,gasoline,28275,,,65300,2,,False
2017,Chevrolet,silverado 1500,lt,8,gasoline,239025,,,12100,9,,False
2019,Chevrolet,silverado 1500,lt trail boss,8,gasoline,62149,,,43200,7,,False
2022,Chevrolet,silverado 1500,high country,6,diesel,129558,,,46600,4,,False
2023,Chevrolet,silverado 1500,lt trail boss,4,gasoline,44679,,,47200,3,,False
2017,Chevrolet,silverado 1500,work truck,6,flex,25866,,,22000,9,,False
2018,Chevrolet,silverado 1500,work truck,6,flex,191165,,,6500,8,,False
2022,Chevrolet,silverado 1500,custom,4,gasoline,53151,,,36500,4,,False
2022,Chevrolet,silverado 1500,custom,4,gasoline,54265,,,37800,4,,False
2023,Chevrolet,silverado 1500,custom,4,gasoline,40553,,,39100,3,,False
2021,Chevrolet,silverado 1500,custom trail boss,8,gasoline,61826,,,44800,5,,False
2019,Chevrolet,silverado 1500,custom trail boss,8,gasoline,82823,,,30100,7,,False
2020,Chevrolet,silverado 1500,custom,6,flex,200701,,,15500,6,,False
2020,Chevrolet,silverado 1500,custom,8,gasoline,53907,,,34000,6,,False
2021,Chevrolet,silverado 1500,custom,8,gasoline,324620,,,13700,5,,False
2019,Chevrolet,silverado 1500,custom trail boss,8,gasoline,221202,,,18250,7,,False
2023,Chevrolet,silverado 1500,high country,6,diesel,35629,,,65000,3,,False
2020,Chevrolet,silverado 1500,work truck,8,gasoline,173383,,,14750,6,,False
2020,Chevrolet,silverado 1500,lt,6,diesel,177020,,,17500,6,,False
2020,Chevrolet,silverado 1500,rst,8,gasoline,75218,,,44000,6,,False
2021,Chevrolet,silverado 1500,rst,8,gasoline,93299,,,41000,5,,False
2021,Chevrolet,silverado 1500,rst,8,gasoline,92221,,,46000,5,,False
2014,Chevrolet,silverado 1500,work truck,8,flex,192130,,,6150,12,,False
2017,Chevrolet,silverado 1500,lt,8,gasoline,99508,,,21000,9,,False
2023,Chevrolet,silverado 1500,work truck,8,gasoline,24121,,,29750,3,,False
2023,Chevrolet,silverado 1500,work truck,8,gasoline,27349,,,29750,3,,False
2024,Chevrolet,silverado 1500,work truck,8,gasoline,14279,,,31500,2,,False
2024,Chevrolet,silverado 1500,work truck,8,gasoline,25194,,,32500,2,,False
2024,Chevrolet,silverado 1500,work truck,8,gasoline,13358,,,31500,2,,False
2023,Chevrolet,silverado 1500,work truck,8,gasoline,20142,,,29750,3,,False
2023,Chevrolet,silverado 1500,work truck,8,gasoline,29634,,,29750,3,,False
2024,Chevrolet,silverado 1500,work truck,8,gasoline,12971,,,31500,2,,False
2023,Chevrolet,silverado 1500,lt trail boss,4,gasoline,39712,,,43200,3,,False
2024,Chevrolet,silverado 1500,custom trail boss,8,gasoline,26248,,,46500,2,,False
2014,Chevrolet,silverado 1500,work truck,8,flex,143409,,,10250,12,,False
2016,Chevrolet,silverado 1500,lt,8,gasoline,197989,,,8400,10,,False
2016,Chevrolet,silverado 1500,ls,8,gasoline,184688,,,13300,10,,False
2011,Chevrolet,silverado 1500,lt,8,flex,293993,,,3900,15,,False
2023,Chevrolet,silverado 1500,custom,4,gasoline,40800,,,41600,3,,False
2023,Chevrolet,silverado 1500,work truck,4,gasoline,63922,,,33000,3,,False
2023,Chevrolet,silverado 1500,custom,4,gasoline,34520,,,38900,3,,False
2023,Chevrolet,silverado 1500,custom,4,gasoline,48706,,,39200,3,,False
2023,Chevrolet,silverado 1500,custom,4,gasoline,35767,,,40750,3,,False
2023,Chevrolet,silverado 1500,custom,4,gasoline,17366,,,43200,3,,False
2023,Chevrolet,silverado 1500,custom,4,gasoline,34457,,,40750,3,,False
2023,Chevrolet,silverado 1500,custom,4,gasoline,50360,,,36500,3,,False
2023,Chevrolet,silverado 1500,custom,4,gasoline,52369,,,39000,3,,False
2020,Chevrolet,silverado 1500,custom trail boss,6,flex,153400,,,27500,6,,False
2020,Chevrolet,silverado 1500,custom trail boss,6,flex,140730,,,29000,6,,False
2020,Chevrolet,silverado 1500,custom trail boss,6,flex,183143,,,25000,6,,False
2021,Chevrolet,silverado 1500,lt trail boss,8,gasoline,111227,,,40800,5,,False
2022,Chevrolet,silverado 1500,lt,8,gasoline,150848,,,28000,4,,False
2019,Chevrolet,silverado 1500,work truck,8,gasoline,170981,,,19000,7,,False
2020,Chevrolet,silverado 1500,work truck,6,flex,196968,,,16250,6,,False
2021,Chevrolet,silverado 1500,custom,8,gasoline,95253,,,30000,5,,False
2022,Chevrolet,silverado 1500,work truck,8,gasoline,61334,,,31500,4,,False
2022,Chevrolet,silverado 1500,work truck,8,gasoline,69230,,,32750,4,,False
2022,Chevrolet,silverado 1500,work truck,8,gasoline,88045,,,25250,4,,False
2022,Chevrolet,silverado 1500,work truck,8,gasoline,104539,,,25600,4,,False
2022,Chevrolet,silverado 1500,work truck,8,gasoline,83428,,,29700,4,,False
2022,Chevrolet,silverado 1500,work truck,8,gasoline,107009,,,25300,4,,False
2022,Chevrolet,silverado 1500,work truck,8,gasoline,81518,,,31500,4,,False
2023,Chevrolet,silverado 1500,work truck,8,gasoline,41566,,,35000,3,,False
2022,Chevrolet,silverado 1500,work truck,8,gasoline,117327,,,25800,4,,False
2022,Chevrolet,silverado 1500,work truck,8,gasoline,82502,,,31750,4,,False
2022,Chevrolet,silverado 1500,work truck,8,gasoline,129852,,,24750,4,,False
2022,Chevrolet,silverado 1500,work truck,8,gasoline,100549,,,22700,4,,False
2023,Chevrolet,silverado 1500,rst,6,diesel,64662,,,53300,3,,False
2024,Chevrolet,silverado 1500,rst,6,diesel,38504,,,56400,2,,False
2024,Chevrolet,silverado 1500,rst,8,gasoline,57168,,,53000,2,,False
2022,Chevrolet,silverado 1500,rst,6,diesel,103653,,,43900,4,,False
2023,Chevrolet,silverado 1500,high country,8,gasoline,36280,,,61750,3,,False
2021,Chevrolet,silverado 1500,custom,8,gasoline,158275,,,26500,5,,False
2020,Chevrolet,silverado 1500,rst,8,gasoline,78748,,,41750,6,,False
2017,Chevrolet,silverado 1500,lt,8,gasoline,168217,,,18400,9,,False
2023,Chevrolet,silverado 1500,lt,8,gasoline,41813,,,46500,3,,False
2023,Chevrolet,silverado 1500,lt,8,gasoline,17667,,,43000,3,,False
2023,Chevrolet,silverado 1500,rst,8,gasoline,39840,,,47250,3,,False
2023,Chevrolet,silverado 1500,custom,4,gasoline,40184,,,39000,3,,False
2023,Chevrolet,silverado 1500,custom trail boss,4,gasoline,67278,,,36200,3,,False
2022,Chevrolet,silverado 1500,custom trail boss,4,gasoline,82896,,,34750,4,,False
2023,Chevrolet,silverado 1500,custom trail boss,4,gasoline,37441,,,41000,3,,False
2024,Chevrolet,silverado 1500,work truck,8,gasoline,14294,,,31500,2,,False
2024,Chevrolet,silverado 1500,work truck,8,gasoline,14590,,,32500,2,,False
2024,Chevrolet,silverado 1500,work truck,8,gasoline,12886,,,32500,2,,False
2024,Chevrolet,silverado 1500,work truck,8,gasoline,12384,,,31500,2,,False
2023,Chevrolet,silverado 1500,work truck,4,gasoline,33233,,,37500,3,,False
2023,Chevrolet,silverado 1500,custom,4,gasoline,37272,,,39000,3,,False
2013,Chevrolet,silverado 1500,lt,8,flex,132312,,,12000,13,,False
2023,Chevrolet,silverado 1500,work truck,8,gasoline,34447,,,35500,3,,False
2023,Chevrolet,silverado 1500,custom trail boss,8,gasoline,37677,,,44000,3,,False
2024,Chevrolet,silverado 1500,custom trail boss,8,gasoline,40440,,,46500,2,,False
2022,Chevrolet,silverado 1500,rst,8,gasoline,61197,,,41000,4,,False
2023,Chevrolet,silverado 1500,rst,8,gasoline,53092,,,48000,3,,False
2023,Chevrolet,silverado 1500,rst,8,gasoline,63539,,,47750,3,,False
2023,Chevrolet,silverado 1500,lt trail boss,8,gasoline,32357,,,51000,3,,False
2023,Chevrolet,silverado 1500,zr2,8,gasoline,57854,,,59000,3,,False
2023,Chevrolet,silverado 1500,zr2,8,gasoline,46698,,,61000,3,,False
2022,Chevrolet,silverado 1500,high country,8,gasoline,65975,,,45000,4,,False
2017,Chevrolet,silverado 1500,lt,8,gasoline,72549,,,24400,9,,False
2017,Chevrolet,silverado 1500,lt,8,gasoline,196650,,,15000,9,,False
2023,Chevrolet,silverado 1500,lt,8,gasoline,90344,,,52700,3,,False
2023,Chevrolet,silverado 1500,high country,8,gasoline,19913,,,68000,3,,False
2016,Chevrolet,silverado 1500,lt,8,gasoline,283739,,,9700,10,,False
2017,Chevrolet,silverado 1500,custom,8,gasoline,105457,,,18500,9,,False
2017,Chevrolet,silverado 1500,lt,8,gasoline,292203,,,11000,9,,False
2023,Chevrolet,silverado 1500,rst,8,gasoline,59094,,,52400,3,,False
2017,Chevrolet,silverado 1500,lt,8,gasoline,257244,,,5000,9,,False
2019,Chevrolet,silverado 1500,high country,8,gasoline,81295,,,43100,7,,False
2021,Chevrolet,silverado 1500,rst,8,gasoline,84354,,,42100,5,,False
2015,Chevrolet,silverado 1500,lt,8,gasoline,158457,,,15000,11,,False
2023,Chevrolet,silverado 1500,custom,4,gasoline,28876,,,45200,3,,False
2023,Chevrolet,silverado 1500,custom,4,gasoline,21716,,,41500,3,,False
2022,Chevrolet,silverado 1500,lt,8,gasoline,81088,,,48000,4,,False
2021,Chevrolet,silverado 1500,high country,8,gasoline,41741,,,54800,5,,False
2017,Chevrolet,silverado 1500,lt,6,flex,220392,,,9700,9,,False
2018,Chevrolet,silverado 1500,lt,6,flex,206730,,,12000,8,,False
2023,Chevrolet,silverado 1500,rst,8,gasoline,28900,,,50500,3,,False
2024,Chevrolet,silverado 1500,work truck,8,gasoline,13838,,,32000,2,,False
2024,Chevrolet,silverado 1500,work truck,8,gasoline,14740,,,32000,2,,False
2024,Chevrolet,silverado 1500,work truck,8,gasoline,14954,,,32200,2,,False
2024,Chevrolet,silverado 1500,work truck,8,gasoline,17155,,,32800,2,,False
2023,Chevrolet,silverado 1500,custom,4,gasoline,36791,,,40500,3,,False
2021,Chevrolet,silverado 1500,lt,4,gasoline,147007,,,22500,5,,False
2022,Chevrolet,silverado 1500,lt trail boss,8,gasoline,110675,,,37750,4,,False
2018,Chevrolet,silverado 1500,custom,8,gasoline,125850,,,19100,8,,False
2015,Chevrolet,silverado 1500,lt,8,gasoline,175105,,,7900,11,,False
2018,Chevrolet,silverado 1500,lt,8,gasoline,144032,,,15400,8,,False
2018,Chevrolet,silverado 1500,lt,8,gasoline,107104,,,28400,8,,False
2017,Chevrolet,silverado 1500,high country,8,gasoline,33874,,,40500,9,,False
2022,Chevrolet,silverado 1500,lt trail boss,8,gasoline,88326,,,42500,4,,False
2017,Chevrolet,silverado 1500,high country,8,flex,259534,,,11000,9,,False
2023,Chevrolet,silverado 1500,lt,8,gasoline,79499,,,40200,3,,False
2021,Chevrolet,silverado 1500,rst,8,gasoline,47747,,,40900,5,,False
2019,Chevrolet,silverado 1500,custom trail boss,8,gasoline,307588,,,9100,7,,False
2020,Chevrolet,silverado 1500,custom,8,gasoline,73973,,,31400,6,,False
2022,Chevrolet,silverado 1500,custom,4,gasoline,82054,,,34000,4,,False
2023,Chevrolet,silverado 1500,custom trail boss,8,gasoline,49889,,,43300,3,,False
2023,Chevrolet,silverado 1500,custom,4,gasoline,35178,,,44500,3,,False
2023,Chevrolet,silverado 1500,custom,4,gasoline,47747,,,42800,3,,False
2021,Chevrolet,silverado 1500,work truck,8,gasoline,173172,,,19400,5,,False
2020,Chevrolet,silverado 1500,rst,8,gasoline,169172,,,31000,6,,False
2017,Chevrolet,silverado 1500,lt,8,gasoline,254465,,,9000,9,,False
2015,Chevrolet,silverado 1500,lt,8,flex,158979,,,12900,11,,False
2016,Chevrolet,silverado 1500,custom,8,gasoline,149238,,,17000,10,,False
2021,Chevrolet,silverado 1500,rst,8,gasoline,153964,,,31500,5,,False
2022,Chevrolet,silverado 1500,custom,4,gasoline,103842,,,33000,4,,False
2023,Chevrolet,silverado 1500,lt,4,gasoline,28856,,,43500,3,,False
2023,Chevrolet,silverado 1500,work truck,8,gasoline,58372,,,36500,3,,False
2022,Chevrolet,silverado 1500,high country,6,diesel,94192,,,49250,4,,False
2020,Chevrolet,silverado 1500,lt,8,gasoline,188687,,,19900,6,,False
2022,Chevrolet,silverado 1500,rst,8,gasoline,224543,,,19500,4,,False
2023,Chevrolet,silverado 1500,lt trail boss,8,gasoline,31173,,,47000,3,,False
2022,Chevrolet,silverado 1500,high country,6,diesel,107308,,,51250,4,,False
2018,Chevrolet,silverado 1500,custom,8,gasoline,172422,,,12100,8,,False
2015,Chevrolet,silverado 1500,lt,8,gasoline,102889,,,11000,11,,False
2017,Chevrolet,silverado 1500,lt,8,gasoline,174882,,,12700,9,,False
2015,Chevrolet,silverado 1500,lt,8,flex,246140,,,6750,11,,False
2022,Chevrolet,silverado 1500,high country,8,gasoline,36768,,,59000,4,,False
2023,Chevrolet,silverado 1500,custom trail boss,8,gasoline,32761,,,49000,3,,False
2021,Chevrolet,silverado 1500,rst,8,gasoline,106674,,,40200,5,,False
2021,Chevrolet,silverado 1500,rst,6,diesel,190724,,,25000,5,,False
2023,Chevrolet,silverado 1500,custom,4,gasoline,55261,,,37500,3,,False
2023,Chevrolet,silverado 1500,rst,8,gasoline,36530,,,49000,3,,False
2011,Chevrolet,silverado 1500,wt,8,flex,96183,,,9400,15,,False
2011,Chevrolet,silverado 1500,lt,8,flex,129226,,,3700,15,,False
2021,Chevrolet,silverado 1500,custom,4,gasoline,179971,,,16400,5,,False
2019,Chevrolet,silverado 1500,rst,8,gasoline,167849,,,25900,7,,False
2021,Chevrolet,silverado 1500,rst,8,gasoline,64857,,,40500,5,,False
2023,Chevrolet,silverado 1500,rst,8,gasoline,63351,,,53000,3,,False
2022,Chevrolet,silverado 1500,rst,6,diesel,41328,,,52750,4,,False
2018,Chevrolet,silverado 1500,ls,8,gasoline,202178,,,10800,8,,False
2018,Chevrolet,silverado 1500,custom,8,gasoline,95158,,,27750,8,,False
2017,Chevrolet,silverado 1500,lt,8,gasoline,118390,,,17600,9,,False
2014,Chevrolet,silverado 1500,lt,8,flex,188463,,,12500,12,,False
2024,Chevrolet,silverado 1500,work truck,8,gasoline,15841,,,40250,2,,False
2022,Chevrolet,silverado 1500,custom trail boss,8,gasoline,39426,,,43000,4,,False
2023,Chevrolet,silverado 1500,work truck,8,gasoline,27912,,,31000,3,,False
2023,Chevrolet,silverado 1500,work truck,8,gasoline,20440,,,29750,3,,False
2023,Chevrolet,silverado 1500,work truck,8,gasoline,29703,,,31000,3,,False
2023,Chevrolet,silverado 1500,work truck,8,gasoline,19830,,,28500,3,,False
2024,Chevrolet,silverado 1500,work truck,8,gasoline,13023,,,31000,2,,False
2023,Chevrolet,silverado 1500,work truck,8,gasoline,31803,,,29750,3,,False
2023,Chevrolet,silverado 1500,work truck,8,gasoline,26675,,,30250,3,,False
2023,Chevrolet,silverado 1500,work truck,4,gasoline,39029,,,27400,3,,False
2016,Chevrolet,silverado 1500,work truck,8,gasoline,243604,,,4400,10,,False
2021,Chevrolet,silverado 1500,lt trail boss,8,gasoline,127494,,,35400,5,,False
2023,Chevrolet,silverado 1500,lt trail boss,8,gasoline,12495,,,54500,3,,False
2015,Chevrolet,silverado 1500,work truck,8,gasoline,84447,,,15200,11,,False
2018,Chevrolet,silverado 1500,lt,8,gasoline,152511,,,14200,8,,False
2018,Chevrolet,silverado 1500,lt,6,flex,247139,,,10900,8,,False
2020,Chevrolet,silverado 1500,custom,4,gasoline,277872,,,12200,6,,False
2015,Chevrolet,silverado 1500,lt,8,gasoline,264317,,,5400,11,,False
2016,Chevrolet,silverado 1500,work truck,8,gasoline,148905,,,6000,10,,False
2023,Chevrolet,silverado 1500,custom,4,gasoline,29037,,,41000,3,,False
2022,Chevrolet,silverado 1500,custom,4,gasoline,47208,,,39400,4,,False
2023,Chevrolet,silverado 1500,custom,4,gasoline,22487,,,43500,3,,False
2023,Chevrolet,silverado 1500,lt,4,gasoline,53073,,,42500,3,,False
2023,Chevrolet,silverado 1500,lt,4,gasoline,41044,,,43500,3,,False
2020,Chevrolet,silverado 1500,custom,4,gasoline,277872,,,9000,6,,False
2020,Chevrolet,silverado 1500,custom trail boss,8,gasoline,72928,,,40000,6,,False
2021,Chevrolet,silverado 1500,lt trail boss,8,gasoline,80996,,,45750,5,,False
2019,Chevrolet,silverado 1500,lt trail boss,8,gasoline,121369,,,33000,7,,False
2024,Chevrolet,silverado 1500,work truck,8,gasoline,21197,,,40250,2,,False
2022,Chevrolet,silverado 1500,work truck,8,gasoline,66652,,,33750,4,,False
2024,Chevrolet,silverado 1500,work truck,8,gasoline,37243,,,41000,2,,False
2023,Chevrolet,silverado 1500,rst,8,gasoline,21927,,,52250,3,,False
2024,Chevrolet,silverado 1500,rst,8,gasoline,24620,,,62400,2,,False
2020,Chevrolet,silverado 1500,lt,8,gasoline,62494,,,39000,6,,False
2019,Chevrolet,silverado 1500,lt,8,gasoline,246957,,,9450,7,,False
2019,Chevrolet,silverado 1500,lt,8,gasoline,121956,,,30000,7,,False
2021,Chevrolet,silverado 1500,lt,6,diesel,98855,,,43000,5,,False
2021,Chevrolet,silverado 1500,high country,8,gasoline,155493,,,40000,5,,False
2019,Chevrolet,silverado 1500,high country,8,gasoline,101524,,,41600,7,,False
2017,Chevrolet,silverado 1500,lt,8,gasoline,234541,,,7900,9,,False
2023,Chevrolet,silverado 1500,lt,8,gasoline,39540,,,43750,3,,False
2023,Chevrolet,silverado 1500,lt,8,gasoline,30261,,,52500,3,,False
2023,Chevrolet,silverado 1500,high country,8,gasoline,53244,,,57500,3,,False
2023,Chevrolet,silverado 1500,lt,4,gasoline,38055,,,42200,3,,False
2024,Chevrolet,silverado 1500,work truck,8,gasoline,12627,,,31500,2,,False
2024,Chevrolet,silverado 1500,work truck,8,gasoline,15853,,,32750,2,,False
2024,Chevrolet,silverado 1500,work truck,8,gasoline,20166,,,33200,2,,False
2023,Chevrolet,silverado 1500,custom,4,gasoline,39957,,,40000,3,,False
2023,Chevrolet,silverado 1500,rst,8,gasoline,59298,,,45250,3,,False
2022,Chevrolet,silverado 1500,lt trail boss,8,gasoline,160841,,,29000,4,,False
2014,Chevrolet,silverado 1500,lt,8,flex,157976,,,9600,12,,False
2017,Chevrolet,silverado 1500,lt,8,gasoline,200199,,,10700,9,,False
2015,Chevrolet,silverado 1500,high country,8,flex,171781,,,11200,11,,False
2022,Chevrolet,silverado 1500,custom trail boss,8,gasoline,112880,,,30700,4,,False
2016,Chevrolet,silverado 1500,high country,8,gasoline,169895,,,20100,10,,False
2025,Chevrolet,silverado 1500,custom trail boss,6,diesel,10250,,,57800,1,,False
2021,Chevrolet,silverado 1500,custom trail boss,8,gasoline,146843,,,32000,5,,False
2019,Chevrolet,silverado 1500,high country,8,gasoline,141088,,,33200,7,,False
2023,Chevrolet,silverado 1500,rst,8,gasoline,69478,,,42800,3,,False
2020,Chevrolet,silverado 1500,custom,8,gasoline,70000,,,34000,6,,False
2021,Chevrolet,silverado 1500,lt trail boss,8,gasoline,100327,,,40500,5,,False
2019,Chevrolet,silverado 1500,custom trail boss,8,gasoline,255952,,,14600,7,,False
2019,Chevrolet,silverado 1500,work truck,8,gasoline,171892,,,9500,7,,False
2020,Chevrolet,silverado 1500,lt,8,gasoline,138135,,,27500,6,,False
2019,Chevrolet,silverado 1500,lt,8,gasoline,154756,,,23250,7,,False
2023,Chevrolet,silverado 1500,rst,8,gasoline,51616,,,51500,3,,False
2022,Chevrolet,silverado 1500,custom trail boss,8,gasoline,98697,,,35000,4,,False
2024,Chevrolet,silverado 1500,work truck,8,gasoline,15552,,,32500,2,,False
2023,Chevrolet,silverado 1500,custom trail boss,8,gasoline,66949,,,32000,3,,False
2018,Chevrolet,silverado 1500,lt,8,gasoline,80036,,,16000,8,,False
2021,Chevrolet,silverado 1500,lt trail boss,8,gasoline,74226,,,44600,5,,False
2023,Chevrolet,silverado 1500,custom,4,gasoline,48803,,,41200,3,,False
2023,Chevrolet,silverado 1500,lt,6,diesel,95338,,,48500,3,,False
2021,Chevrolet,silverado 1500,lt trail boss,8,gasoline,43618,,,47500,5,,False
2018,Chevrolet,silverado 1500,lt,8,gasoline,189824,,,17000,8,,False
2018,Chevrolet,silverado 1500,custom,8,gasoline,172755,,,13600,8,,False
2015,Chevrolet,silverado 1500,lt,8,gasoline,241139,,,10000,11,,False
2020,Chevrolet,silverado 1500,lt trail boss,8,gasoline,124350,,,37700,6,,False
2017,Chevrolet,silverado 1500,no mentioned,8,gasoline,114578,,,17400,9,,False
2023,Chevrolet,silverado 1500,lt,8,gasoline,41548,,,49000,3,,False
2024,Chevrolet,silverado 1500,high country,8,gasoline,23572,,,64000,2,,False
2023,Chevrolet,silverado 1500,custom,4,gasoline,21459,,,42600,3,,False
2019,Chevrolet,silverado 1500,high country,8,gasoline,208978,,,26700,7,,False
2014,Chevrolet,silverado 1500,lt,8,flex,189631,,,10000,12,,False
2022,Chevrolet,silverado 1500,rst,8,gasoline,224495,,,19500,4,,False
2024,Chevrolet,silverado 1500,work truck,8,gasoline,12824,,,33600,2,,False
2022,Chevrolet,silverado 1500,custom,4,gasoline,51206,,,37000,4,,False
2022,Chevrolet,silverado 1500,custom,4,gasoline,54135,,,36400,4,,False
2023,Chevrolet,silverado 1500,rst,8,gasoline,41306,,,47250,3,,False
2018,Chevrolet,silverado 1500,custom,6,flex,135273,,,24900,8,,False
2019,Chevrolet,silverado 1500,lt trail boss,8,gasoline,134900,,,33600,7,,False
2018,Chevrolet,silverado 1500,custom,8,gasoline,260261,,,6000,8,,False
2021,Chevrolet,silverado 1500,custom trail boss,8,gasoline,123206,,,35700,5,,False
2023,Chevrolet,silverado 1500,work truck,4,gasoline,68115,,,34000,3,,False
2022,Chevrolet,silverado 1500,lt,4,gasoline,74695,,,36250,4,,False
2020,Chevrolet,silverado 1500,custom trail boss,8,gasoline,192231,,,20500,6,,False
2019,Chevrolet,silverado 1500,custom trail boss,8,gasoline,104694,,,34000,7,,False
2020,Chevrolet,silverado 1500,work truck,6,flex,172850,,,17300,6,,False
2010,Chevrolet,silverado 1500,ls,8,flex,150171,,,5300,16,,False
2024,Chevrolet,silverado 1500,work truck,8,gasoline,25888,,,42400,2,,False
2024,Chevrolet,silverado 1500,work truck,8,gasoline,51342,,,40600,2,,False
2024,Chevrolet,silverado 1500,rst,6,diesel,54686,,,56000,2,,False
2023,Chevrolet,silverado 1500,lt,8,gasoline,86983,,,49200,3,,False
2019,Chevrolet,silverado 1500,lt,8,gasoline,194068,,,18500,7,,False
2020,Chevrolet,silverado 1500,lt,6,diesel,211204,,,17600,6,,False
2021,Chevrolet,silverado 1500,high country,8,gasoline,133748,,,42500,5,,False
2017,Chevrolet,silverado 1500,lt,8,gasoline,59838,,,29300,9,,False
2017,Chevrolet,silverado 1500,lt,8,flex,125116,,,32000,9,,False
2024,Chevrolet,silverado 1500,rst,8,gasoline,83128,,,44000,2,,False
2023,Chevrolet,silverado 1500,work truck,8,gasoline,35196,,,28750,3,,False
2023,Chevrolet,silverado 1500,work truck,8,gasoline,26866,,,30000,3,,False
2024,Chevrolet,silverado 1500,work truck,8,gasoline,15041,,,32000,2,,False
2024,Chevrolet,silverado 1500,work truck,8,gasoline,13115,,,32000,2,,False
2023,Chevrolet,silverado 1500,work truck,8,gasoline,31698,,,30000,3,,False
2022,Chevrolet,silverado 1500,work truck,8,gasoline,69731,,,37500,4,,False
2018,Chevrolet,silverado 1500,work truck,8,gasoline,140676,,,15000,8,,False
2013,Chevrolet,silverado 1500,lt,8,flex,185875,,,12000,13,,False
2021,Chevrolet,silverado 1500,custom,4,gasoline,94970,,,27500,5,,False
2024,Chevrolet,silverado 1500,lt trail boss,8,gasoline,55781,,,55200,2,,False
2022,Chevrolet,silverado 1500,zr2,8,gasoline,36412,,,60400,4,,False
2016,Chevrolet,silverado 1500,work truck,8,gasoline,144294,,,14600,10,,False
2018,Chevrolet,silverado 1500,custom,8,gasoline,171291,,,8100,8,,False
2018,Chevrolet,silverado 1500,lt,8,gasoline,113259,,,24200,8,,False
2018,Chevrolet,silverado 1500,lt,8,gasoline,152525,,,12100,8,,False
2018,Chevrolet,silverado 1500,lt,8,flex,164428,,,23700,8,,False
2013,Chevrolet,silverado 1500,wt,8,flex,197894,,,6000,13,,False
2024,Chevrolet,silverado 1500,lt trail boss,8,gasoline,25120,,,60500,2,,False
2023,Chevrolet,silverado 1500,rst,8,gasoline,79233,,,49900,3,,False
2021,Chevrolet,silverado 1500,lt,8,gasoline,53728,,,35000,5,,False
2022,Chevrolet,silverado 1500,rst,8,gasoline,53014,,,46600,4,,False
2023,Chevrolet,silverado 1500,custom,4,gasoline,29030,,,41700,3,,False
2023,Chevrolet,silverado 1500,custom,4,gasoline,41921,,,40500,3,,False
2023,Chevrolet,silverado 1500,custom,4,gasoline,39962,,,40700,3,,False
2023,Chevrolet,silverado 1500,custom,4,gasoline,47606,,,36500,3,,False
2023,Chevrolet,silverado 1500,custom,4,gasoline,32079,,,39500,3,,False
2023,Chevrolet,silverado 1500,custom,4,gasoline,30347,,,41800,3,,False
2023,Chevrolet,silverado 1500,custom,4,gasoline,33753,,,38200,3,,False
2023,Chevrolet,silverado 1500,custom,4,gasoline,15277,,,43000,3,,False
2023,Chevrolet,silverado 1500,custom,4,gasoline,47648,,,38200,3,,False
2023,Chevrolet,silverado 1500,custom,4,gasoline,17726,,,41700,3,,False
2023,Chevrolet,silverado 1500,custom,4,gasoline,40799,,,39300,3,,False
2023,Chevrolet,silverado 1500,custom,4,gasoline,65922,,,37000,3,,False
2023,Chevrolet,silverado 1500,lt,4,gasoline,34254,,,42250,3,,False
2023,Chevrolet,silverado 1500,lt,4,gasoline,30986,,,45750,3,,False
2023,Chevrolet,silverado 1500,rst,4,gasoline,29390,,,47000,3,,False
2019,Chevrolet,silverado 1500,custom trail boss,8,gasoline,147955,,,30250,7,,False
2021,Chevrolet,silverado 1500,lt,4,gasoline,52658,,,38500,5,,False
2021,Chevrolet,silverado 1500,lt trail boss,8,gasoline,82083,,,48250,5,,False
2019,Chevrolet,silverado 1500,custom,6,flex,132384,,,22600,7,,False
2023,Chevrolet,silverado 1500,lt,8,gasoline,79492,,,41750,3,,False
2024,Chevrolet,silverado 1500,rst,6,diesel,80817,,,47500,2,,False
2024,Chevrolet,silverado 1500,rst,6,diesel,52815,,,53250,2,,False
2024,Chevrolet,silverado 1500,rst,6,diesel,21900,,,57000,2,,False
2024,Chevrolet,silverado 1500,rst,6,diesel,97029,,,45750,2,,False
2023,Chevrolet,silverado 1500,rst,8,gasoline,19234,,,54500,3,,False
2023,Chevrolet,silverado 1500,rst,8,gasoline,31560,,,54500,3,,False
2022,Chevrolet,silverado 1500,rst,8,gasoline,101125,,,40000,4,,False
2023,Chevrolet,silverado 1500,lt,8,gasoline,37689,,,53750,3,,False
2017,Chevrolet,silverado 1500,lt,8,gasoline,162481,,,12800,9,,False
2017,Chevrolet,silverado 1500,lt,8,gasoline,115800,,,28250,9,,False
2021,Chevrolet,silverado 1500,custom,8,gasoline,186904,,,25300,5,,False
2021,Chevrolet,silverado 1500,custom,8,gasoline,52674,,,39800,5,,False
2020,Chevrolet,silverado 1500,custom,8,gasoline,48068,,,35250,6,,False
2021,Chevrolet,silverado 1500,custom,8,gasoline,114214,,,26500,5,,False
2021,Chevrolet,silverado 1500,lt,8,gasoline,88769,,,33750,5,,False
2019,Chevrolet,silverado 1500,rst,8,gasoline,104934,,,33000,7,,False
2021,Chevrolet,silverado 1500,rst,8,gasoline,151735,,,34000,5,,False
2021,Chevrolet,silverado 1500,rst,8,gasoline,187631,,,30000,5,,False
2018,Chevrolet,silverado 1500,ls,6,flex,249264,,,7750,8,,False
2023,Chevrolet,silverado 1500,lt,8,gasoline,33507,,,45000,3,,False
2023,Chevrolet,silverado 1500,lt,8,gasoline,80608,,,37750,3,,False
2023,Chevrolet,silverado 1500,rst,8,gasoline,26975,,,46000,3,,False
2023,Chevrolet,silverado 1500,rst,8,gasoline,32194,,,50250,3,,False
2022,Chevrolet,silverado 1500,lt,8,gasoline,75986,,,44500,4,,False
2023,Chevrolet,silverado 1500,high country,8,gasoline,50132,,,58500,3,,False
2022,Chevrolet,silverado 1500,custom trail boss,4,gasoline,56746,,,36400,4,,False
2023,Chevrolet,silverado 1500,custom trail boss,4,gasoline,69971,,,36700,3,,False
2023,Chevrolet,silverado 1500,custom trail boss,4,gasoline,75815,,,38400,3,,False
2023,Chevrolet,silverado 1500,custom trail boss,4,gasoline,40120,,,43400,3,,False
2022,Chevrolet,silverado 1500,custom trail boss,4,gasoline,27970,,,40800,4,,False
2023,Chevrolet,silverado 1500,custom trail boss,4,gasoline,43909,,,44000,3,,False
2024,Chevrolet,silverado 1500,work truck,8,gasoline,16248,,,33250,2,,False
2024,Chevrolet,silverado 1500,work truck,8,gasoline,15703,,,33250,2,,False
2024,Chevrolet,silverado 1500,work truck,8,gasoline,13308,,,33500,2,,False
2024,Chevrolet,silverado 1500,work truck,8,gasoline,14501,,,31500,2,,False
2023,Chevrolet,silverado 1500,custom,4,gasoline,43276,,,37000,3,,False
2022,Chevrolet,silverado 1500,lt trail boss,4,gasoline,137944,,,26600,4,,False
2023,Chevrolet,silverado 1500,custom trail boss,8,gasoline,63078,,,39200,3,,False
2023,Chevrolet,silverado 1500,lt,8,gasoline,43046,,,43200,3,,False
2023,Chevrolet,silverado 1500,rst,8,gasoline,34960,,,47500,3,,False
2023,Chevrolet,silverado 1500,rst,8,gasoline,46686,,,49400,3,,False
2023,Chevrolet,silverado 1500,rst,8,gasoline,37883,,,49500,3,,False
2023,Chevrolet,silverado 1500,lt trail boss,8,gasoline,39235,,,49750,3,,False
2023,Chevrolet,silverado 1500,lt trail boss,8,gasoline,37263,,,50500,3,,False
2016,Chevrolet,silverado 1500,lt,8,gasoline,105070,,,23600,10,,False
2021,Chevrolet,silverado 1500,high country,8,gasoline,113691,,,44000,5,,False
2023,Chevrolet,silverado 1500,lt,8,gasoline,124092,,,35500,3,,False
2018,Chevrolet,silverado 1500,lt,8,gasoline,183363,,,19300,8,,False
2015,Chevrolet,silverado 1500,lt,8,gasoline,118653,,,12800,11,,False
2019,Chevrolet,silverado 1500,custom,8,gasoline,125785,,,26600,7,,False
2023,Chevrolet,silverado 1500,custom,4,gasoline,38516,,,43800,3,,False
2023,Chevrolet,silverado 1500,custom,4,gasoline,28866,,,43000,3,,False
2019,Chevrolet,silverado 1500,custom trail boss,8,gasoline,77337,,,40500,7,,False
2017,Chevrolet,silverado 1500,lt,8,gasoline,167336,,,12600,9,,False
2019,Chevrolet,silverado 1500,high country,8,gasoline,162620,,,24600,7,,False
2015,Chevrolet,silverado 1500,lt,8,gasoline,180495,,,5000,11,,False
2024,Chevrolet,silverado 1500,work truck,8,gasoline,13921,,,32700,2,,False
2024,Chevrolet,silverado 1500,work truck,8,gasoline,14050,,,33100,2,,False
2024,Chevrolet,silverado 1500,work truck,8,gasoline,13983,,,33000,2,,False
2024,Chevrolet,silverado 1500,work truck,8,gasoline,15315,,,32500,2,,False
2022,Chevrolet,silverado 1500,lt trail boss,8,gasoline,35706,,,46600,4,,False
2016,Chevrolet,silverado 1500,lt,8,gasoline,192802,,,15850,10,,False
2025,Chevrolet,silverado 1500,lt trail boss,8,gasoline,14405,,,64500,1,,False
2022,Chevrolet,silverado 1500,lt trail boss,8,gasoline,24808,,,50000,4,,False
2022,Chevrolet,silverado 1500,lt trail boss,8,gasoline,106025,,,43900,4,,False
2023,Chevrolet,silverado 1500,custom,4,gasoline,36697,,,41700,3,,False
2016,Chevrolet,silverado 1500,ls,8,gasoline,81545,,,19000,10,,False
2018,Chevrolet,silverado 1500,lt,8,flex,186667,,,20300,8,,False
2023,Chevrolet,silverado 1500,custom,4,gasoline,42857,,,41800,3,,False
2017,Chevrolet,silverado 1500,custom,8,gasoline,143967,,,22100,9,,False
2018,Chevrolet,silverado 1500,custom,8,gasoline,98528,,,23900,8,,False
2020,Chevrolet,silverado 1500,custom,8,gasoline,317540,,,13300,6,,False
2023,Chevrolet,silverado 1500,custom,4,gasoline,32373,,,41200,3,,False
2021,Chevrolet,silverado 1500,lt,6,diesel,136240,,,40000,5,,False
2023,Chevrolet,silverado 1500,rst,8,gasoline,108134,,,38400,3,,False
2017,Chevrolet,silverado 1500,work truck,6,flex,50508,,,8000,9,,False
2016,Chevrolet,silverado 1500,no mentioned,8,gasoline,218537,,,7000,10,,False
2024,Chevrolet,silverado 1500,lt trail boss,8,gasoline,26569,,,58000,2,,False
2023,Chevrolet,silverado 1500,custom,4,gasoline,14284,,,43200,3,,False
2025,Chevrolet,silverado 1500,lt trail boss,8,gasoline,15954,,,62500,1,,False
2020,Chevrolet,silverado 1500,work truck,4,gasoline,157000,,,19200,6,,False
2016,Chevrolet,silverado 1500,work truck,8,gasoline,121740,,,7000,10,,False
2016,Chevrolet,silverado 1500,work truck,8,gasoline,116517,,,7000,10,,False
2019,Chevrolet,silverado 1500,lt trail boss,8,gasoline,133906,,,34750,7,,False
2020,Chevrolet,silverado 1500,lt trail boss,8,gasoline,139155,,,36200,6,,False
2021,Chevrolet,silverado 1500,custom,8,gasoline,144704,,,29100,5,,False
2020,Chevrolet,silverado 1500,rst,8,gasoline,278691,,,17600,6,,False
2021,Chevrolet,silverado 1500,custom trail boss,8,gasoline,92620,,,34250,5,,False
2023,Chevrolet,silverado 1500,zr2,8,gasoline,112524,,,51600,3,,False
2023,Chevrolet,silverado 1500,lt,8,gasoline,54329,,,46000,3,,False
2023,Chevrolet,silverado 1500,lt,4,gasoline,64764,,,40200,3,,False
2018,Chevrolet,silverado 1500,lt,8,gasoline,198988,,,14900,8,,False
2014,Chevrolet,silverado 1500,lt,8,flex,221876,,,9000,12,,False
2021,Chevrolet,silverado 1500,lt trail boss,8,gasoline,158043,,,35100,5,,False
2018,Chevrolet,silverado 1500,ls,6,flex,224216,,,5700,8,,False
2022,Chevrolet,silverado 1500,custom,4,gasoline,59414,,,34600,4,,False
2022,Chevrolet,silverado 1500,lt,4,gasoline,47237,,,38000,4,,False
2022,Chevrolet,silverado 1500,work truck,8,gasoline,73073,,,35750,4,,False
2023,Chevrolet,silverado 1500,work truck,8,gasoline,35611,,,37200,3,,False
2013,Chevrolet,silverado 1500,lt,8,flex,88252,,,15200,13,,False
2019,Chevrolet,silverado 1500,work truck,6,flex,156786,,,11100,7,,False
2021,Chevrolet,silverado 1500,work truck,4,gasoline,114239,,,25900,5,,False
2024,Chevrolet,silverado 1500,work truck,8,gasoline,40294,,,41900,2,,False
2023,Chevrolet,silverado 1500,rst,8,gasoline,58027,,,53500,3,,False
2023,Chevrolet,silverado 1500,rst,8,gasoline,55630,,,50500,3,,False
2023,Chevrolet,silverado 1500,lt,8,gasoline,194950,,,34000,3,,False
2021,Chevrolet,silverado 1500,custom,8,gasoline,54246,,,35200,5,,False
2021,Chevrolet,silverado 1500,lt,8,gasoline,258923,,,17100,5,,False
2021,Chevrolet,silverado 1500,rst,8,gasoline,60616,,,43500,5,,False
2021,Chevrolet,silverado 1500,rst,8,gasoline,62868,,,43250,5,,False
2018,Chevrolet,silverado 1500,work truck,6,flex,341229,,,5500,8,,False
2017,Chevrolet,silverado 1500,no mentioned,6,flex,137311,,,14500,9,,False
2023,Chevrolet,silverado 1500,custom,4,gasoline,31309,,,39000,3,,False
2024,Chevrolet,silverado 1500,work truck,8,gasoline,12333,,,33600,2,,False
2023,Chevrolet,silverado 1500,work truck,8,gasoline,23205,,,30500,3,,False
2023,Chevrolet,silverado 1500,work truck,8,gasoline,27507,,,30750,3,,False
2024,Chevrolet,silverado 1500,work truck,8,gasoline,12163,,,33900,2,,False
2024,Chevrolet,silverado 1500,work truck,8,gasoline,13022,,,33250,2,,False
2022,Chevrolet,silverado 1500,work truck,4,gasoline,223529,,,16000,4,,False
2013,Chevrolet,silverado 1500,lt,8,flex,180636,,,4700,13,,False
2023,Chevrolet,silverado 1500,rst,8,gasoline,29547,,,52000,3,,False
2024,Chevrolet,silverado 1500,zr2,6,diesel,46657,,,64500,2,,False
2025,Chevrolet,silverado 1500,lt,8,gasoline,31363,,,55000,1,,False
2017,Chevrolet,silverado 1500,work truck,8,gasoline,125302,,,9100,9,,False
2021,Chevrolet,silverado 1500,high country,6,diesel,160435,,,37000,5,,False
2021,Chevrolet,silverado 1500,lt trail boss,8,gasoline,99650,,,42000,5,,False
2018,Chevrolet,silverado 1500,custom,8,gasoline,142934,,,16000,8,,False
2018,Chevrolet,silverado 1500,high country,8,flex,185074,,,22000,8,,False
2022,Chevrolet,silverado 1500,high country,6,diesel,54644,,,55300,4,,False
2021,Chevrolet,silverado 1500,lt,8,gasoline,104298,,,32800,5,,False
2016,Chevrolet,silverado 1500,no mentioned,8,gasoline,152086,,,12600,10,,False
2018,Chevrolet,silverado 1500,no mentioned,8,gasoline,107299,,,21300,8,,False
2023,Chevrolet,silverado 1500,work truck,4,gasoline,15126,,,43600,3,,False
2023,Chevrolet,silverado 1500,custom,4,gasoline,35550,,,42600,3,,False
2023,Chevrolet,silverado 1500,custom,4,gasoline,48721,,,37500,3,,False
2023,Chevrolet,silverado 1500,custom,4,gasoline,39758,,,41000,3,,False
2023,Chevrolet,silverado 1500,custom,4,gasoline,42284,,,38900,3,,False
2023,Chevrolet,silverado 1500,custom,4,gasoline,28264,,,39400,3,,False
2023,Chevrolet,silverado 1500,custom,4,gasoline,65918,,,36400,3,,False
2023,Chevrolet,silverado 1500,custom,4,gasoline,50580,,,38000,3,,False
2023,Chevrolet,silverado 1500,custom,4,gasoline,28548,,,42750,3,,False
2023,Chevrolet,silverado 1500,lt,4,gasoline,29001,,,45200,3,,False
2023,Chevrolet,silverado 1500,lt,4,gasoline,46133,,,41500,3,,False
2021,Chevrolet,silverado 1500,custom trail boss,8,gasoline,164384,,,28750,5,,False
2020,Chevrolet,silverado 1500,lt trail boss,8,gasoline,181434,,,30500,6,,False
2016,Chevrolet,silverado 1500,ls,6,flex,177808,,,6250,10,,False
2015,Chevrolet,silverado 1500,ls,6,flex,218291,,,3100,11,,False
2019,Chevrolet,silverado 1500,lt,8,gasoline,166901,,,25600,7,,False
2024,Chevrolet,silverado 1500,work truck,8,gasoline,52004,,,39750,2,,False
2024,Chevrolet,silverado 1500,work truck,8,gasoline,43676,,,40000,2,,False
2024,Chevrolet,silverado 1500,work truck,8,gasoline,50937,,,40750,2,,False
2022,Chevrolet,silverado 1500,lt,8,gasoline,119845,,,34400,4,,False
2023,Chevrolet,silverado 1500,lt,8,gasoline,31930,,,46200,3,,False
2024,Chevrolet,silverado 1500,rst,6,diesel,80813,,,47600,2,,False
2024,Chevrolet,silverado 1500,rst,6,diesel,34077,,,57000,2,,False
2024,Chevrolet,silverado 1500,rst,8,gasoline,57165,,,54000,2,,False
2023,Chevrolet,silverado 1500,high country,6,diesel,152513,,,42900,3,,False
2017,Chevrolet,silverado 1500,lt,8,gasoline,103126,,,21250,9,,False
2020,Chevrolet,silverado 1500,custom,8,gasoline,60891,,,28600,6,,False
2021,Chevrolet,silverado 1500,custom,8,gasoline,57498,,,35500,5,,False
2020,Chevrolet,silverado 1500,rst,8,gasoline,211516,,,24000,6,,False
2017,Chevrolet,silverado 1500,custom,8,gasoline,162561,,,16200,9,,False
2018,Chevrolet,silverado 1500,custom,8,gasoline,144622,,,21400,8,,False
2018,Chevrolet,silverado 1500,lt,8,gasoline,121893,,,26500,8,,False
2017,Chevrolet,silverado 1500,lt,8,gasoline,179542,,,20900,9,,False
2023,Chevrolet,silverado 1500,work truck,8,gasoline,42491,,,39750,3,,False
2023,Chevrolet,silverado 1500,custom trail boss,4,gasoline,32122,,,44000,3,,False
2023,Chevrolet,silverado 1500,custom trail boss,4,gasoline,32688,,,42000,3,,False
2023,Chevrolet,silverado 1500,custom trail boss,4,gasoline,43696,,,41200,3,,False
2023,Chevrolet,silverado 1500,custom trail boss,4,gasoline,34812,,,43000,3,,False
2023,Chevrolet,silverado 1500,custom trail boss,4,gasoline,37684,,,40000,3,,False
2024,Chevrolet,silverado 1500,work truck,8,gasoline,12838,,,31500,2,,False
2024,Chevrolet,silverado 1500,work truck,8,gasoline,11304,,,10100,2,,False
2024,Chevrolet,silverado 1500,work truck,8,gasoline,13240,,,31500,2,,False
2024,Chevrolet,silverado 1500,work truck,8,gasoline,16062,,,31100,2,,False
2024,Chevrolet,silverado 1500,work truck,8,gasoline,12631,,,31500,2,,False
2024,Chevrolet,silverado 1500,work truck,8,gasoline,15477,,,33000,2,,False
2023,Chevrolet,silverado 1500,custom,4,gasoline,19107,,,42500,3,,False
2023,Chevrolet,silverado 1500,custom,4,gasoline,41261,,,40250,3,,False
2023,Chevrolet,silverado 1500,work truck,8,gasoline,30489,,,39750,3,,False
2024,Chevrolet,silverado 1500,custom trail boss,6,diesel,45077,,,47000,2,,False
2023,Chevrolet,silverado 1500,rst,8,gasoline,42009,,,51600,3,,False
2023,Chevrolet,silverado 1500,rst,8,gasoline,33433,,,46000,3,,False
2024,Chevrolet,silverado 1500,lt trail boss,6,diesel,96452,,,43100,2,,False
2024,Chevrolet,silverado 1500,zr2,6,diesel,33560,,,67750,2,,False
2023,Chevrolet,silverado 1500,zr2,8,gasoline,72820,,,59700,3,,False
2018,Chevrolet,silverado 1500,lt,8,gasoline,239437,,,7900,8,,False
2017,Chevrolet,silverado 1500,lt,8,gasoline,156269,,,15700,9,,False
2018,Chevrolet,silverado 1500,lt,8,gasoline,247456,,,12000,8,,False
2018,Chevrolet,silverado 1500,lt,8,gasoline,95078,,,24100,8,,False
2017,Chevrolet,silverado 1500,lt,8,gasoline,128142,,,18000,9,,False
2018,Chevrolet,silverado 1500,lt,6,flex,322500,,,4300,8,,False
2018,Chevrolet,silverado 1500,high country,8,flex,132328,,,19250,8,,False
2021,Chevrolet,silverado 1500,rst,8,gasoline,50136,,,42500,5,,False
2021,Chevrolet,silverado 1500,lt trail boss,8,gasoline,139695,,,31000,5,,False
2018,Chevrolet,silverado 1500,lt,8,gasoline,181413,,,18800,8,,False
2022,Chevrolet,silverado 1500,custom,4,gasoline,70921,,,36100,4,,False
2020,Chevrolet,silverado 1500,custom trail boss,8,gasoline,64386,,,39700,6,,False
2021,Chevrolet,silverado 1500,custom trail boss,8,gasoline,125072,,,34000,5,,False
2023,Chevrolet,silverado 1500,custom,4,gasoline,49559,,,39800,3,,False
2021,Chevrolet,silverado 1500,custom trail boss,8,gasoline,153685,,,29400,5,,False
2019,Chevrolet,silverado 1500,custom trail boss,8,gasoline,293908,,,11400,7,,False
2019,Chevrolet,silverado 1500,custom trail boss,8,gasoline,192542,,,21800,7,,False
2024,Chevrolet,silverado 1500,lt,8,gasoline,88593,,,43500,2,,False
2023,Chevrolet,silverado 1500,lt,8,gasoline,72103,,,37800,3,,False
2024,Chevrolet,silverado 1500,work truck,8,gasoline,14993,,,33000,2,,False
2024,Chevrolet,silverado 1500,work truck,8,gasoline,14160,,,32600,2,,False
2024,Chevrolet,silverado 1500,work truck,8,gasoline,13136,,,33000,2,,False
2024,Chevrolet,silverado 1500,work truck,8,gasoline,15690,,,32500,2,,False
2023,Chevrolet,silverado 1500,zr2,8,gasoline,47132,,,66000,3,,False
2015,Chevrolet,silverado 1500,lt,8,gasoline,175059,,,7250,11,,False
2023,Chevrolet,silverado 1500,custom,4,gasoline,50772,,,41300,3,,False
2017,Chevrolet,silverado 1500,lt,8,gasoline,179553,,,11700,9,,False
2022,Chevrolet,silverado 1500,rst,8,gasoline,105071,,,38000,4,,False
2019,Chevrolet,silverado 1500,rst,8,gasoline,163607,,,30000,7,,False
2023,Chevrolet,silverado 1500,custom,4,gasoline,31756,,,40500,3,,False
2017,Chevrolet,silverado 1500,lt,8,gasoline,290905,,,7500,9,,False
2022,Chevrolet,silverado 1500,rst,6,diesel,79909,,,45100,4,,False
2018,Chevrolet,silverado 1500,custom,8,gasoline,240282,,,6300,8,,False
2014,Chevrolet,silverado 1500,work truck,6,flex,198104,,,7200,12,,False
2023,Chevrolet,silverado 1500,lt trail boss,4,gasoline,28891,,,49200,3,,False
2019,Chevrolet,silverado 1500,high country,8,gasoline,147057,,,38200,7,,False
2020,Chevrolet,silverado 1500,custom,4,gasoline,219409,,,13200,6,,False
2023,Chevrolet,silverado 1500,custom,4,gasoline,21052,,,42700,3,,False
2023,Chevrolet,silverado 1500,custom,4,gasoline,58875,,,38200,3,,False
2019,Chevrolet,silverado 1500,lt trail boss,8,gasoline,271589,,,14200,7,,False
2020,Chevrolet,silverado 1500,lt trail boss,8,gasoline,101815,,,37500,6,,False
2022,Chevrolet,silverado 1500,custom trail boss,4,gasoline,77571,,,35500,4,,False
2022,Chevrolet,silverado 1500,custom trail boss,4,gasoline,235772,,,19000,4,,False
2024,Chevrolet,silverado 1500,work truck,8,gasoline,13079,,,33500,2,,False
2017,Chevrolet,silverado 1500,lt,8,gasoline,214646,,,10750,9,,False
2015,Chevrolet,silverado 1500,lt,8,flex,71004,,,22800,11,,False
2021,Chevrolet,silverado 1500,high country,8,gasoline,53350,,,48700,5,,False
2019,Chevrolet,silverado 1500,lt,8,gasoline,148870,,,9000,7,,False
2015,Chevrolet,silverado 1500,lt,8,gasoline,226884,,,10300,11,,False
2016,Chevrolet,silverado 1500,lt,8,gasoline,233236,,,14700,10,,False
2023,Chevrolet,silverado 1500,custom,4,gasoline,51939,,,38400,3,,False
2020,Chevrolet,silverado 1500,work truck,6,flex,152474,,,20750,6,,False
2021,Chevrolet,silverado 1500,custom,4,gasoline,102292,,,28400,5,,False
2019,Chevrolet,silverado 1500,custom trail boss,8,gasoline,84112,,,37200,7,,False
2011,Chevrolet,silverado 1500,wt,8,flex,178570,,,5600,15,,False
2013,Chevrolet,silverado 1500,wt,8,flex,110580,,,7000,13,,False
2021,Chevrolet,silverado 1500,work truck,4,gasoline,195355,,,15000,5,,False
2021,Chevrolet,silverado 1500,work truck,4,gasoline,135887,,,22500,5,,False
2010,Chevrolet,silverado 1500,wt,8,flex,40689,,,12400,16,,False
2022,Chevrolet,silverado 1500,rst,8,gasoline,65735,,,45500,4,,False
2022,Chevrolet,silverado 1500,high country,8,gasoline,81514,,,52400,4,,False
2020,Chevrolet,silverado 1500,lt,8,gasoline,128190,,,28600,6,,False
2015,Chevrolet,silverado 1500,ls,6,flex,223342,,,6800,11,,False
2014,Chevrolet,silverado 1500,lt,8,flex,188173,,,9500,12,,False
2014,Chevrolet,silverado 1500,lt,6,flex,129004,,,14700,12,,False
2024,Chevrolet,silverado 1500,work truck,8,gasoline,14053,,,34000,2,,False
2024,Chevrolet,silverado 1500,work truck,8,gasoline,17842,,,33000,2,,False
2024,Chevrolet,silverado 1500,work truck,8,gasoline,12773,,,33500,2,,False
2024,Chevrolet,silverado 1500,work truck,8,gasoline,11950,,,33500,2,,False
2012,Chevrolet,silverado 1500,lt,8,flex,277411,,,5200,14,,False
2024,Chevrolet,silverado 1500,work truck,8,gasoline,41586,,,39200,2,,False
2021,Chevrolet,silverado 1500,lt,8,gasoline,148391,,,23750,5,,False
2017,Chevrolet,silverado 1500,lt,8,gasoline,127999,,,17000,9,,False
2015,Chevrolet,silverado 1500,lt,8,gasoline,111116,,,21000,11,,False
2014,Chevrolet,silverado 1500,lt,8,flex,237780,,,9600,12,,False
2019,Chevrolet,silverado 1500,custom,8,gasoline,128872,,,29400,7,,False
2014,Chevrolet,silverado 1500,lt,8,flex,255658,,,5900,12,,False
2013,Chevrolet,silverado 1500,wt,8,flex,120908,,,6800,13,,False
2023,Chevrolet,silverado 1500,custom,4,gasoline,26725,,,42800,3,,False
2014,Chevrolet,silverado 1500,work truck,6,flex,219229,,,3500,12,,False
2014,Chevrolet,silverado 1500,lt,8,flex,107441,,,24400,12,,False
2023,Chevrolet,silverado 1500,work truck,4,gasoline,70872,,,34200,3,,False
2023,Chevrolet,silverado 1500,custom,4,gasoline,36598,,,41000,3,,False
2023,Chevrolet,silverado 1500,custom,4,gasoline,19236,,,44000,3,,False
2023,Chevrolet,silverado 1500,custom,4,gasoline,31007,,,42000,3,,False
2023,Chevrolet,silverado 1500,custom,4,gasoline,14283,,,43800,3,,False
2023,Chevrolet,silverado 1500,custom,4,gasoline,39834,,,41000,3,,False
2023,Chevrolet,silverado 1500,custom,4,gasoline,42849,,,41600,3,,False
2023,Chevrolet,silverado 1500,custom,4,gasoline,24546,,,43400,3,,False
2023,Chevrolet,silverado 1500,custom,4,gasoline,29238,,,42750,3,,False
2023,Chevrolet,silverado 1500,custom,4,gasoline,23575,,,43750,3,,False
2023,Chevrolet,silverado 1500,custom,4,gasoline,31753,,,39400,3,,False
2023,Chevrolet,silverado 1500,custom,4,gasoline,53509,,,39000,3,,False
2023,Chevrolet,silverado 1500,custom,4,gasoline,22416,,,43400,3,,False
2023,Chevrolet,silverado 1500,custom,4,gasoline,18394,,,44000,3,,False
2023,Chevrolet,silverado 1500,custom,4,gasoline,32307,,,41500,3,,False
2023,Chevrolet,silverado 1500,custom,4,gasoline,28545,,,42900,3,,False
2023,Chevrolet,silverado 1500,lt,4,gasoline,65910,,,37600,3,,False
2023,Chevrolet,silverado 1500,lt,4,gasoline,42015,,,42200,3,,False
2021,Chevrolet,silverado 1500,custom,6,flex,162861,,,24000,5,,False
2022,Chevrolet,silverado 1500,custom,4,gasoline,114051,,,30600,4,,False
2020,Chevrolet,silverado 1500,custom,8,gasoline,165890,,,22600,6,,False
2023,Chevrolet,silverado 1500,work truck,8,gasoline,31908,,,40300,3,,False
2024,Chevrolet,silverado 1500,rst,6,diesel,37612,,,56500,2,,False
2022,Chevrolet,silverado 1500,rst,8,gasoline,130317,,,42600,4,,False
2023,Chevrolet,silverado 1500,rst,8,gasoline,37945,,,52000,3,,False
2023,Chevrolet,silverado 1500,high country,8,gasoline,76593,,,55500,3,,False
2019,Chevrolet,silverado 1500,custom,8,gasoline,141689,,,23000,7,,False
2021,Chevrolet,silverado 1500,custom,8,gasoline,133804,,,30250,5,,False
2019,Chevrolet,silverado 1500,lt,8,gasoline,38733,,,37900,7,,False
2021,Chevrolet,silverado 1500,rst,8,gasoline,144468,,,33500,5,,False
2014,Chevrolet,silverado 1500,lt,8,flex,136457,,,4600,12,,False
2023,Chevrolet,silverado 1500,work truck,8,gasoline,31977,,,40500,3,,False
2023,Chevrolet,silverado 1500,lt,8,gasoline,49348,,,45250,3,,False
2023,Chevrolet,silverado 1500,lt,8,gasoline,67774,,,40500,3,,False
2023,Chevrolet,silverado 1500,rst,8,gasoline,22356,,,51000,3,,False
2023,Chevrolet,silverado 1500,high country,8,gasoline,35839,,,62000,3,,False
2023,Chevrolet,silverado 1500,high country,8,gasoline,38902,,,61250,3,,False
2023,Chevrolet,silverado 1500,custom trail boss,4,gasoline,67392,,,37600,3,,False
2023,Chevrolet,silverado 1500,custom trail boss,4,gasoline,38753,,,39600,3,,False
2023,Chevrolet,silverado 1500,custom trail boss,4,gasoline,36004,,,42750,3,,False
2022,Chevrolet,silverado 1500,custom trail boss,4,gasoline,159760,,,25800,4,,False
2023,Chevrolet,silverado 1500,custom trail boss,4,gasoline,38614,,,43250,3,,False
2023,Chevrolet,silverado 1500,custom trail boss,4,gasoline,27665,,,40500,3,,False
2023,Chevrolet,silverado 1500,custom trail boss,4,gasoline,24280,,,44800,3,,False
2024,Chevrolet,silverado 1500,work truck,8,gasoline,14074,,,33000,2,,False
2024,Chevrolet,silverado 1500,work truck,8,gasoline,10863,,,31500,2,,False
2024,Chevrolet,silverado 1500,work truck,8,gasoline,22401,,,31300,2,,False
2023,Chevrolet,silverado 1500,work truck,4,gasoline,50730,,,38000,3,,False
2023,Chevrolet,silverado 1500,custom,4,gasoline,34740,,,41250,3,,False
2023,Chevrolet,silverado 1500,work truck,8,gasoline,22897,,,41600,3,,False
2024,Chevrolet,silverado 1500,custom trail boss,6,diesel,17280,,,53250,2,,False
2023,Chevrolet,silverado 1500,custom trail boss,8,gasoline,33077,,,48250,3,,False
2023,Chevrolet,silverado 1500,custom trail boss,8,gasoline,42082,,,45200,3,,False
2023,Chevrolet,silverado 1500,rst,8,gasoline,19928,,,48500,3,,False
2023,Chevrolet,silverado 1500,rst,8,gasoline,49278,,,42400,3,,False
2023,Chevrolet,silverado 1500,zr2,8,gasoline,55819,,,60750,3,,False
2023,Chevrolet,silverado 1500,high country,6,diesel,76202,,,54750,3,,False
2025,Chevrolet,silverado 1500,lt trail boss,6,diesel,17704,,,62500,1,,False
2014,Chevrolet,silverado 1500,work truck,6,flex,178523,,,3600,12,,False
2018,Chevrolet,silverado 1500,lt,8,gasoline,167810,,,15900,8,,False
2018,Chevrolet,silverado 1500,lt,6,flex,295495,,,7500,8,,False
2016,Chevrolet,silverado 1500,lt,8,gasoline,114849,,,14750,10,,False
2019,Chevrolet,silverado 1500,custom trail boss,8,gasoline,75219,,,37500,7,,False
2023,Chevrolet,silverado 1500,custom,4,gasoline,56785,,,41400,3,,False
2021,Chevrolet,silverado 1500,high country,8,gasoline,79594,,,50300,5,,False
2024,Chevrolet,silverado 1500,rst,8,gasoline,38525,,,56100,2,,False
2022,Chevrolet,silverado 1500,custom,4,gasoline,36138,,,39200,4,,False
2021,Chevrolet,silverado 1500,custom trail boss,8,gasoline,158859,,,28500,5,,False
2021,Chevrolet,silverado 1500,custom trail boss,8,gasoline,126716,,,29750,5,,False
2021,Chevrolet,silverado 1500,custom trail boss,8,gasoline,226310,,,20000,5,,False
2020,Chevrolet,silverado 1500,custom trail boss,8,gasoline,180522,,,23400,6,,False
2020,Chevrolet,silverado 1500,custom trail boss,8,gasoline,188925,,,22100,6,,False
2015,Chevrolet,silverado 1500,lt,8,gasoline,134060,,,14600,11,,False
2022,Chevrolet,silverado 1500,custom trail boss,4,gasoline,28714,,,40000,4,,False
2024,Chevrolet,silverado 1500,work truck,8,gasoline,13305,,,32800,2,,False
2024,Chevrolet,silverado 1500,work truck,8,gasoline,16668,,,33200,2,,False
2024,Chevrolet,silverado 1500,work truck,8,gasoline,13771,,,33600,2,,False
2023,Chevrolet,silverado 1500,custom trail boss,8,gasoline,102683,,,31600,3,,False
2022,Chevrolet,silverado 1500,lt trail boss,8,gasoline,114014,,,33250,4,,False
2015,Chevrolet,silverado 1500,ls,8,gasoline,209146,,,10200,11,,False
2016,Chevrolet,silverado 1500,lt,8,gasoline,90040,,,32250,10,,False
2014,Chevrolet,silverado 1500,lt,8,flex,153083,,,12600,12,,False
2018,Chevrolet,silverado 1500,lt,8,gasoline,182610,,,17000,8,,False
2015,Chevrolet,silverado 1500,lt,8,gasoline,180985,,,14500,11,,False
2025,Chevrolet,silverado 1500,rst,6,diesel,14477,,,64500,1,,False
2022,Chevrolet,silverado 1500,lt,8,gasoline,91757,,,48700,4,,False
2023,Chevrolet,silverado 1500,work truck,4,gasoline,47965,,,36700,3,,False
2019,Chevrolet,silverado 1500,custom trail boss,8,gasoline,188950,,,22200,7,,False
2023,Chevrolet,silverado 1500,rst,8,gasoline,112085,,,40400,3,,False
2021,Chevrolet,silverado 1500,lt trail boss,8,gasoline,71318,,,42000,5,,False
2018,Chevrolet,silverado 1500,lt,8,gasoline,217456,,,15300,8,,False
2013,Chevrolet,silverado 1500,lt,8,flex,120474,,,7300,13,,False
2023,Chevrolet,silverado 1500,zr2,8,gasoline,41783,,,62000,3,,False
2018,Chevrolet,silverado 1500,lt,8,gasoline,96652,,,30800,8,,False
2021,Chevrolet,silverado 1500,custom,4,gasoline,64713,,,35700,5,,False
2017,Chevrolet,silverado 1500,no mentioned,8,gasoline,205227,,,12600,9,,False
2014,Chevrolet,silverado 1500,lt,8,flex,237504,,,7500,12,,False
2011,Chevrolet,silverado 1500,ls,8,flex,92188,,,5200,15,,False
2021,Chevrolet,silverado 1500,custom,4,gasoline,133523,,,26000,5,,False
2016,Chevrolet,silverado 1500,lt,8,gasoline,202301,,,15600,10,,False
2018,Chevrolet,silverado 1500,work truck,6,flex,119447,,,16100,8,,False
2015,Chevrolet,silverado 1500,lt,8,gasoline,267294,,,8000,11,,False
2021,Chevrolet,silverado 1500,rst,8,gasoline,189159,,,26000,5,,False
2015,Chevrolet,silverado 1500,no mentioned,8,gasoline,200135,,,6000,11,,False
2014,Chevrolet,silverado 1500,lt,8,flex,266785,,,12600,12,,False
2019,Chevrolet,silverado 1500,rst,8,gasoline,88329,,,34000,7,,False
2019,Chevrolet,silverado 1500,custom trail boss,8,gasoline,263864,,,11800,7,,False
2021,Chevrolet,silverado 1500,rst,8,gasoline,39885,,,46100,5,,False
2021,Chevrolet,silverado 1500,lt trail boss,8,gasoline,19451,,,48000,5,,False
2021,Chevrolet,silverado 1500,rst,8,gasoline,110608,,,31300,5,,False
2022,Chevrolet,silverado 1500,work truck,8,gasoline,34183,,,37250,4,,False
2017,Chevrolet,silverado 1500,work truck,8,gasoline,216731,,,6400,9,,False
2018,Chevrolet,silverado 1500,ls,8,gasoline,158096,,,14100,8,,False
2014,Chevrolet,silverado 1500,lt,8,flex,246014,,,7400,12,,False
2014,Chevrolet,silverado 1500,lt,8,flex,194790,,,9900,12,,False
2017,Chevrolet,silverado 1500,no mentioned,6,flex,169182,,,11400,9,,False
2023,Chevrolet,silverado 1500,lt,8,gasoline,87983,,,36600,3,,False
2023,Chevrolet,silverado 1500,custom trail boss,8,gasoline,35376,,,48600,3,,False
2022,Chevrolet,silverado 1500,lt,8,gasoline,86654,,,41700,4,,False
2024,Chevrolet,silverado 1500,rst,8,gasoline,15751,,,57500,2,,False
2015,Chevrolet,silverado 1500,lt,8,gasoline,267267,,,5900,11,,False
2021,Chevrolet,silverado 1500,rst,8,gasoline,187614,,,28500,5,,False
2023,Chevrolet,silverado 1500,custom trail boss,4,gasoline,76850,,,38500,3,,False
2015,Chevrolet,silverado 1500,work truck,6,flex,270946,,,3250,11,,False
2023,Chevrolet,silverado 1500,custom,4,gasoline,51135,,,36400,3,,False
2023,Chevrolet,silverado 1500,custom,4,gasoline,39279,,,41000,3,,False
2022,Chevrolet,silverado 1500,custom,4,gasoline,67783,,,36200,4,,False
2022,Chevrolet,silverado 1500,work truck,8,gasoline,52359,,,36750,4,,False
2023,Chevrolet,silverado 1500,work truck,8,gasoline,25676,,,40100,3,,False
2024,Chevrolet,silverado 1500,lt,6,diesel,41879,,,52000,2,,False
2024,Chevrolet,silverado 1500,rst,8,gasoline,42511,,,54250,2,,False
2023,Chevrolet,silverado 1500,rst,8,gasoline,51476,,,55800,3,,False
2021,Chevrolet,silverado 1500,rst,8,gasoline,62021,,,41500,5,,False
2020,Chevrolet,silverado 1500,high country,8,gasoline,109457,,,45400,6,,False
2024,Chevrolet,silverado 1500,work truck,8,gasoline,15174,,,33600,2,,False
2024,Chevrolet,silverado 1500,work truck,8,gasoline,14271,,,31500,2,,False
2024,Chevrolet,silverado 1500,work truck,8,gasoline,13949,,,32100,2,,False
2024,Chevrolet,silverado 1500,work truck,8,gasoline,13079,,,34000,2,,False
2024,Chevrolet,silverado 1500,work truck,8,gasoline,15020,,,32600,2,,False
2021,Chevrolet,silverado 1500,work truck,6,flex,24320,,,26250,5,,False
2015,Chevrolet,silverado 1500,lt,8,gasoline,198343,,,12400,11,,False
2022,Chevrolet,silverado 1500,custom,4,gasoline,189679,,,23700,4,,False
2022,Chevrolet,silverado 1500,custom,4,gasoline,37265,,,35800,4,,False
2011,Chevrolet,silverado 1500,ls,8,flex,204399,,,3700,15,,False
2024,Chevrolet,silverado 1500,lt trail boss,6,diesel,20727,,,59200,2,,False
2018,Chevrolet,silverado 1500,lt,8,gasoline,186272,,,12750,8,,False
2017,Chevrolet,silverado 1500,lt,8,gasoline,146035,,,22400,9,,False
2018,Chevrolet,silverado 1500,lt,8,gasoline,222035,,,9700,8,,False
2018,Chevrolet,silverado 1500,lt,8,gasoline,132379,,,25200,8,,False
2018,Chevrolet,silverado 1500,lt,8,hybrid,118502,,,18200,8,,False
2022,Chevrolet,silverado 1500,zr2,8,gasoline,80491,,,57700,4,,False
2021,Chevrolet,silverado 1500,custom,8,gasoline,116053,,,33000,5,,False
2018,Chevrolet,silverado 1500,lt,8,gasoline,73657,,,32400,8,,False
2024,Chevrolet,silverado 1500,rst,8,gasoline,72247,,,50000,2,,False
2023,Chevrolet,silverado 1500,custom,4,gasoline,44994,,,42000,3,,False
2023,Chevrolet,silverado 1500,custom,4,gasoline,13992,,,43600,3,,False
2023,Chevrolet,silverado 1500,custom,4,gasoline,11957,,,38100,3,,False
2023,Chevrolet,silverado 1500,custom,4,gasoline,69861,,,37400,3,,False
2020,Chevrolet,silverado 1500,custom,4,gasoline,219343,,,10800,6,,False
2019,Chevrolet,silverado 1500,lt trail boss,8,gasoline,154453,,,32900,7,,False
2020,Chevrolet,silverado 1500,lt trail boss,8,gasoline,71323,,,45400,6,,False
2018,Chevrolet,silverado 1500,ls,8,gasoline,253973,,,7750,8,,False
2022,Chevrolet,silverado 1500,rst,8,gasoline,50260,,,48000,4,,False
2019,Chevrolet,silverado 1500,custom,8,gasoline,141727,,,23400,7,,False
2024,Chevrolet,silverado 1500,lt,8,gasoline,59466,,,47300,2,,False
2023,Chevrolet,silverado 1500,rst,8,gasoline,61766,,,51000,3,,False
2022,Chevrolet,silverado 1500,rst,8,gasoline,80078,,,46250,4,,False
2022,Chevrolet,silverado 1500,lt,8,gasoline,75681,,,52000,4,,False
2017,Chevrolet,silverado 1500,lt,8,gasoline,115633,,,22200,9,,False
2021,Chevrolet,silverado 1500,custom,8,gasoline,76483,,,33600,5,,False
2019,Chevrolet,silverado 1500,lt,8,gasoline,207014,,,19000,7,,False
2021,Chevrolet,silverado 1500,rst,6,diesel,79572,,,40750,5,,False
2021,Chevrolet,silverado 1500,high country,8,gasoline,98442,,,46500,5,,False
2018,Chevrolet,silverado 1500,ls,8,gasoline,62573,,,26000,8,,False
2018,Chevrolet,silverado 1500,lt,8,gasoline,180646,,,15250,8,,False
2018,Chevrolet,silverado 1500,lt,8,gasoline,102441,,,24800,8,,False
2023,Chevrolet,silverado 1500,work truck,8,gasoline,33957,,,40500,3,,False
2024,Chevrolet,silverado 1500,lt,8,gasoline,49606,,,47750,2,,False
2023,Chevrolet,silverado 1500,lt,8,gasoline,33747,,,50000,3,,False
2023,Chevrolet,silverado 1500,custom,4,gasoline,41304,,,38200,3,,False
2023,Chevrolet,silverado 1500,custom trail boss,4,gasoline,21364,,,43250,3,,False
2023,Chevrolet,silverado 1500,lt,4,gasoline,66297,,,37500,3,,False
2022,Chevrolet,silverado 1500,lt trail boss,4,gasoline,34449,,,42250,4,,False
2024,Chevrolet,silverado 1500,work truck,8,gasoline,12406,,,32500,2,,False
2024,Chevrolet,silverado 1500,work truck,8,gasoline,12263,,,30000,2,,False
2024,Chevrolet,silverado 1500,work truck,8,gasoline,14959,,,33500,2,,False
2024,Chevrolet,silverado 1500,work truck,8,gasoline,13534,,,32000,2,,False
2023,Chevrolet,silverado 1500,work truck,4,gasoline,31616,,,41100,3,,False
2023,Chevrolet,silverado 1500,custom,4,gasoline,43312,,,40600,3,,False
2023,Chevrolet,silverado 1500,custom,4,gasoline,32627,,,40000,3,,False
2024,Chevrolet,silverado 1500,custom,4,gasoline,35662,,,44600,2,,False
2023,Chevrolet,silverado 1500,work truck,8,gasoline,26085,,,44700,3,,False
2023,Chevrolet,silverado 1500,custom trail boss,8,gasoline,22758,,,50250,3,,False
2023,Chevrolet,silverado 1500,lt,8,gasoline,25235,,,53000,3,,False
2023,Chevrolet,silverado 1500,zr2,8,gasoline,47427,,,63600,3,,False
2017,Chevrolet,silverado 1500,lt,8,gasoline,233656,,,5600,9,,False
2015,Chevrolet,silverado 1500,lt,8,gasoline,167454,,,14300,11,,False
2018,Chevrolet,silverado 1500,high country,8,flex,132083,,,27500,8,,False
2021,Chevrolet,silverado 1500,rst,8,gasoline,35600,,,48300,5,,False
2021,Chevrolet,silverado 1500,work truck,8,gasoline,220918,,,16100,5,,False
2020,Chevrolet,silverado 1500,custom trail boss,8,gasoline,148514,,,26100,6,,False
2019,Chevrolet,silverado 1500,custom trail boss,8,gasoline,87249,,,33900,7,,False
2019,Chevrolet,silverado 1500,lt,8,gasoline,238680,,,14700,7,,False
2024,Chevrolet,silverado 1500,work truck,8,gasoline,27278,,,42600,2,,False
2021,Chevrolet,silverado 1500,custom,8,gasoline,186832,,,23000,5,,False
2021,Chevrolet,silverado 1500,rst,6,diesel,132371,,,38000,5,,False
2021,Chevrolet,silverado 1500,rst,6,diesel,120073,,,27100,5,,False
2020,Chevrolet,silverado 1500,lt,8,gasoline,104293,,,42500,6,,False
2012,Chevrolet,silverado 1500,lt,8,flex,110013,,,9500,14,,False
2022,Chevrolet,silverado 1500,rst,8,gasoline,107998,,,32000,4,,False
2022,Chevrolet,silverado 1500,lt trail boss,8,gasoline,121139,,,32250,4,,False
2023,Chevrolet,silverado 1500,lt trail boss,8,gasoline,114984,,,34000,3,,False
2024,Chevrolet,silverado 1500,zr2,6,diesel,69615,,,66500,2,,False
2018,Chevrolet,silverado 1500,lt,8,gasoline,110076,,,22000,8,,False
2018,Chevrolet,silverado 1500,lt,8,gasoline,161885,,,17800,8,,False
2020,Chevrolet,silverado 1500,work truck,8,gasoline,109987,,,27000,6,,False
2017,Chevrolet,silverado 1500,lt,8,flex,98029,,,29500,9,,False
2023,Chevrolet,silverado 1500,custom,4,gasoline,34862,,,42900,3,,False
2017,Chevrolet,silverado 1500,lt,8,gasoline,118084,,,19000,9,,False
2016,Chevrolet,silverado 1500,lt,8,gasoline,112945,,,16500,10,,False
2016,Chevrolet,silverado 1500,lt,8,gasoline,143097,,,19100,10,,False
2022,Chevrolet,silverado 1500,rst,8,gasoline,104629,,,45200,4,,False
2021,Chevrolet,silverado 1500,rst,8,gasoline,229899,,,20000,5,,False
2021,Chevrolet,silverado 1500,custom,8,gasoline,57137,,,36600,5,,False
2024,Chevrolet,silverado 1500,custom trail boss,8,gasoline,14565,,,54000,2,,False
2022,Chevrolet,silverado 1500,rst,8,gasoline,78325,,,47000,4,,False
2016,Chevrolet,silverado 1500,no mentioned,6,flex,192255,,,6500,10,,False
2022,Chevrolet,silverado 1500,custom trail boss,8,gasoline,39375,,,45000,4,,False
2021,Chevrolet,silverado 1500,rst,8,gasoline,84639,,,49200,5,,False
2020,Chevrolet,silverado 1500,work truck,8,gasoline,187799,,,18600,6,,False
2016,Chevrolet,silverado 1500,ls,6,flex,209226,,,3500,10,,False
2019,Chevrolet,silverado 1500,lt trail boss,8,gasoline,196743,,,25000,7,,False
2019,Chevrolet,silverado 1500,lt,8,gasoline,171090,,,16250,7,,False
2021,Chevrolet,silverado 1500,lt,8,gasoline,200312,,,16000,5,,False
2021,Chevrolet,silverado 1500,lt,8,gasoline,184180,,,18600,5,,False
2024,Chevrolet,silverado 1500,work truck,8,gasoline,22955,,,41000,2,,False
2017,Chevrolet,silverado 1500,lt,8,gasoline,130718,,,19500,9,,False
2024,Chevrolet,silverado 1500,work truck,8,gasoline,12824,,,29000,2,,False
2014,Chevrolet,silverado 1500,high country,8,flex,106938,,,18000,12,,False
2022,Chevrolet,silverado 1500,custom trail boss,8,gasoline,55282,,,44300,4,,False
2016,Chevrolet,silverado 1500,lt,8,gasoline,108645,,,19800,10,,False
2014,Chevrolet,silverado 1500,lt,8,flex,104896,,,15000,12,,False
2021,Chevrolet,silverado 1500,custom trail boss,8,gasoline,114898,,,37500,5,,False
2023,Chevrolet,silverado 1500,custom trail boss,8,gasoline,30976,,,49200,3,,False
2023,Chevrolet,silverado 1500,custom trail boss,8,gasoline,43602,,,46500,3,,False
2023,Chevrolet,silverado 1500,work truck,4,gasoline,53636,,,35750,3,,False
2019,Chevrolet,silverado 1500,custom trail boss,8,gasoline,184863,,,25250,7,,False
2019,Chevrolet,silverado 1500,lt trail boss,8,gasoline,147665,,,32500,7,,False
2021,Chevrolet,silverado 1500,work truck,6,flex,207258,,,17400,5,,False
2019,Chevrolet,silverado 1500,custom,8,gasoline,166763,,,21000,7,,False
2021,Chevrolet,silverado 1500,rst,8,gasoline,131633,,,27400,5,,False
2021,Chevrolet,silverado 1500,custom,8,gasoline,77464,,,34100,5,,False
2019,Chevrolet,silverado 1500,rst,8,gasoline,181542,,,25500,7,,False
2022,Chevrolet,silverado 1500,rst,6,diesel,124332,,,38800,4,,False
2015,Chevrolet,silverado 1500,ls,6,flex,200764,,,5500,11,,False
2016,Chevrolet,silverado 1500,lt,8,gasoline,189612,,,14200,10,,False
2024,Chevrolet,silverado 1500,work truck,8,gasoline,18462,,,38000,2,,False
2024,Chevrolet,silverado 1500,work truck,8,gasoline,10894,,,33200,2,,False
2024,Chevrolet,silverado 1500,work truck,8,gasoline,14467,,,34000,2,,False
2024,Chevrolet,silverado 1500,work truck,8,gasoline,12195,,,31300,2,,False
2022,Chevrolet,silverado 1500,custom,4,gasoline,87430,,,29500,4,,False
2012,Chevrolet,silverado 1500,ls,8,flex,170125,,,5100,14,,False
2011,Chevrolet,silverado 1500,lt,8,flex,134951,,,3500,15,,False
2024,Chevrolet,silverado 1500,work truck,8,gasoline,36281,,,35500,2,,False
2023,Chevrolet,silverado 1500,zr2,8,gasoline,34367,,,67000,3,,False
2018,Chevrolet,silverado 1500,custom,8,gasoline,182788,,,12000,8,,False
2018,Chevrolet,silverado 1500,lt,8,gasoline,252820,,,8600,8,,False
2014,Chevrolet,silverado 1500,lt,6,flex,119202,,,13100,12,,False
2017,Chevrolet,silverado 1500,high country,8,gasoline,183700,,,18000,9,,False
2013,Chevrolet,silverado 1500,lt,8,flex,150533,,,5500,13,,False
2024,Chevrolet,silverado 1500,rst,8,gasoline,11460,,,55600,2,,False
2014,Chevrolet,silverado 1500,work truck,8,flex,175393,,,3700,12,,False
2023,Chevrolet,silverado 1500,work truck,4,gasoline,31574,,,39800,3,,False
2023,Chevrolet,silverado 1500,custom,4,gasoline,27493,,,42800,3,,False
2023,Chevrolet,silverado 1500,custom,4,gasoline,56441,,,38600,3,,False
2023,Chevrolet,silverado 1500,custom,4,gasoline,19397,,,42100,3,,False
2022,Chevrolet,silverado 1500,custom,4,gasoline,108841,,,30600,4,,False
2023,Chevrolet,silverado 1500,custom,4,gasoline,16120,,,42500,3,,False
2023,Chevrolet,silverado 1500,custom,4,gasoline,29491,,,42300,3,,False
2024,Chevrolet,silverado 1500,custom,4,gasoline,15265,,,47600,2,,False
2023,Chevrolet,silverado 1500,custom,4,gasoline,34853,,,40600,3,,False
2023,Chevrolet,silverado 1500,custom,4,gasoline,85214,,,35000,3,,False
2023,Chevrolet,silverado 1500,lt,4,gasoline,19124,,,43000,3,,False
2024,Chevrolet,silverado 1500,rst,4,gasoline,20466,,,53000,2,,False
2020,Chevrolet,silverado 1500,lt trail boss,8,gasoline,134427,,,37250,6,,False
2020,Chevrolet,silverado 1500,custom,8,gasoline,137694,,,26000,6,,False
2024,Chevrolet,silverado 1500,work truck,8,gasoline,25114,,,45000,2,,False
2024,Chevrolet,silverado 1500,work truck,8,gasoline,47837,,,45000,2,,False
2023,Chevrolet,silverado 1500,rst,6,diesel,53633,,,53200,3,,False
2022,Chevrolet,silverado 1500,rst,8,gasoline,92093,,,51500,4,,False
2024,Chevrolet,silverado 1500,high country,8,gasoline,29195,,,67200,2,,False
2021,Chevrolet,silverado 1500,custom,8,gasoline,196545,,,17100,5,,False
2021,Chevrolet,silverado 1500,rst,6,diesel,79568,,,40500,5,,False
2015,Chevrolet,silverado 1500,lt,8,gasoline,136324,,,14750,11,,False
2023,Chevrolet,silverado 1500,lt,8,gasoline,30109,,,44250,3,,False
2023,Chevrolet,silverado 1500,rst,8,gasoline,24779,,,52500,3,,False
2023,Chevrolet,silverado 1500,high country,8,gasoline,16049,,,54250,3,,False
2023,Chevrolet,silverado 1500,custom,4,gasoline,74732,,,38000,3,,False
2022,Chevrolet,silverado 1500,custom trail boss,8,gasoline,50868,,,39000,4,,False
2022,Chevrolet,silverado 1500,custom trail boss,4,gasoline,60505,,,34200,4,,False
2022,Chevrolet,silverado 1500,custom trail boss,4,gasoline,49655,,,38800,4,,False
2022,Chevrolet,silverado 1500,custom trail boss,4,gasoline,65521,,,36500,4,,False
2022,Chevrolet,silverado 1500,work truck,8,gasoline,49986,,,7800,4,,False
2023,Chevrolet,silverado 1500,custom,4,gasoline,24301,,,42400,3,,False
2023,Chevrolet,silverado 1500,custom,4,gasoline,15671,,,43200,3,,False
2021,Chevrolet,silverado 1500,lt trail boss,8,gasoline,174368,,,30000,5,,False
2023,Chevrolet,silverado 1500,work truck,8,gasoline,67057,,,36500,3,,False
2023,Chevrolet,silverado 1500,zr2,8,gasoline,18298,,,64000,3,,False
2016,Chevrolet,silverado 1500,ls,8,gasoline,149681,,,9700,10,,False
2021,Chevrolet,silverado 1500,work truck,8,gasoline,62973,,,27000,5,,False
2018,Chevrolet,silverado 1500,lt,8,gasoline,53962,,,34700,8,,False
2023,Chevrolet,silverado 1500,high country,6,diesel,62799,,,61300,3,,False
2019,Chevrolet,silverado 1500,custom,6,flex,149317,,,23200,7,,False
2022,Chevrolet,silverado 1500,rst,8,gasoline,75658,,,44500,4,,False
2014,Chevrolet,silverado 1500,lt,8,flex,185442,,,6100,12,,False
2018,Chevrolet,silverado 1500,no mentioned,8,gasoline,110417,,,20000,8,,False
2015,Chevrolet,silverado 1500,lt,8,gasoline,345931,,,7600,11,,False
2025,Chevrolet,silverado 1500,high country,6,diesel,36395,,,71000,1,,False
2022,Chevrolet,silverado 1500,rst,8,gasoline,38276,,,48400,4,,False
2018,Chevrolet,silverado 1500,lt,8,gasoline,49197,,,28800,8,,False
2024,Chevrolet,silverado 1500,lt,8,gasoline,19475,,,52100,2,,False
2020,Chevrolet,silverado 1500,work truck,8,gasoline,157034,,,23800,6,,False
2022,Chevrolet,silverado 1500,lt,8,gasoline,131453,,,32500,4,,False
2022,Chevrolet,silverado 1500,high country,8,gasoline,50104,,,56500,4,,False
2021,Chevrolet,silverado 1500,custom,8,gasoline,144692,,,21700,5,,False
2021,Chevrolet,silverado 1500,custom,8,gasoline,30871,,,38750,5,,False
2013,Chevrolet,silverado 1500,lt,8,flex,256021,,,6400,13,,False
2018,Chevrolet,silverado 1500,lt,8,gasoline,243515,,,12750,8,,False
2018,Chevrolet,silverado 1500,lt,8,flex,185948,,,23400,8,,False
2020,Chevrolet,silverado 1500,lt,8,gasoline,170762,,,24500,6,,False
2024,Chevrolet,silverado 1500,custom trail boss,8,gasoline,12967,,,54000,2,,False
2021,Chevrolet,silverado 1500,rst,8,gasoline,51869,,,46500,5,,False
2024,Chevrolet,silverado 1500,lt,6,diesel,111517,,,42200,2,,False
2024,Chevrolet,silverado 1500,rst,8,gasoline,42504,,,55900,2,,False
2022,Chevrolet,silverado 1500,high country,8,gasoline,64394,,,54300,4,,False
2021,Chevrolet,silverado 1500,custom,4,gasoline,70103,,,23800,5,,False
2024,Chevrolet,silverado 1500,zr2,8,gasoline,72513,,,60000,2,,False
2022,Chevrolet,silverado 1500,custom,4,gasoline,60108,,,37500,4,,False
2023,Chevrolet,silverado 1500,work truck,4,gasoline,18580,,,41000,3,,False
2023,Chevrolet,silverado 1500,custom,4,gasoline,38120,,,41000,3,,False
2023,Chevrolet,silverado 1500,lt,4,gasoline,46741,,,41500,3,,False
2021,Chevrolet,silverado 1500,custom trail boss,8,gasoline,81813,,,39000,5,,False
2022,Chevrolet,silverado 1500,custom,4,gasoline,97857,,,26800,4,,False
2020,Chevrolet,silverado 1500,work truck,6,flex,117918,,,19300,6,,False
2021,Chevrolet,silverado 1500,work truck,4,gasoline,73168,,,26600,5,,False
2021,Chevrolet,silverado 1500,work truck,4,gasoline,119838,,,23000,5,,False
2023,Chevrolet,silverado 1500,work truck,8,gasoline,19683,,,41500,3,,False
2023,Chevrolet,silverado 1500,rst,8,gasoline,56060,,,52750,3,,False
2018,Chevrolet,silverado 1500,lt,8,gasoline,99424,,,11000,8,,False
2019,Chevrolet,silverado 1500,lt,8,gasoline,135124,,,28500,7,,False
2019,Chevrolet,silverado 1500,lt,8,gasoline,98141,,,28500,7,,False
2021,Chevrolet,silverado 1500,rst,6,diesel,61041,,,44500,5,,False
2021,Chevrolet,silverado 1500,rst,6,diesel,109388,,,39500,5,,False
2022,Chevrolet,silverado 1500,custom trail boss,4,gasoline,40868,,,37300,4,,False
2022,Chevrolet,silverado 1500,custom trail boss,4,gasoline,49858,,,38000,4,,False
2023,Chevrolet,silverado 1500,custom trail boss,4,gasoline,24652,,,43500,3,,False
2023,Chevrolet,silverado 1500,lt,4,gasoline,50737,,,39000,3,,False
2024,Chevrolet,silverado 1500,work truck,8,gasoline,12937,,,30100,2,,False
2024,Chevrolet,silverado 1500,work truck,8,gasoline,13227,,,34000,2,,False
2024,Chevrolet,silverado 1500,work truck,8,gasoline,12925,,,33800,2,,False
2024,Chevrolet,silverado 1500,work truck,8,gasoline,13994,,,31600,2,,False
2024,Chevrolet,silverado 1500,work truck,8,gasoline,14178,,,31500,2,,False
2024,Chevrolet,silverado 1500,work truck,8,gasoline,12323,,,33400,2,,False
2024,Chevrolet,silverado 1500,work truck,8,gasoline,12781,,,30200,2,,False
2023,Chevrolet,silverado 1500,work truck,4,gasoline,14334,,,32500,3,,False
2024,Chevrolet,silverado 1500,zr2,6,diesel,47931,,,64750,2,,False
2016,Chevrolet,silverado 1500,lt,8,gasoline,189207,,,14200,10,,False
2018,Chevrolet,silverado 1500,lt,8,gasoline,77739,,,28100,8,,False
2015,Chevrolet,silverado 1500,high country,8,gasoline,216307,,,10250,11,,False
2022,Chevrolet,silverado 1500,rst,8,gasoline,77502,,,43800,4,,False
2019,Chevrolet,silverado 1500,lt,8,gasoline,123342,,,39200,7,,False
2021,Chevrolet,silverado 1500,rst,8,gasoline,60029,,,45500,5,,False
2023,Chevrolet,silverado 1500,lt,8,gasoline,52997,,,47000,3,,False
2019,Chevrolet,silverado 1500,lt trail boss,8,gasoline,104088,,,35500,7,,False
2018,Chevrolet,silverado 1500,lt,8,gasoline,189909,,,12900,8,,False
2023,Chevrolet,silverado 1500,custom,4,gasoline,11243,,,46400,3,,False
2022,Chevrolet,silverado 1500,custom,4,gasoline,49982,,,37250,4,,False
2023,Chevrolet,silverado 1500,custom,4,gasoline,44047,,,35800,3,,False
2023,Chevrolet,silverado 1500,custom,4,gasoline,30081,,,40800,3,,False
2023,Chevrolet,silverado 1500,custom,4,gasoline,42814,,,38300,3,,False
2023,Chevrolet,silverado 1500,custom,4,gasoline,31804,,,40200,3,,False
2021,Chevrolet,silverado 1500,custom,4,gasoline,84910,,,31200,5,,False
2020,Chevrolet,silverado 1500,custom,4,gasoline,111776,,,25000,6,,False
2019,Chevrolet,silverado 1500,lt trail boss,8,gasoline,223737,,,21600,7,,False
2020,Chevrolet,silverado 1500,lt trail boss,8,gasoline,103740,,,38750,6,,False
2021,Chevrolet,silverado 1500,lt trail boss,8,gasoline,45418,,,50500,5,,False
2022,Chevrolet,silverado 1500,work truck,4,gasoline,53029,,,29000,4,,False
2023,Chevrolet,silverado 1500,work truck,4,gasoline,78031,,,32000,3,,False
2022,Chevrolet,silverado 1500,work truck,4,gasoline,112782,,,25000,4,,False
2020,Chevrolet,silverado 1500,custom trail boss,8,gasoline,143760,,,25000,6,,False
2020,Chevrolet,silverado 1500,lt,4,gasoline,116776,,,27600,6,,False
2021,Chevrolet,silverado 1500,rst,8,gasoline,182096,,,25500,5,,False
2023,Chevrolet,silverado 1500,lt,8,gasoline,87977,,,38750,3,,False
2023,Chevrolet,silverado 1500,lt,8,gasoline,78250,,,39250,3,,False
2023,Chevrolet,silverado 1500,rst,6,diesel,60345,,,46400,3,,False
2023,Chevrolet,silverado 1500,rst,6,diesel,54164,,,53000,3,,False
2024,Chevrolet,silverado 1500,rst,6,diesel,56983,,,55000,2,,False
2024,Chevrolet,silverado 1500,rst,6,diesel,43226,,,58750,2,,False
2023,Chevrolet,silverado 1500,rst,8,gasoline,57746,,,53200,3,,False
2023,Chevrolet,silverado 1500,rst,8,gasoline,62715,,,51500,3,,False
2023,Chevrolet,silverado 1500,rst,8,gasoline,151949,,,46230,3,,False
2023,Chevrolet,silverado 1500,rst,8,gasoline,45423,,,53250,3,,False
2022,Chevrolet,silverado 1500,rst,8,gasoline,78325,,,50000,4,,False
2023,Chevrolet,silverado 1500,rst,8,gasoline,43177,,,53250,3,,False
2022,Chevrolet,silverado 1500,lt,8,gasoline,82505,,,51700,4,,False
2024,Chevrolet,silverado 1500,lt,8,gasoline,36932,,,60500,2,,False
2021,Chevrolet,silverado 1500,custom,8,gasoline,84222,,,35000,5,,False
2019,Chevrolet,silverado 1500,lt,8,gasoline,154925,,,27100,7,,False
2019,Chevrolet,silverado 1500,lt,8,gasoline,210934,,,19800,7,,False
2023,Chevrolet,silverado 1500,rst,6,diesel,49242,,,51800,3,,False
2016,Chevrolet,silverado 1500,lt,8,gasoline,109986,,,26750,10,,False
2023,Chevrolet,silverado 1500,lt,8,gasoline,33671,,,50500,3,,False
2023,Chevrolet,silverado 1500,rst,8,gasoline,43041,,,53250,3,,False
2023,Chevrolet,silverado 1500,custom,4,gasoline,22418,,,43250,3,,False
2022,Chevrolet,silverado 1500,custom trail boss,8,gasoline,30399,,,40000,4,,False
2022,Chevrolet,silverado 1500,custom trail boss,4,gasoline,22574,,,40000,4,,False
2023,Chevrolet,silverado 1500,custom trail boss,4,gasoline,24655,,,43800,3,,False
2022,Chevrolet,silverado 1500,custom trail boss,4,gasoline,89016,,,32100,4,,False
2023,Chevrolet,silverado 1500,custom trail boss,4,gasoline,59004,,,42100,3,,False
2024,Chevrolet,silverado 1500,work truck,8,gasoline,16920,,,32000,2,,False
2022,Chevrolet,silverado 1500,work truck,8,gasoline,49986,,,4400,4,,False
2024,Chevrolet,silverado 1500,work truck,8,gasoline,10037,,,33700,2,,False
2024,Chevrolet,silverado 1500,work truck,8,gasoline,10734,,,33750,2,,False
2024,Chevrolet,silverado 1500,work truck,8,gasoline,12692,,,32000,2,,False
2022,Chevrolet,silverado 1500,work truck,4,gasoline,39006,,,26000,4,,False
2023,Chevrolet,silverado 1500,custom,4,gasoline,43970,,,38000,3,,False
2023,Chevrolet,silverado 1500,custom trail boss,8,gasoline,25544,,,49250,3,,False
2023,Chevrolet,silverado 1500,lt trail boss,6,diesel,66738,,,46000,3,,False
2024,Chevrolet,silverado 1500,zr2,6,diesel,46657,,,72750,2,,False
2023,Chevrolet,silverado 1500,high country,8,gasoline,80607,,,55000,3,,False
2018,Chevrolet,silverado 1500,work truck,6,flex,374277,,,4600,8,,False
2015,Chevrolet,silverado 1500,lt,8,gasoline,233608,,,9000,11,,False
2018,Chevrolet,silverado 1500,lt,8,gasoline,77986,,,29000,8,,False
2024,Chevrolet,silverado 1500,lt trail boss,8,gasoline,13541,,,61000,2,,False
2015,Chevrolet,silverado 1500,lt,8,gasoline,231356,,,10500,11,,False
2022,Chevrolet,silverado 1500,rst,6,diesel,78990,,,49500,4,,False
2020,Chevrolet,silverado 1500,work truck,8,gasoline,94864,,,26400,6,,False
2023,Chevrolet,silverado 1500,lt,8,gasoline,58727,,,58200,3,,False
2024,Chevrolet,silverado 1500,work truck,4,gasoline,84834,,,32700,2,,False
2024,Chevrolet,silverado 1500,rst,8,gasoline,49954,,,55250,2,,False
2022,Chevrolet,silverado 1500,lt,8,gasoline,139176,,,41400,4,,False
2022,Chevrolet,silverado 1500,lt,8,gasoline,144824,,,40750,4,,False
2023,Chevrolet,silverado 1500,rst,8,gasoline,58065,,,49000,3,,False
2024,Chevrolet,silverado 1500,work truck,8,gasoline,12363,,,34600,2,,False
2024,Chevrolet,silverado 1500,work truck,8,gasoline,17546,,,33800,2,,False
2024,Chevrolet,silverado 1500,work truck,8,gasoline,14163,,,34000,2,,False
2024,Chevrolet,silverado 1500,work truck,8,gasoline,13263,,,33500,2,,False
2024,Chevrolet,silverado 1500,work truck,8,gasoline,13523,,,33600,2,,False
2022,Chevrolet,silverado 1500,work truck,4,gasoline,81326,,,16750,4,,False
2021,Chevrolet,silverado 1500,lt trail boss,8,gasoline,56016,,,49000,5,,False
2021,Chevrolet,silverado 1500,lt,8,gasoline,118010,,,40000,5,,False
2019,Chevrolet,silverado 1500,rst,4,gasoline,282828,,,14100,7,,False
2021,Chevrolet,silverado 1500,rst,8,gasoline,71974,,,45300,5,,False
2020,Chevrolet,silverado 1500,lt trail boss,8,gasoline,60782,,,48200,6,,False
2022,Chevrolet,silverado 1500,high country,8,gasoline,96766,,,49500,4,,False
2019,Chevrolet,silverado 1500,rst,8,gasoline,244157,,,18000,7,,False
2015,Chevrolet,silverado 1500,lt,8,gasoline,226512,,,8200,11,,False
2017,Chevrolet,silverado 1500,lt,8,gasoline,159305,,,22000,9,,False
2019,Chevrolet,silverado 1500,lt,8,gasoline,249707,,,16200,7,,False
2019,Chevrolet,silverado 1500,lt trail boss,8,gasoline,236375,,,18500,7,,False
2023,Chevrolet,silverado 1500,custom trail boss,8,gasoline,31178,,,42500,3,,False
2024,Chevrolet,silverado 1500,zr2,8,gasoline,21674,,,68500,2,,False
2024,Chevrolet,silverado 1500,custom trail boss,8,gasoline,21294,,,49000,2,,False
2017,Chevrolet,silverado 1500,lt,8,gasoline,119849,,,21200,9,,False
2023,Chevrolet,silverado 1500,zr2,8,gasoline,45112,,,64000,3,,False
2024,Chevrolet,silverado 1500,custom trail boss,8,gasoline,16966,,,52600,2,,False
2024,Chevrolet,silverado 1500,rst,8,gasoline,61556,,,50000,2,,False
2023,Chevrolet,silverado 1500,high country,8,gasoline,69677,,,58000,3,,False
2024,Chevrolet,silverado 1500,zr2,6,diesel,17544,,,72000,2,,False
2023,Chevrolet,silverado 1500,lt trail boss,6,diesel,48240,,,51000,3,,False
2020,Chevrolet,silverado 1500,rst,8,gasoline,211475,,,22000,6,,False
2021,Chevrolet,silverado 1500,custom,4,gasoline,82644,,,32000,5,,False
2022,Chevrolet,silverado 1500,high country,8,gasoline,32687,,,58200,4,,False
2017,Chevrolet,silverado 1500,work truck,8,gasoline,91615,,,15500,9,,False
2020,Chevrolet,silverado 1500,lt,8,gasoline,215024,,,14000,6,,False
2020,Chevrolet,silverado 1500,rst,8,gasoline,171738,,,27000,6,,False
2021,Chevrolet,silverado 1500,rst,6,diesel,177462,,,30500,5,,False
2011,Chevrolet,silverado 1500,ls,8,flex,188110,,,5700,15,,False
2016,Chevrolet,silverado 1500,lt,8,gasoline,214994,,,13500,10,,False
2019,Chevrolet,silverado 1500,custom trail boss,8,gasoline,224338,,,20100,7,,False
2021,Chevrolet,silverado 1500,rst,8,gasoline,65374,,,56600,5,,False
2020,Chevrolet,silverado 1500,high country,8,gasoline,89147,,,46100,6,,False
2023,Chevrolet,silverado 1500,work truck,4,gasoline,49388,,,36100,3,,False
2023,Chevrolet,silverado 1500,custom,4,gasoline,65820,,,40800,3,,False
2021,Chevrolet,silverado 1500,custom trail boss,8,gasoline,67524,,,39600,5,,False
2024,Chevrolet,silverado 1500,rst,8,gasoline,12959,,,59400,2,,False
2025,Chevrolet,silverado 1500,rst,8,gasoline,12547,,,63400,1,,False
2018,Chevrolet,silverado 1500,lt,8,gasoline,174018,,,11400,8,,False
2020,Chevrolet,silverado 1500,work truck,8,gasoline,105123,,,29000,6,,False
2021,Chevrolet,silverado 1500,lt,8,gasoline,92736,,,38600,5,,False
2021,Chevrolet,silverado 1500,rst,8,gasoline,99387,,,43500,5,,False
2021,Chevrolet,silverado 1500,rst,8,gasoline,121174,,,35800,5,,False
2018,Chevrolet,silverado 1500,work truck,8,gasoline,118045,,,15100,8,,False
2018,Chevrolet,silverado 1500,ls,6,flex,39328,,,5500,8,,False
2014,Chevrolet,silverado 1500,work truck,8,flex,152366,,,6000,12,,False
2017,Chevrolet,silverado 1500,lt,8,gasoline,142188,,,17100,9,,False
2023,Chevrolet,silverado 1500,high country,8,gasoline,22741,,,69000,3,,False
2024,Chevrolet,silverado 1500,work truck,8,gasoline,13384,,,32200,2,,False
2024,Chevrolet,silverado 1500,work truck,8,gasoline,15055,,,32500,2,,False
2024,Chevrolet,silverado 1500,work truck,8,gasoline,12870,,,34400,2,,False
2024,Chevrolet,silverado 1500,work truck,8,gasoline,13106,,,34400,2,,False
2024,Chevrolet,silverado 1500,work truck,8,gasoline,11703,,,34200,2,,False
2015,Chevrolet,silverado 1500,lt,6,flex,216433,,,8500,11,,False
2013,Chevrolet,silverado 1500,lt,8,flex,267657,,,4100,13,,False
2021,Chevrolet,silverado 1500,lt,4,gasoline,148232,,,23200,5,,False
2021,Chevrolet,silverado 1500,lt,4,gasoline,98399,,,31000,5,,False
2021,Chevrolet,silverado 1500,lt,4,gasoline,176755,,,19000,5,,False
2024,Chevrolet,silverado 1500,lt trail boss,8,gasoline,45313,,,56400,2,,False
2016,Chevrolet,silverado 1500,lt,8,gasoline,162772,,,13500,10,,False
2018,Chevrolet,silverado 1500,high country,8,gasoline,120993,,,31000,8,,False
2021,Chevrolet,silverado 1500,work truck,8,gasoline,131279,,,29250,5,,False
2021,Chevrolet,silverado 1500,lt,8,gasoline,223777,,,19100,5,,False
2017,Chevrolet,silverado 1500,no mentioned,8,gasoline,231580,,,8000,9,,False
2019,Chevrolet,silverado 1500,custom,6,flex,131106,,,27600,7,,False
2024,Chevrolet,silverado 1500,custom,4,gasoline,28720,,,45900,2,,False
2021,Chevrolet,silverado 1500,lt trail boss,8,gasoline,72411,,,45900,5,,False
2023,Chevrolet,silverado 1500,custom,4,gasoline,29453,,,42500,3,,False
2023,Chevrolet,silverado 1500,custom,4,gasoline,18657,,,45500,3,,False
2023,Chevrolet,silverado 1500,custom,4,gasoline,90537,,,33200,3,,False
2023,Chevrolet,silverado 1500,custom,4,gasoline,21870,,,41900,3,,False
2023,Chevrolet,silverado 1500,custom,4,gasoline,47827,,,39400,3,,False
2023,Chevrolet,silverado 1500,custom,4,gasoline,33953,,,42250,3,,False
2021,Chevrolet,silverado 1500,custom trail boss,8,gasoline,76641,,,42750,5,,False
2020,Chevrolet,silverado 1500,custom trail boss,8,gasoline,111930,,,34300,6,,False
2019,Chevrolet,silverado 1500,custom trail boss,8,gasoline,106037,,,36500,7,,False
2019,Chevrolet,silverado 1500,lt trail boss,8,gasoline,211789,,,20200,7,,False
2021,Chevrolet,silverado 1500,lt trail boss,8,gasoline,91712,,,45250,5,,False
2020,Chevrolet,silverado 1500,lt trail boss,8,gasoline,100895,,,45000,6,,False
2019,Chevrolet,silverado 1500,custom,8,gasoline,104189,,,28400,7,,False
2020,Chevrolet,silverado 1500,custom trail boss,8,gasoline,205038,,,21500,6,,False
2024,Chevrolet,silverado 1500,lt,8,gasoline,62706,,,48000,2,,False
2024,Chevrolet,silverado 1500,rst,6,diesel,25598,,,59600,2,,False
2023,Chevrolet,silverado 1500,rst,6,diesel,70320,,,51500,3,,False
2023,Chevrolet,silverado 1500,rst,6,diesel,81460,,,50250,3,,False
2023,Chevrolet,silverado 1500,rst,8,gasoline,57742,,,53750,3,,False
2023,Chevrolet,silverado 1500,rst,8,gasoline,45362,,,50500,3,,False
2024,Chevrolet,silverado 1500,rst,8,gasoline,82435,,,52500,2,,False
2022,Chevrolet,silverado 1500,rst,6,diesel,168481,,,26400,4,,False
2023,Chevrolet,silverado 1500,high country,6,diesel,62792,,,63000,3,,False
2025,Chevrolet,silverado 1500,high country,6,diesel,14821,,,76900,1,,False
2020,Chevrolet,silverado 1500,work truck,8,gasoline,140688,,,26250,6,,False
2021,Chevrolet,silverado 1500,custom,8,gasoline,105763,,,32500,5,,False
2020,Chevrolet,silverado 1500,rst,8,gasoline,122509,,,38000,6,,False
2020,Chevrolet,silverado 1500,rst,8,gasoline,61075,,,45500,6,,False
2021,Chevrolet,silverado 1500,rst,8,gasoline,102789,,,45600,5,,False
2023,Chevrolet,silverado 1500,lt,8,gasoline,22474,,,45750,3,,False
2023,Chevrolet,silverado 1500,rst,8,gasoline,54661,,,51000,3,,False
2022,Chevrolet,silverado 1500,lt,8,gasoline,37959,,,51250,4,,False
2023,Chevrolet,silverado 1500,custom,4,gasoline,42102,,,39500,3,,False
2022,Chevrolet,silverado 1500,custom trail boss,8,gasoline,51211,,,42200,4,,False
2023,Chevrolet,silverado 1500,custom trail boss,4,gasoline,16332,,,46200,3,,False
2022,Chevrolet,silverado 1500,custom trail boss,4,gasoline,29085,,,42600,4,,False
2024,Chevrolet,silverado 1500,work truck,8,gasoline,13920,,,32000,2,,False
2024,Chevrolet,silverado 1500,work truck,8,gasoline,13190,,,32000,2,,False
2024,Chevrolet,silverado 1500,work truck,8,gasoline,13029,,,31250,2,,False
2024,Chevrolet,silverado 1500,work truck,8,gasoline,13566,,,32000,2,,False
2024,Chevrolet,silverado 1500,work truck,8,gasoline,14573,,,32000,2,,False
2024,Chevrolet,silverado 1500,work truck,8,gasoline,12989,,,34000,2,,False
2023,Chevrolet,silverado 1500,work truck,4,gasoline,21647,,,40200,3,,False
2023,Chevrolet,silverado 1500,custom,4,gasoline,33985,,,37250,3,,False
2022,Chevrolet,silverado 1500,custom,4,gasoline,27270,,,38250,4,,False
2023,Chevrolet,silverado 1500,custom,4,gasoline,37935,,,39600,3,,False
2023,Chevrolet,silverado 1500,custom,4,gasoline,30395,,,40000,3,,False
2023,Chevrolet,silverado 1500,custom,4,gasoline,14919,,,43000,3,,False
2023,Chevrolet,silverado 1500,custom,4,gasoline,32281,,,41000,3,,False
2023,Chevrolet,silverado 1500,custom trail boss,8,gasoline,32799,,,48000,3,,False
2023,Chevrolet,silverado 1500,rst,8,gasoline,85947,,,41000,3,,False
2018,Chevrolet,silverado 1500,lt,8,gasoline,133401,,,15250,8,,False
2017,Chevrolet,silverado 1500,lt,8,gasoline,117896,,,13800,9,,False
2017,Chevrolet,silverado 1500,lt,8,gasoline,233013,,,8500,9,,False
2014,Chevrolet,silverado 1500,work truck,8,flex,167632,,,8700,12,,False
2015,Chevrolet,silverado 1500,no mentioned,8,gasoline,132753,,,10000,11,,False
2021,Chevrolet,silverado 1500,high country,6,diesel,74497,,,46500,5,,False
2016,Chevrolet,silverado 1500,lt,8,gasoline,197488,,,13500,10,,False
2019,Chevrolet,silverado 1500,lt,8,gasoline,184533,,,20400,7,,False
2023,Chevrolet,silverado 1500,rst,8,gasoline,62901,,,51000,3,,False
2018,Chevrolet,silverado 1500,work truck,6,flex,155137,,,19900,8,,False
2016,Chevrolet,silverado 1500,lt,8,gasoline,187631,,,11800,10,,False
2021,Chevrolet,silverado 1500,work truck,6,flex,137043,,,11500,5,,False
2022,Chevrolet,silverado 1500,zr2,8,gasoline,69127,,,55400,4,,False
2017,Chevrolet,silverado 1500,work truck,8,gasoline,98155,,,5400,9,,False
2017,Chevrolet,silverado 1500,high country,8,flex,105216,,,34000,9,,False
2021,Chevrolet,silverado 1500,lt,8,gasoline,98866,,,30000,5,,False
2015,Chevrolet,silverado 1500,lt,8,gasoline,230370,,,10100,11,,False
2023,Chevrolet,silverado 1500,lt,6,diesel,87650,,,43000,3,,False
2024,Chevrolet,silverado 1500,lt trail boss,8,gasoline,19481,,,57000,2,,False
2024,Chevrolet,silverado 1500,lt trail boss,6,diesel,51949,,,55100,2,,False
2024,Chevrolet,silverado 1500,zr2,6,diesel,39449,,,67400,2,,False
2024,Chevrolet,silverado 1500,custom trail boss,8,gasoline,20716,,,52500,2,,False
2023,Chevrolet,silverado 1500,high country,8,gasoline,63889,,,56900,3,,False
2020,Chevrolet,silverado 1500,custom trail boss,8,gasoline,122900,,,34400,6,,False
2022,Chevrolet,silverado 1500,lt trail boss,8,gasoline,47088,,,47600,4,,False
2023,Chevrolet,silverado 1500,rst,8,gasoline,151881,,,43000,3,,False
2018,Chevrolet,silverado 1500,lt,8,gasoline,231533,,,5600,8,,False
2018,Chevrolet,silverado 1500,lt,8,gasoline,161879,,,18000,8,,False
2017,Chevrolet,silverado 1500,lt,8,gasoline,144662,,,16200,9,,False
2020,Chevrolet,silverado 1500,custom trail boss,8,gasoline,104506,,,32100,6,,False
2019,Chevrolet,silverado 1500,rst,8,gasoline,119587,,,35100,7,,False
2022,Chevrolet,silverado 1500,rst,8,gasoline,52402,,,49200,4,,False
2021,Chevrolet,silverado 1500,lt trail boss,8,gasoline,96119,,,42500,5,,False
2022,Chevrolet,silverado 1500,rst,8,gasoline,87325,,,41500,4,,False
2015,Chevrolet,silverado 1500,no mentioned,6,flex,225218,,,3700,11,,False
2019,Chevrolet,silverado 1500,lt,8,gasoline,163296,,,22700,7,,False
2023,Chevrolet,silverado 1500,rst,8,gasoline,61726,,,51000,3,,False
2022,Chevrolet,silverado 1500,rst,8,gasoline,130000,,,32500,4,,False
2014,Chevrolet,silverado 1500,lt,8,flex,224945,,,10100,12,,False
2023,Chevrolet,silverado 1500,lt,4,gasoline,30009,,,45000,3,,False
2021,Chevrolet,silverado 1500,lt,8,gasoline,132020,,,28900,5,,False
2015,Chevrolet,silverado 1500,ls,6,flex,120413,,,13000,11,,False
2012,Chevrolet,silverado 1500,lt,8,flex,321298,,,3300,14,,False
2023,Chevrolet,silverado 1500,high country,8,gasoline,10417,,,64750,3,,False
2024,Chevrolet,silverado 1500,high country,8,gasoline,17822,,,69000,2,,False
2018,Chevrolet,silverado 1500,lt,8,gasoline,144583,,,18000,8,,False
2017,Chevrolet,silverado 1500,lt,8,gasoline,259797,,,8500,9,,False
2016,Chevrolet,silverado 1500,lt,8,gasoline,185394,,,9600,10,,False
2015,Chevrolet,silverado 1500,lt,8,gasoline,209320,,,13000,11,,False
2016,Chevrolet,silverado 1500,lt,8,gasoline,215362,,,12100,10,,False
2012,Chevrolet,silverado 1500,ls,8,flex,174384,,,6900,14,,False
2022,Chevrolet,silverado 1500,zr2,8,gasoline,42750,,,59500,4,,False
2023,Chevrolet,silverado 1500,rst,8,gasoline,42117,,,55700,3,,False
2019,Chevrolet,silverado 1500,rst,8,gasoline,73715,,,42000,7,,False
2022,Chevrolet,silverado 1500,custom trail boss,8,gasoline,39392,,,42000,4,,False
2018,Chevrolet,silverado 1500,lt,8,gasoline,103457,,,24000,8,,False
2017,Chevrolet,silverado 1500,work truck,6,flex,163745,,,5000,9,,False
2022,Chevrolet,silverado 1500,work truck,4,gasoline,58094,,,35000,4,,False
2023,Chevrolet,silverado 1500,work truck,4,gasoline,27839,,,36300,3,,False
2023,Chevrolet,silverado 1500,custom,4,gasoline,26414,,,43000,3,,False
2020,Chevrolet,silverado 1500,custom trail boss,8,gasoline,42614,,,47250,6,,False
2021,Chevrolet,silverado 1500,work truck,8,gasoline,249472,,,15250,5,,False
2021,Chevrolet,silverado 1500,custom,8,gasoline,54536,,,33000,5,,False
2023,Chevrolet,silverado 1500,rst,6,diesel,61010,,,53250,3,,False
2024,Chevrolet,silverado 1500,rst,8,gasoline,40604,,,56750,2,,False
2020,Chevrolet,silverado 1500,work truck,8,gasoline,84904,,,30400,6,,False
2019,Chevrolet,silverado 1500,lt,8,gasoline,130240,,,24300,7,,False
2019,Chevrolet,silverado 1500,lt,8,gasoline,203733,,,23000,7,,False
2019,Chevrolet,silverado 1500,rst,8,gasoline,160897,,,32300,7,,False
2014,Chevrolet,silverado 1500,work truck,8,flex,124711,,,7500,12,,False
2018,Chevrolet,silverado 1500,lt,8,gasoline,213857,,,10200,8,,False
2024,Chevrolet,silverado 1500,work truck,8,gasoline,13738,,,33400,2,,False
2024,Chevrolet,silverado 1500,work truck,8,gasoline,12486,,,32000,2,,False
2024,Chevrolet,silverado 1500,work truck,8,gasoline,11117,,,32000,2,,False
2024,Chevrolet,silverado 1500,work truck,8,gasoline,12824,,,30500,2,,False
2024,Chevrolet,silverado 1500,work truck,8,gasoline,13551,,,32000,2,,False
2024,Chevrolet,silverado 1500,work truck,8,gasoline,13000,,,32000,2,,False
2024,Chevrolet,silverado 1500,work truck,8,gasoline,14052,,,32000,2,,False
2015,Chevrolet,silverado 1500,work truck,6,flex,167441,,,4000,11,,False
2024,Chevrolet,silverado 1500,custom,4,gasoline,21727,,,43000,2,,False
2022,Chevrolet,silverado 1500,lt trail boss,6,diesel,90773,,,46000,4,,False
2018,Chevrolet,silverado 1500,ls,8,gasoline,133701,,,20300,8,,False
2014,Chevrolet,silverado 1500,lt,8,flex,232657,,,8000,12,,False
2015,Chevrolet,silverado 1500,lt,8,gasoline,274824,,,6000,11,,False
2017,Chevrolet,silverado 1500,lt,8,gasoline,212889,,,15300,9,,False
2019,Chevrolet,silverado 1500,lt trail boss,8,gasoline,93472,,,40600,7,,False
2024,Chevrolet,silverado 1500,lt trail boss,6,diesel,19570,,,64700,2,,False
2017,Chevrolet,silverado 1500,no mentioned,8,gasoline,199145,,,12900,9,,False
2017,Chevrolet,silverado 1500,high country,8,flex,147000,,,23000,9,,False
2023,Chevrolet,silverado 1500,rst,8,gasoline,25472,,,52800,3,,False
2023,Chevrolet,silverado 1500,work truck,4,gasoline,78791,,,31800,3,,False
2023,Chevrolet,silverado 1500,work truck,4,gasoline,26709,,,41400,3,,False
2023,Chevrolet,silverado 1500,work truck,4,gasoline,29210,,,40400,3,,False
2023,Chevrolet,silverado 1500,work truck,4,gasoline,19994,,,38250,3,,False
2023,Chevrolet,silverado 1500,work truck,4,gasoline,30272,,,38000,3,,False
2023,Chevrolet,silverado 1500,work truck,4,gasoline,17271,,,40800,3,,False
2023,Chevrolet,silverado 1500,custom,4,gasoline,52809,,,40000,3,,False
2023,Chevrolet,silverado 1500,custom,4,gasoline,24776,,,43000,3,,False
2023,Chevrolet,silverado 1500,custom,4,gasoline,45607,,,41250,3,,False
2023,Chevrolet,silverado 1500,custom,4,gasoline,24188,,,43600,3,,False
2023,Chevrolet,silverado 1500,custom,4,gasoline,43147,,,38400,3,,False
2023,Chevrolet,silverado 1500,custom,4,gasoline,26849,,,44400,3,,False
2023,Chevrolet,silverado 1500,custom,4,gasoline,41929,,,39000,3,,False
2023,Chevrolet,silverado 1500,custom,4,gasoline,47431,,,41750,3,,False
2024,Chevrolet,silverado 1500,custom,4,gasoline,28715,,,45200,2,,False
2023,Chevrolet,silverado 1500,custom,4,gasoline,23055,,,43500,3,,False
2023,Chevrolet,silverado 1500,custom,4,gasoline,21431,,,45500,3,,False
2023,Chevrolet,silverado 1500,custom,4,gasoline,30539,,,41500,3,,False
2023,Chevrolet,silverado 1500,custom,4,gasoline,21764,,,43000,3,,False
2023,Chevrolet,silverado 1500,custom,4,gasoline,35739,,,44000,3,,False
2023,Chevrolet,silverado 1500,custom,4,gasoline,31615,,,42200,3,,False
2023,Chevrolet,silverado 1500,custom,4,gasoline,29256,,,43900,3,,False
2023,Chevrolet,silverado 1500,custom,4,gasoline,59655,,,37000,3,,False
2023,Chevrolet,silverado 1500,custom,4,gasoline,52867,,,38750,3,,False
2022,Chevrolet,silverado 1500,custom,4,gasoline,23281,,,40500,4,,False
2023,Chevrolet,silverado 1500,custom,4,gasoline,69726,,,37000,3,,False
2023,Chevrolet,silverado 1500,custom,4,gasoline,24736,,,43600,3,,False
2023,Chevrolet,silverado 1500,custom,4,gasoline,25432,,,44750,3,,False
2023,Chevrolet,silverado 1500,custom,4,gasoline,28196,,,42200,3,,False
2023,Chevrolet,silverado 1500,custom,4,gasoline,69831,,,36400,3,,False
2023,Chevrolet,silverado 1500,lt,4,gasoline,43490,,,39500,3,,False
2023,Chevrolet,silverado 1500,lt,4,gasoline,38503,,,40500,3,,False
2020,Chevrolet,silverado 1500,custom trail boss,8,gasoline,74469,,,39500,6,,False
2022,Chevrolet,silverado 1500,work truck,4,gasoline,83865,,,26250,4,,False
2015,Chevrolet,silverado 1500,ls,6,flex,174414,,,5200,11,,False
2023,Chevrolet,silverado 1500,work truck,4,gasoline,78077,,,31600,3,,False
2019,Chevrolet,silverado 1500,custom,8,gasoline,104182,,,28000,7,,False
2020,Chevrolet,silverado 1500,custom trail boss,8,gasoline,117484,,,29000,6,,False
2020,Chevrolet,silverado 1500,custom trail boss,8,gasoline,153637,,,26500,6,,False
2020,Chevrolet,silverado 1500,custom trail boss,8,gasoline,147855,,,26000,6,,False
2023,Chevrolet,silverado 1500,lt,8,gasoline,36992,,,46250,3,,False
2024,Chevrolet,silverado 1500,rst,6,diesel,46073,,,54500,2,,False
2024,Chevrolet,silverado 1500,rst,6,diesel,40904,,,57800,2,,False
2023,Chevrolet,silverado 1500,high country,8,gasoline,54289,,,59000,3,,False
2022,Chevrolet,silverado 1500,high country,6,diesel,44783,,,58000,4,,False
2021,Chevrolet,silverado 1500,custom,8,gasoline,107599,,,31000,5,,False
2021,Chevrolet,silverado 1500,custom,8,gasoline,141087,,,28000,5,,False
2020,Chevrolet,silverado 1500,rst,8,gasoline,63741,,,41250,6,,False
2021,Chevrolet,silverado 1500,rst,8,gasoline,84879,,,42500,5,,False
2021,Chevrolet,silverado 1500,rst,8,gasoline,57438,,,42750,5,,False
2021,Chevrolet,silverado 1500,lt,6,diesel,98434,,,44800,5,,False
2021,Chevrolet,silverado 1500,high country,8,gasoline,104106,,,48000,5,,False
2018,Chevrolet,silverado 1500,ls,8,gasoline,110828,,,15600,8,,False
2023,Chevrolet,silverado 1500,work truck,8,gasoline,45701,,,41250,3,,False
2024,Chevrolet,silverado 1500,rst,8,gasoline,33937,,,55250,2,,False
2022,Chevrolet,silverado 1500,rst,8,gasoline,34467,,,52000,4,,False
2023,Chevrolet,silverado 1500,high country,8,gasoline,44219,,,62000,3,,False
2023,Chevrolet,silverado 1500,high country,8,gasoline,36520,,,62100,3,,False
2022,Chevrolet,silverado 1500,custom trail boss,8,gasoline,30092,,,44200,4,,False
2023,Chevrolet,silverado 1500,custom trail boss,4,gasoline,22187,,,43500,3,,False
2023,Chevrolet,silverado 1500,custom trail boss,4,gasoline,40173,,,43000,3,,False
2023,Chevrolet,silverado 1500,custom trail boss,4,gasoline,32045,,,43250,3,,False
2023,Chevrolet,silverado 1500,lt,4,gasoline,50002,,,40800,3,,False
2022,Chevrolet,silverado 1500,lt,4,gasoline,57293,,,40000,4,,False
2023,Chevrolet,silverado 1500,work truck,4,gasoline,19767,,,40300,3,,False
2023,Chevrolet,silverado 1500,custom,4,gasoline,70370,,,36750,3,,False
2023,Chevrolet,silverado 1500,custom,4,gasoline,51195,,,39200,3,,False
2023,Chevrolet,silverado 1500,custom,4,gasoline,37091,,,40000,3,,False
2022,Chevrolet,silverado 1500,custom,4,gasoline,25685,,,39800,4,,False
2023,Chevrolet,silverado 1500,custom,4,gasoline,36779,,,40800,3,,False
2022,Chevrolet,silverado 1500,custom,4,gasoline,47550,,,37000,4,,False
2013,Chevrolet,silverado 1500,lt,8,flex,254917,,,6000,13,,False
2021,Chevrolet,silverado 1500,lt,4,gasoline,120276,,,28750,5,,False
2024,Chevrolet,silverado 1500,custom trail boss,8,gasoline,30353,,,51000,2,,False
2023,Chevrolet,silverado 1500,rst,6,diesel,30850,,,54000,3,,False
2023,Chevrolet,silverado 1500,lt trail boss,8,gasoline,42986,,,49800,3,,False
2023,Chevrolet,silverado 1500,high country,8,gasoline,51542,,,60500,3,,False
2023,Chevrolet,silverado 1500,high country,8,gasoline,41167,,,61700,3,,False
2025,Chevrolet,silverado 1500,lt,8,gasoline,26233,,,45500,1,,False
2020,Chevrolet,silverado 1500,lt trail boss,8,gasoline,214103,,,24500,6,,False
2012,Chevrolet,silverado 1500,lt,8,flex,296575,,,3500,14,,False
2015,Chevrolet,silverado 1500,lt,8,gasoline,228117,,,12000,11,,False
2014,Chevrolet,silverado 1500,lt,8,flex,235945,,,7200,12,,False
2022,Chevrolet,silverado 1500,rst,8,gasoline,54988,,,47600,4,,False
2014,Chevrolet,silverado 1500,lt,8,flex,224863,,,9800,12,,False
2022,Chevrolet,silverado 1500,high country,8,gasoline,50613,,,59000,4,,False
2020,Chevrolet,silverado 1500,lt,6,diesel,116773,,,32100,6,,False
2014,Chevrolet,silverado 1500,lt,8,flex,147355,,,10100,12,,False
2019,Chevrolet,silverado 1500,custom,6,flex,189040,,,12000,7,,False
2022,Chevrolet,silverado 1500,work truck,8,gasoline,127159,,,36600,4,,False
2019,Chevrolet,silverado 1500,work truck,8,gasoline,143812,,,14500,7,,False
2021,Chevrolet,silverado 1500,work truck,8,gasoline,62250,,,20400,5,,False
2016,Chevrolet,silverado 1500,work truck,8,gasoline,275578,,,5000,10,,False
2017,Chevrolet,silverado 1500,lt,8,gasoline,120854,,,23600,9,,False
2022,Chevrolet,silverado 1500,custom trail boss,8,gasoline,39135,,,43500,4,,False
2024,Chevrolet,silverado 1500,work truck,8,gasoline,12838,,,34600,2,,False
2024,Chevrolet,silverado 1500,work truck,8,gasoline,13966,,,33600,2,,False
2023,Chevrolet,silverado 1500,custom trail boss,8,gasoline,80868,,,28000,3,,False
2023,Chevrolet,silverado 1500,custom trail boss,8,gasoline,68038,,,28000,3,,False
2023,Chevrolet,silverado 1500,custom trail boss,8,gasoline,65851,,,46750,3,,False
2023,Chevrolet,silverado 1500,custom trail boss,8,gasoline,86244,,,30500,3,,False
2023,Chevrolet,silverado 1500,custom trail boss,8,gasoline,80092,,,35000,3,,False
2018,Chevrolet,silverado 1500,high country,8,flex,71080,,,39200,8,,False
2023,Chevrolet,silverado 1500,custom,4,gasoline,80246,,,37000,3,,False
2024,Chevrolet,silverado 1500,rst,8,gasoline,15054,,,58000,2,,False
2019,Chevrolet,silverado 1500,lt,8,gasoline,156231,,,24000,7,,False
2017,Chevrolet,silverado 1500,no mentioned,6,flex,74387,,,18100,9,,False
2021,Chevrolet,silverado 1500,lt,8,gasoline,151041,,,28500,5,,False
2019,Chevrolet,silverado 1500,lt trail boss,8,gasoline,95571,,,38200,7,,False
2022,Chevrolet,silverado 1500,lt trail boss,6,diesel,58599,,,46800,4,,False
2020,Chevrolet,silverado 1500,lt trail boss,8,gasoline,63562,,,43000,6,,False
2023,Chevrolet,silverado 1500,rst,8,gasoline,59600,,,51700,3,,False
2017,Chevrolet,silverado 1500,lt,8,gasoline,126103,,,21000,9,,False
2019,Chevrolet,silverado 1500,custom,8,gasoline,80331,,,38100,7,,False
2023,Chevrolet,silverado 1500,rst,6,diesel,68443,,,51900,3,,False
2017,Chevrolet,silverado 1500,lt,8,flex,151441,,,20500,9,,False
2016,Chevrolet,silverado 1500,lt,8,gasoline,108320,,,30800,10,,False
2011,Chevrolet,silverado 1500,lt,8,flex,227866,,,5500,15,,False
2017,Chevrolet,silverado 1500,lt,8,flex,92869,,,28100,9,,False
2017,Chevrolet,silverado 1500,lt,8,gasoline,101217,,,23000,9,,False
2019,Chevrolet,silverado 1500,rst,8,gasoline,107525,,,31700,7,,False
2014,Chevrolet,silverado 1500,lt,8,flex,224078,,,16100,12,,False
2017,Chevrolet,silverado 1500,no mentioned,8,gasoline,136239,,,4500,9,,False
2023,Chevrolet,silverado 1500,custom,4,gasoline,73628,,,37600,3,,False
2022,Chevrolet,silverado 1500,lt,8,gasoline,70339,,,39500,4,,False
2014,Chevrolet,silverado 1500,work truck,8,flex,229951,,,4500,12,,False
2016,Chevrolet,silverado 1500,lt,8,gasoline,208279,,,15500,10,,False
2017,Chevrolet,silverado 1500,lt,8,gasoline,128058,,,14800,9,,False
2014,Chevrolet,silverado 1500,lt,8,flex,337593,,,10000,12,,False
2021,Chevrolet,silverado 1500,rst,6,diesel,140391,,,31200,5,,False
2020,Chevrolet,silverado 1500,lt,8,gasoline,36712,,,39400,6,,False
2018,Chevrolet,silverado 1500,custom,8,gasoline,187422,,,17500,8,,False
2024,Chevrolet,silverado 1500,rst,8,gasoline,17711,,,63300,2,,False
2022,Chevrolet,silverado 1500,rst,8,gasoline,88851,,,51700,4,,False
2023,Chevrolet,silverado 1500,rst,8,gasoline,66977,,,53000,3,,False
2023,Chevrolet,silverado 1500,work truck,4,gasoline,38091,,,37500,3,,False
2023,Chevrolet,silverado 1500,custom,4,gasoline,45571,,,42500,3,,False
2023,Chevrolet,silverado 1500,lt,4,gasoline,126087,,,34250,3,,False
2021,Chevrolet,silverado 1500,lt trail boss,8,gasoline,205275,,,27500,5,,False
2019,Chevrolet,silverado 1500,custom,6,flex,389220,,,7600,7,,False
2021,Chevrolet,silverado 1500,work truck,8,gasoline,229212,,,14500,5,,False
2023,Chevrolet,silverado 1500,rst,8,gasoline,62615,,,53200,3,,False
2024,Chevrolet,silverado 1500,rst,8,gasoline,33507,,,59000,2,,False
2022,Chevrolet,silverado 1500,rst,8,gasoline,46857,,,48600,4,,False
2022,Chevrolet,silverado 1500,rst,8,gasoline,37115,,,53250,4,,False
2022,Chevrolet,silverado 1500,rst,6,diesel,89677,,,47000,4,,False
2022,Chevrolet,silverado 1500,rst,6,diesel,129516,,,39900,4,,False
2019,Chevrolet,silverado 1500,lt,8,gasoline,87914,,,36500,7,,False
2019,Chevrolet,silverado 1500,rst,8,gasoline,104975,,,39000,7,,False
2021,Chevrolet,silverado 1500,rst,6,diesel,84512,,,41750,5,,False
2020,Chevrolet,silverado 1500,lt,8,gasoline,177199,,,24000,6,,False
2021,Chevrolet,silverado 1500,high country,8,gasoline,148964,,,40700,5,,False
2017,Chevrolet,silverado 1500,custom,6,flex,67521,,,19500,9,,False
2017,Chevrolet,silverado 1500,lt,8,gasoline,107754,,,27500,9,,False
2015,Chevrolet,silverado 1500,lt,8,gasoline,129800,,,19750,11,,False
2022,Chevrolet,silverado 1500,custom trail boss,8,gasoline,59164,,,43300,4,,False
2022,Chevrolet,silverado 1500,custom trail boss,8,gasoline,47242,,,42600,4,,False
2019,Chevrolet,silverado 1500,work truck,8,gasoline,270428,,,7200,7,,False
2012,Chevrolet,silverado 1500,lt,8,flex,251971,,,5100,14,,False
2010,Chevrolet,silverado 1500,lt,8,flex,167016,,,6900,16,,False
2024,Chevrolet,silverado 1500,custom trail boss,6,diesel,14140,,,54000,2,,False
2024,Chevrolet,silverado 1500,zr2,6,diesel,10133,,,72600,2,,False
2018,Chevrolet,silverado 1500,lt,6,flex,153393,,,17750,8,,False
2017,Chevrolet,silverado 1500,lt,8,gasoline,168599,,,19500,9,,False
2018,Chevrolet,silverado 1500,ls,8,gasoline,137621,,,22500,8,,False
2019,Chevrolet,silverado 1500,high country,8,gasoline,88123,,,44000,7,,False
2018,Chevrolet,silverado 1500,custom,6,flex,92337,,,21100,8,,False
2017,Chevrolet,silverado 1500,high country,8,flex,206274,,,17700,9,,False
2023,Chevrolet,silverado 1500,custom,4,gasoline,80328,,,36400,3,,False
2023,Chevrolet,silverado 1500,custom,4,gasoline,36009,,,41250,3,,False
2023,Chevrolet,silverado 1500,custom,4,gasoline,24684,,,43500,3,,False
2023,Chevrolet,silverado 1500,custom,4,gasoline,13073,,,44000,3,,False
2023,Chevrolet,silverado 1500,custom,4,gasoline,45409,,,40400,3,,False
2023,Chevrolet,silverado 1500,custom,4,gasoline,29477,,,43200,3,,False
2023,Chevrolet,silverado 1500,custom,4,gasoline,47380,,,41300,3,,False
2023,Chevrolet,silverado 1500,custom,4,gasoline,27464,,,44000,3,,False
2023,Chevrolet,silverado 1500,custom,4,gasoline,36169,,,40500,3,,False
2023,Chevrolet,silverado 1500,custom,4,gasoline,23199,,,43500,3,,False
2023,Chevrolet,silverado 1500,custom,4,gasoline,15141,,,42500,3,,False
2023,Chevrolet,silverado 1500,custom,4,gasoline,35485,,,40000,3,,False
2022,Chevrolet,silverado 1500,custom,4,gasoline,44166,,,39500,4,,False
2023,Chevrolet,silverado 1500,custom,4,gasoline,34124,,,42000,3,,False
2023,Chevrolet,silverado 1500,custom,4,gasoline,39032,,,43200,3,,False
2023,Chevrolet,silverado 1500,custom,4,gasoline,37302,,,41600,3,,False
2023,Chevrolet,silverado 1500,custom,4,gasoline,45289,,,42400,3,,False
2020,Chevrolet,silverado 1500,lt trail boss,8,gasoline,69791,,,47500,6,,False
2021,Chevrolet,silverado 1500,lt trail boss,8,gasoline,87682,,,46750,5,,False
2021,Chevrolet,silverado 1500,lt trail boss,8,gasoline,126901,,,38250,5,,False
2021,Chevrolet,silverado 1500,lt trail boss,8,gasoline,107646,,,44250,5,,False
2021,Chevrolet,silverado 1500,custom,8,gasoline,146673,,,24250,5,,False
2019,Chevrolet,silverado 1500,rst,8,gasoline,93857,,,31700,7,,False
2023,Chevrolet,silverado 1500,work truck,8,gasoline,41764,,,41750,3,,False
2024,Chevrolet,silverado 1500,work truck,8,gasoline,26815,,,44000,2,,False
2023,Chevrolet,silverado 1500,lt,6,diesel,71522,,,42250,3,,False
2024,Chevrolet,silverado 1500,rst,8,gasoline,55973,,,57500,2,,False
2023,Chevrolet,silverado 1500,rst,8,gasoline,36837,,,54500,3,,False
2024,Chevrolet,silverado 1500,rst,8,gasoline,44598,,,56500,2,,False
2023,Chevrolet,silverado 1500,rst,8,gasoline,43174,,,55100,3,,False
2023,Chevrolet,silverado 1500,high country,8,gasoline,54285,,,60000,3,,False
2021,Chevrolet,silverado 1500,custom,8,gasoline,84111,,,31600,5,,False
2021,Chevrolet,silverado 1500,lt,8,gasoline,134017,,,33100,5,,False
2020,Chevrolet,silverado 1500,lt,8,gasoline,96959,,,28250,6,,False
2019,Chevrolet,silverado 1500,rst,8,gasoline,45999,,,43000,7,,False
2021,Chevrolet,silverado 1500,rst,6,diesel,178246,,,28500,5,,False
2015,Chevrolet,silverado 1500,lt,8,gasoline,141230,,,7800,11,,False
2018,Chevrolet,silverado 1500,lt,8,gasoline,189909,,,7200,8,,False
2017,Chevrolet,silverado 1500,lt,8,flex,98041,,,31250,9,,False
2023,Chevrolet,silverado 1500,lt,8,gasoline,44468,,,48000,3,,False
2022,Chevrolet,silverado 1500,rst,8,gasoline,43161,,,49250,4,,False
2023,Chevrolet,silverado 1500,lt,8,gasoline,93132,,,43500,3,,False
2022,Chevrolet,silverado 1500,custom,4,gasoline,43369,,,34000,4,,False
2022,Chevrolet,silverado 1500,custom trail boss,8,gasoline,62204,,,41500,4,,False
2023,Chevrolet,silverado 1500,custom trail boss,4,gasoline,21737,,,44500,3,,False
2023,Chevrolet,silverado 1500,work truck,8,gasoline,20574,,,29500,3,,False
2024,Chevrolet,silverado 1500,work truck,8,gasoline,12203,,,34000,2,,False
2023,Chevrolet,silverado 1500,work truck,8,gasoline,25156,,,29500,3,,False
2021,Chevrolet,silverado 1500,work truck,6,flex,58512,,,23600,5,,False
2023,Chevrolet,silverado 1500,custom,4,gasoline,33154,,,42000,3,,False
2023,Chevrolet,silverado 1500,custom,4,gasoline,30657,,,39000,3,,False
2021,Chevrolet,silverado 1500,custom,4,gasoline,132649,,,24500,5,,False
2022,Chevrolet,silverado 1500,work truck,8,gasoline,79270,,,22500,4,,False
2023,Chevrolet,silverado 1500,work truck,8,gasoline,32803,,,38750,3,,False
2023,Chevrolet,silverado 1500,lt trail boss,6,diesel,62340,,,52000,3,,False
2023,Chevrolet,silverado 1500,high country,6,diesel,31280,,,59250,3,,False
2017,Chevrolet,silverado 1500,lt,8,gasoline,138882,,,25000,9,,False
2018,Chevrolet,silverado 1500,lt,8,gasoline,168380,,,19000,8,,False
2018,Chevrolet,silverado 1500,lt,8,gasoline,52728,,,31600,8,,False
2018,Chevrolet,silverado 1500,lt,8,gasoline,154235,,,27500,8,,False
2017,Chevrolet,silverado 1500,high country,8,gasoline,185666,,,18500,9,,False
2021,Chevrolet,silverado 1500,lt,8,gasoline,239709,,,20700,5,,False
2010,Chevrolet,silverado 1500,wt,8,flex,187677,,,4500,16,,False
2017,Chevrolet,silverado 1500,lt,8,gasoline,114515,,,27000,9,,False
2023,Chevrolet,silverado 1500,rst,8,gasoline,130883,,,37200,3,,False
2024,Chevrolet,silverado 1500,lt trail boss,8,gasoline,14980,,,61000,2,,False
2025,Chevrolet,silverado 1500,lt trail boss,8,gasoline,14433,,,64000,1,,False
2022,Chevrolet,silverado 1500,lt,8,gasoline,57869,,,44500,4,,False
2017,Chevrolet,silverado 1500,high country,8,flex,174632,,,23000,9,,False
2020,Chevrolet,silverado 1500,custom,4,gasoline,131371,,,25600,6,,False
2019,Chevrolet,silverado 1500,lt trail boss,8,gasoline,176686,,,27100,7,,False
2023,Chevrolet,silverado 1500,rst,6,diesel,43427,,,53000,3,,False
2023,Chevrolet,silverado 1500,rst,8,gasoline,34056,,,57200,3,,False
2019,Chevrolet,silverado 1500,lt,8,gasoline,131940,,,35200,7,,False
2021,Chevrolet,silverado 1500,lt,8,gasoline,104313,,,32500,5,,False
2020,Chevrolet,silverado 1500,high country,8,gasoline,158897,,,38200,6,,False
2024,Chevrolet,silverado 1500,work truck,8,gasoline,13195,,,33100,2,,False
2024,Chevrolet,silverado 1500,work truck,8,gasoline,12992,,,33100,2,,False
2023,Chevrolet,silverado 1500,high country,6,diesel,56211,,,55500,3,,False
2015,Chevrolet,silverado 1500,ls,8,gasoline,172018,,,5000,11,,False
2018,Chevrolet,silverado 1500,lt,8,gasoline,167463,,,24250,8,,False
2021,Chevrolet,silverado 1500,lt,8,gasoline,98535,,,29000,5,,False
2021,Chevrolet,silverado 1500,lt,8,gasoline,96767,,,31800,5,,False
2022,Chevrolet,silverado 1500,zr2,8,gasoline,86877,,,56500,4,,False
2019,Chevrolet,silverado 1500,rst,8,gasoline,160827,,,31500,7,,False
2018,Chevrolet,silverado 1500,lt,8,gasoline,196225,,,17600,8,,False
2018,Chevrolet,silverado 1500,lt,8,gasoline,131118,,,21500,8,,False
2021,Chevrolet,silverado 1500,custom,4,gasoline,99328,,,26400,5,,False
2020,Chevrolet,silverado 1500,custom trail boss,8,gasoline,242528,,,21500,6,,False
2024,Chevrolet,silverado 1500,rst,8,gasoline,10308,,,62200,2,,False
2020,Chevrolet,silverado 1500,lt,8,gasoline,198430,,,18200,6,,False
2017,Chevrolet,silverado 1500,lt,8,gasoline,202831,,,12500,9,,False
2023,Chevrolet,silverado 1500,lt,4,gasoline,59400,,,39600,3,,False
2019,Chevrolet,silverado 1500,custom trail boss,8,gasoline,163447,,,31100,7,,False
2023,Chevrolet,silverado 1500,custom,4,gasoline,70257,,,38200,3,,False
2020,Chevrolet,silverado 1500,custom,4,gasoline,102383,,,32700,6,,False
2021,Chevrolet,silverado 1500,custom,4,gasoline,59484,,,33000,5,,False
2019,Chevrolet,silverado 1500,custom trail boss,8,gasoline,134885,,,26400,7,,False
2019,Chevrolet,silverado 1500,lt,8,gasoline,219178,,,22000,7,,False
2020,Chevrolet,silverado 1500,lt,8,gasoline,173546,,,22500,6,,False
2022,Chevrolet,silverado 1500,rst,8,gasoline,67830,,,42500,4,,False
2015,Chevrolet,silverado 1500,no mentioned,8,gasoline,276177,,,7200,11,,False
2020,Chevrolet,silverado 1500,rst,8,gasoline,106749,,,38900,6,,False
2018,Chevrolet,silverado 1500,custom,8,gasoline,150387,,,19600,8,,False
2015,Chevrolet,silverado 1500,no mentioned,8,gasoline,238868,,,6400,11,,False
2023,Chevrolet,silverado 1500,rst,8,gasoline,36340,,,54800,3,,False
2020,Chevrolet,silverado 1500,custom,4,gasoline,149088,,,23600,6,,False
2020,Chevrolet,silverado 1500,custom trail boss,8,gasoline,139640,,,28200,6,,False
2021,Chevrolet,silverado 1500,custom trail boss,8,gasoline,102048,,,40000,5,,False
2013,Chevrolet,silverado 1500,ls,8,flex,166376,,,9000,13,,False
2019,Chevrolet,silverado 1500,work truck,8,gasoline,88370,,,23750,7,,False
2021,Chevrolet,silverado 1500,rst,8,gasoline,118154,,,32500,5,,False
2023,Chevrolet,silverado 1500,work truck,8,gasoline,21524,,,41000,3,,False
2024,Chevrolet,silverado 1500,work truck,8,gasoline,23091,,,44600,2,,False
2023,Chevrolet,silverado 1500,high country,8,gasoline,96221,,,54500,3,,False
2018,Chevrolet,silverado 1500,lt,8,gasoline,159337,,,23600,8,,False
2020,Chevrolet,silverado 1500,work truck,8,gasoline,116163,,,27250,6,,False
2021,Chevrolet,silverado 1500,rst,8,gasoline,55442,,,45500,5,,False
2017,Chevrolet,silverado 1500,custom,8,gasoline,202729,,,10300,9,,False
2015,Chevrolet,silverado 1500,lt,8,gasoline,380893,,,5100,11,,False
2018,Chevrolet,silverado 1500,lt,8,gasoline,99772,,,27000,8,,False
2021,Chevrolet,silverado 1500,rst,6,diesel,90480,,,32000,5,,False
2022,Chevrolet,silverado 1500,rst,8,gasoline,64049,,,41000,4,,False
2024,Chevrolet,silverado 1500,work truck,8,gasoline,11857,,,32300,2,,False
2024,Chevrolet,silverado 1500,work truck,8,gasoline,16968,,,34400,2,,False
2019,Chevrolet,silverado 1500,work truck,8,gasoline,291867,,,7900,7,,False
2020,Chevrolet,silverado 1500,work truck,8,gasoline,109829,,,29000,6,,False
2022,Chevrolet,silverado 1500,custom,4,gasoline,87427,,,34500,4,,False
2022,Chevrolet,silverado 1500,work truck,8,gasoline,56270,,,33500,4,,False
2018,Chevrolet,silverado 1500,lt,8,gasoline,157728,,,23750,8,,False
2022,Chevrolet,silverado 1500,rst,8,gasoline,128695,,,41000,4,,False
2014,Chevrolet,silverado 1500,high country,8,flex,97860,,,20700,12,,False
2023,Chevrolet,silverado 1500,work truck,4,gasoline,38567,,,39600,3,,False
2023,Chevrolet,silverado 1500,custom,4,gasoline,43048,,,40300,3,,False
2024,Chevrolet,silverado 1500,custom,4,gasoline,26409,,,48000,2,,False
2023,Chevrolet,silverado 1500,custom,4,gasoline,43446,,,42000,3,,False
2023,Chevrolet,silverado 1500,custom,4,gasoline,45862,,,42500,3,,False
2022,Chevrolet,silverado 1500,custom,4,gasoline,43306,,,38200,4,,False
2023,Chevrolet,silverado 1500,custom,4,gasoline,20180,,,44500,3,,False
2023,Chevrolet,silverado 1500,custom,4,gasoline,43452,,,40000,3,,False
2019,Chevrolet,silverado 1500,custom,6,flex,156360,,,21400,7,,False
2018,Chevrolet,silverado 1500,work truck,6,flex,238477,,,6500,8,,False
2019,Chevrolet,silverado 1500,work truck,8,gasoline,177328,,,15200,7,,False
2021,Chevrolet,silverado 1500,custom,6,flex,194400,,,16500,5,,False
2023,Chevrolet,silverado 1500,work truck,8,gasoline,39204,,,35500,3,,False
2024,Chevrolet,silverado 1500,lt,8,gasoline,60528,,,48500,2,,False
2023,Chevrolet,silverado 1500,rst,6,diesel,56513,,,55000,3,,False
2023,Chevrolet,silverado 1500,rst,8,gasoline,28535,,,58000,3,,False
2022,Chevrolet,silverado 1500,lt,8,gasoline,131733,,,46250,4,,False
2022,Chevrolet,silverado 1500,high country,8,gasoline,100068,,,52250,4,,False
2022,Chevrolet,silverado 1500,high country,6,diesel,44778,,,58000,4,,False
2019,Chevrolet,silverado 1500,work truck,8,gasoline,77300,,,30750,7,,False
2020,Chevrolet,silverado 1500,custom,8,gasoline,186828,,,25500,6,,False
2019,Chevrolet,silverado 1500,lt,8,gasoline,129184,,,32000,7,,False
2021,Chevrolet,silverado 1500,lt,8,gasoline,98054,,,32200,5,,False
2016,Chevrolet,silverado 1500,no mentioned,8,gasoline,108254,,,23250,10,,False
2014,Chevrolet,silverado 1500,work truck,8,flex,292082,,,4300,12,,False
2018,Chevrolet,silverado 1500,lt,8,gasoline,129658,,,25250,8,,False
2022,Chevrolet,silverado 1500,custom,4,gasoline,77838,,,37600,4,,False
2022,Chevrolet,silverado 1500,custom trail boss,8,gasoline,41572,,,41000,4,,False
2022,Chevrolet,silverado 1500,custom trail boss,4,gasoline,49482,,,38100,4,,False
2022,Chevrolet,silverado 1500,custom trail boss,4,gasoline,34918,,,38500,4,,False
2023,Chevrolet,silverado 1500,custom trail boss,4,gasoline,85729,,,38500,3,,False
2023,Chevrolet,silverado 1500,custom trail boss,4,gasoline,41742,,,43750,3,,False
2023,Chevrolet,silverado 1500,custom trail boss,4,gasoline,42778,,,43250,3,,False
2023,Chevrolet,silverado 1500,lt trail boss,4,gasoline,59209,,,46250,3,,False
2024,Chevrolet,silverado 1500,work truck,8,gasoline,13878,,,33600,2,,False
2024,Chevrolet,silverado 1500,work truck,8,gasoline,17863,,,32000,2,,False
2024,Chevrolet,silverado 1500,work truck,8,gasoline,14135,,,34400,2,,False
2024,Chevrolet,silverado 1500,work truck,8,gasoline,13492,,,32250,2,,False
2023,Chevrolet,silverado 1500,custom,4,gasoline,47005,,,41100,3,,False
2023,Chevrolet,silverado 1500,custom,4,gasoline,34697,,,40750,3,,False
2022,Chevrolet,silverado 1500,custom,4,gasoline,24160,,,35750,4,,False
2023,Chevrolet,silverado 1500,custom,4,gasoline,28301,,,43200,3,,False
2023,Chevrolet,silverado 1500,custom,4,gasoline,34264,,,42200,3,,False
2023,Chevrolet,silverado 1500,custom,4,gasoline,32179,,,41500,3,,False
2023,Chevrolet,silverado 1500,custom trail boss,8,gasoline,20267,,,47250,3,,False
2023,Chevrolet,silverado 1500,custom trail boss,8,gasoline,36844,,,46750,3,,False
2023,Chevrolet,silverado 1500,custom trail boss,8,gasoline,48870,,,45500,3,,False
2024,Chevrolet,silverado 1500,rst,6,diesel,44079,,,53500,2,,False
2022,Chevrolet,silverado 1500,lt trail boss,8,gasoline,67750,,,44400,4,,False
2022,Chevrolet,silverado 1500,zr2,8,gasoline,50476,,,55500,4,,False
2017,Chevrolet,silverado 1500,lt,8,gasoline,118484,,,22500,9,,False
2023,Chevrolet,silverado 1500,high country,6,diesel,81939,,,60500,3,,False
2016,Chevrolet,silverado 1500,lt,8,gasoline,276266,,,6500,10,,False
2018,Chevrolet,silverado 1500,lt,8,gasoline,139510,,,23000,8,,False
2018,Chevrolet,silverado 1500,high country,8,flex,199140,,,21100,8,,False
2020,Chevrolet,silverado 1500,custom,8,gasoline,140202,,,27000,6,,False
2021,Chevrolet,silverado 1500,lt trail boss,8,gasoline,157789,,,38500,5,,False
2019,Chevrolet,silverado 1500,rst,8,gasoline,128706,,,31900,7,,False
2018,Chevrolet,silverado 1500,lt,8,gasoline,145400,,,23100,8,,False
2021,Chevrolet,silverado 1500,work truck,8,gasoline,142736,,,25400,5,,False
2021,Chevrolet,silverado 1500,custom,8,gasoline,97794,,,31600,5,,False
2021,Chevrolet,silverado 1500,custom,8,gasoline,89846,,,36000,5,,False
2019,Chevrolet,silverado 1500,rst,8,gasoline,181411,,,17300,7,,False
2019,Chevrolet,silverado 1500,lt,8,gasoline,96029,,,30500,7,,False
2023,Chevrolet,silverado 1500,custom trail boss,4,gasoline,41492,,,40800,3,,False
2024,Chevrolet,silverado 1500,work truck,8,gasoline,14809,,,35000,2,,False
2022,Chevrolet,silverado 1500,work truck,4,gasoline,170121,,,26000,4,,False
2015,Chevrolet,silverado 1500,ls,8,gasoline,172113,,,4200,11,,False
2015,Chevrolet,silverado 1500,lt,8,gasoline,175013,,,6200,11,,False
2018,Chevrolet,silverado 1500,lt,8,gasoline,251947,,,10900,8,,False
2018,Chevrolet,silverado 1500,lt,8,gasoline,113715,,,31800,8,,False
2021,Chevrolet,silverado 1500,lt,8,gasoline,61908,,,37000,5,,False
2021,Chevrolet,silverado 1500,lt,8,gasoline,91287,,,31700,5,,False
2019,Chevrolet,silverado 2500hd,work truck,8,flex,356974,,,9250,7,,False
2024,Chevrolet,silverado 2500hd,lt,8,diesel,16701,,,84400,2,,False
2020,Chevrolet,silverado 2500hd,high country,8,diesel,128432,,,60400,6,,False
2010,Chevrolet,silverado 2500hd,wt,8,gasoline,169938,,,11600,16,,False
2025,Chevrolet,silverado 2500hd,lt,8,diesel,31560,,,86800,1,,False
2015,Chevrolet,silverado 2500hd,wt,8,flex,217327,,,15400,11,,False
2014,Chevrolet,silverado 2500hd,wt,8,flex,88910,,,18000,12,,False
2016,Chevrolet,silverado 2500hd,lt,8,flex,203316,,,13400,10,,False
2017,Chevrolet,silverado 2500hd,lt,8,diesel,119397,,,28400,9,,False
2018,Chevrolet,silverado 2500hd,lt,8,diesel,176712,,,42000,8,,False
2021,Chevrolet,silverado 2500hd,lt,8,gasoline,193750,,,27000,5,,False
2022,Chevrolet,silverado 2500hd,custom,8,gasoline,131559,,,34750,4,,False
2022,Chevrolet,silverado 2500hd,work truck,8,gasoline,152020,,,33500,4,,False
2024,Chevrolet,silverado 2500hd,lt,8,gasoline,56920,,,59250,2,,False
2021,Chevrolet,silverado 2500hd,lt,8,diesel,119530,,,47250,5,,False
2024,Chevrolet,silverado 2500hd,high country,8,diesel,61878,,,79500,2,,False
2021,Chevrolet,silverado 2500hd,work truck,8,gasoline,114788,,,33300,5,,False
2019,Chevrolet,silverado 2500hd,work truck,8,diesel,97972,,,37500,7,,False
2017,Chevrolet,silverado 2500hd,lt,8,diesel,161977,,,39000,9,,False
2024,Chevrolet,silverado 2500hd,custom,8,diesel,41588,,,65750,2,,False
2024,Chevrolet,silverado 2500hd,lt,8,gasoline,41011,,,57000,2,,False
2024,Chevrolet,silverado 2500hd,lt,8,diesel,88459,,,54000,2,,False
2017,Chevrolet,silverado 2500hd,lt,8,flex,55012,,,30000,9,,False
2024,Chevrolet,silverado 2500hd,lt,8,diesel,83039,,,54750,2,,False
2024,Chevrolet,silverado 2500hd,lt,8,diesel,33328,,,66250,2,,False
2024,Chevrolet,silverado 2500hd,lt,8,diesel,56370,,,61500,2,,False
2024,Chevrolet,silverado 2500hd,lt,8,diesel,70501,,,56750,2,,False
2019,Chevrolet,silverado 2500hd,work truck,8,flex,197880,,,16000,7,,False
2024,Chevrolet,silverado 2500hd,lt,8,gasoline,67745,,,52000,2,,False
2024,Chevrolet,silverado 2500hd,lt,8,gasoline,53782,,,49250,2,,False
2024,Chevrolet,silverado 2500hd,lt,8,gasoline,59554,,,46000,2,,False
2023,Chevrolet,silverado 2500hd,high country,8,diesel,60515,,,61500,3,,False
2023,Chevrolet,silverado 2500hd,work truck,8,gasoline,67557,,,34000,3,,False
2018,Chevrolet,silverado 2500hd,work truck,8,flex,239569,,,12500,8,,False
2016,Chevrolet,silverado 2500hd,lt,8,flex,87086,,,24250,10,,False
2021,Chevrolet,silverado 2500hd,work truck,8,gasoline,270494,,,19200,5,,False
2025,Chevrolet,silverado 2500hd,lt,8,diesel,40123,,,76000,1,,False
2024,Chevrolet,silverado 2500hd,custom,8,gasoline,49978,,,51400,2,,False
2020,Chevrolet,silverado 2500hd,lt,8,gasoline,88092,,,38100,6,,False
2023,Chevrolet,silverado 2500hd,lt,8,gasoline,66019,,,48700,3,,False
2015,Chevrolet,silverado 2500hd,wt,8,flex,239190,,,7300,11,,False
2021,Chevrolet,silverado 2500hd,lt,8,gasoline,209477,,,33000,5,,False
2022,Chevrolet,silverado 2500hd,lt,8,diesel,103933,,,55200,4,,False
2019,Chevrolet,silverado 2500hd,lt,8,diesel,214988,,,38500,7,,False
2019,Chevrolet,silverado 2500hd,lt,8,diesel,93159,,,54500,7,,False
2018,Chevrolet,silverado 2500hd,lt,8,diesel,251306,,,18500,8,,False
2023,Chevrolet,silverado 2500hd,high country,8,diesel,21261,,,82000,3,,False
2024,Chevrolet,silverado 2500hd,custom,8,gasoline,76842,,,46750,2,,False
2024,Chevrolet,silverado 2500hd,custom,8,gasoline,105618,,,43500,2,,False
2023,Chevrolet,silverado 2500hd,lt,8,gasoline,99468,,,41200,3,,False
2023,Chevrolet,silverado 2500hd,lt,8,gasoline,69797,,,48400,3,,False
2022,Chevrolet,silverado 2500hd,lt,8,gasoline,83118,,,42100,4,,False
2021,Chevrolet,silverado 2500hd,work truck,8,gasoline,81068,,,37000,5,,False
2018,Chevrolet,silverado 2500hd,lt,8,diesel,236233,,,33000,8,,False
2021,Chevrolet,silverado 2500hd,lt,8,gasoline,147214,,,29500,5,,False
2024,Chevrolet,silverado 2500hd,lt,8,diesel,23077,,,71800,2,,False
2024,Chevrolet,silverado 2500hd,lt,8,diesel,48730,,,69500,2,,False
2024,Chevrolet,silverado 2500hd,lt,8,diesel,74568,,,75500,2,,False
2024,Chevrolet,silverado 2500hd,lt,8,diesel,81546,,,56500,2,,False
2025,Chevrolet,silverado 2500hd,custom,8,gasoline,19950,,,58000,1,,False
2025,Chevrolet,silverado 2500hd,custom,8,gasoline,21091,,,58000,1,,False
2024,Chevrolet,silverado 2500hd,custom,8,diesel,116295,,,52200,2,,False
2013,Chevrolet,silverado 2500hd,lt,8,flex,185053,,,9100,13,,False
2017,Chevrolet,silverado 2500hd,work truck,8,flex,293643,,,8900,9,,False
2012,Chevrolet,silverado 2500hd,lt,8,flex,233178,,,13400,14,,False
2021,Chevrolet,silverado 2500hd,high country,8,diesel,154348,,,57300,5,,False
2021,Chevrolet,silverado 2500hd,custom,8,gasoline,111516,,,45000,5,,False
2024,Chevrolet,silverado 2500hd,custom,8,gasoline,67392,,,52700,2,,False
2020,Chevrolet,silverado 2500hd,lt,8,gasoline,62374,,,44500,6,,False
2017,Chevrolet,silverado 2500hd,work truck,8,flex,302055,,,4200,9,,False
2012,Chevrolet,silverado 2500hd,lt,8,flex,244792,,,3000,14,,False
2013,Chevrolet,silverado 2500hd,lt,8,flex,201702,,,10100,13,,False
2024,Chevrolet,silverado 2500hd,work truck,8,gasoline,42241,,,47600,2,,False
2021,Chevrolet,silverado 2500hd,work truck,8,gasoline,110441,,,31750,5,,False
2021,Chevrolet,silverado 2500hd,work truck,8,gasoline,250535,,,19000,5,,False
2019,Chevrolet,silverado 2500hd,high country,8,diesel,93862,,,61000,7,,False
2017,Chevrolet,silverado 2500hd,lt,8,flex,86594,,,37500,9,,False
2021,Chevrolet,silverado 2500hd,custom,8,gasoline,85215,,,44250,5,,False
2024,Chevrolet,silverado 2500hd,lt,8,diesel,45248,,,75000,2,,False
2015,Chevrolet,silverado 2500hd,wt,8,flex,224362,,,6000,11,,False
2016,Chevrolet,silverado 2500hd,work truck,8,flex,239027,,,7500,10,,False
2024,Chevrolet,silverado 2500hd,custom,8,gasoline,74455,,,48400,2,,False
2024,Chevrolet,silverado 2500hd,custom,8,diesel,37328,,,62750,2,,False
2022,Chevrolet,silverado 2500hd,lt,8,diesel,123501,,,46000,4,,False
2023,Chevrolet,silverado 2500hd,high country,8,diesel,42083,,,68000,3,,False
2021,Chevrolet,silverado 2500hd,high country,8,diesel,273385,,,39000,5,,False
2020,Chevrolet,silverado 2500hd,lt,8,diesel,206548,,,42500,6,,False
2017,Chevrolet,silverado 2500hd,work truck,8,flex,272007,,,11200,9,,False
2019,Chevrolet,silverado 2500hd,lt,8,flex,188147,,,22000,7,,False
2024,Chevrolet,silverado 2500hd,lt,8,gasoline,40934,,,45250,2,,False
2015,Chevrolet,silverado 2500hd,lt,8,flex,195532,,,17300,11,,False
2015,Chevrolet,silverado 2500hd,lt,8,diesel,325934,,,18000,11,,False
2021,Chevrolet,silverado 2500hd,custom,8,gasoline,126844,,,29750,5,,False
2021,Chevrolet,silverado 2500hd,lt,8,diesel,147106,,,45900,5,,False
2016,Chevrolet,silverado 2500hd,work truck,8,flex,234273,,,12500,10,,False
2022,Chevrolet,silverado 2500hd,lt,8,gasoline,235330,,,20800,4,,False
2020,Chevrolet,silverado 2500hd,high country,8,diesel,137157,,,61750,6,,False
2022,Chevrolet,silverado 2500hd,lt,8,gasoline,41215,,,49750,4,,False
2021,Chevrolet,silverado 2500hd,work truck,8,gasoline,87044,,,35500,5,,False
2024,Chevrolet,silverado 2500hd,high country,8,diesel,43086,,,80500,2,,False
2024,Chevrolet,silverado 2500hd,zr2,8,diesel,52745,,,95750,2,,False
2025,Chevrolet,silverado 2500hd,high country,8,gasoline,19215,,,84500,1,,False
2024,Chevrolet,silverado 2500hd,lt,8,diesel,60322,,,67500,2,,False
2023,Chevrolet,silverado 2500hd,custom,8,gasoline,39546,,,51250,3,,False
2024,Chevrolet,silverado 2500hd,high country,8,diesel,54614,,,75200,2,,False
2024,Chevrolet,silverado 2500hd,high country,8,diesel,66108,,,74500,2,,False
2020,Chevrolet,silverado 2500hd,lt,8,gasoline,180254,,,17750,6,,False
2019,Chevrolet,silverado 2500hd,work truck,8,flex,126247,,,15750,7,,False
2019,Chevrolet,silverado 2500hd,work truck,8,flex,127505,,,15750,7,,False
2018,Chevrolet,silverado 2500hd,lt,8,diesel,191836,,,28100,8,,False
2022,Chevrolet,silverado 2500hd,high country,8,diesel,45352,,,72200,4,,False
2021,Chevrolet,silverado 2500hd,lt,8,diesel,237432,,,32000,5,,False
2015,Chevrolet,silverado 2500hd,wt,8,flex,299802,,,3100,11,,False
2020,Chevrolet,silverado 2500hd,lt,8,gasoline,201316,,,24000,6,,False
2021,Chevrolet,silverado 2500hd,work truck,8,gasoline,210717,,,27000,5,,False
2024,Chevrolet,silverado 2500hd,lt,8,diesel,114523,,,60100,2,,False
2024,Chevrolet,silverado 2500hd,lt,8,diesel,34587,,,80600,2,,False
2024,Chevrolet,silverado 2500hd,lt,8,gasoline,23163,,,58750,2,,False
2016,Chevrolet,silverado 2500hd,lt,8,diesel,214084,,,13250,10,,False
2017,Chevrolet,silverado 2500hd,lt,8,diesel,209161,,,39000,9,,False
2022,Chevrolet,silverado 2500hd,custom,8,gasoline,119944,,,40700,4,,False
2023,Chevrolet,silverado 2500hd,custom,8,diesel,64197,,,55000,3,,False
2024,Chevrolet,silverado 2500hd,work truck,8,gasoline,94158,,,44000,2,,False
2024,Chevrolet,silverado 2500hd,lt,8,diesel,40511,,,71000,2,,False
2021,Chevrolet,silverado 2500hd,lt,8,gasoline,148886,,,43500,5,,False
2021,Chevrolet,silverado 2500hd,lt,8,diesel,127201,,,42500,5,,False
2021,Chevrolet,silverado 2500hd,lt,8,gasoline,125506,,,56600,5,,False
2020,Chevrolet,silverado 2500hd,high country,8,diesel,184006,,,50250,6,,False
2023,Chevrolet,silverado 2500hd,custom,8,diesel,29573,,,60000,3,,False
2023,Chevrolet,silverado 2500hd,custom,8,diesel,183385,,,36800,3,,False
2023,Chevrolet,silverado 2500hd,lt,8,gasoline,45608,,,44000,3,,False
2024,Chevrolet,silverado 2500hd,high country,8,gasoline,15218,,,70000,2,,False
2024,Chevrolet,silverado 2500hd,high country,8,diesel,40300,,,84000,2,,False
2020,Chevrolet,silverado 2500hd,work truck,8,gasoline,118076,,,19600,6,,False
2019,Chevrolet,silverado 2500hd,lt,8,flex,195479,,,22500,7,,False
2018,Chevrolet,silverado 2500hd,lt,8,flex,176374,,,22250,8,,False
2019,Chevrolet,silverado 2500hd,lt,8,flex,169686,,,20600,7,,False
2024,Chevrolet,silverado 2500hd,lt,8,gasoline,17840,,,58500,2,,False
2025,Chevrolet,silverado 2500hd,zr2,8,diesel,14681,,,98000,1,,False
2024,Chevrolet,silverado 2500hd,lt,8,gasoline,30057,,,55500,2,,False
2021,Chevrolet,silverado 2500hd,high country,8,diesel,108492,,,64100,5,,False
2016,Chevrolet,silverado 2500hd,work truck,8,flex,287885,,,5500,10,,False
2019,Chevrolet,silverado 2500hd,lt,8,flex,94250,,,34500,7,,False
2021,Chevrolet,silverado 2500hd,lt,8,diesel,91402,,,61100,5,,False
2021,Chevrolet,silverado 2500hd,high country,8,diesel,116092,,,57000,5,,False
2024,Chevrolet,silverado 2500hd,lt,8,diesel,76516,,,67750,2,,False
2015,Chevrolet,silverado 2500hd,wt,8,flex,284972,,,4000,11,,False
2013,Chevrolet,silverado 2500hd,wt,8,flex,201721,,,7200,13,,False
2023,Chevrolet,silverado 2500hd,custom,8,gasoline,24476,,,54750,3,,False
2022,Chevrolet,silverado 2500hd,custom,8,gasoline,112694,,,44600,4,,False
2024,Chevrolet,silverado 2500hd,high country,8,gasoline,67626,,,66000,2,,False
2022,Chevrolet,silverado 2500hd,custom,8,diesel,68222,,,55100,4,,False
2015,Chevrolet,silverado 2500hd,wt,8,flex,352647,,,4600,11,,False
2020,Chevrolet,silverado 2500hd,lt,8,diesel,192024,,,47500,6,,False
2024,Chevrolet,silverado 2500hd,zr2,8,diesel,45401,,,94000,2,,False
2017,Chevrolet,silverado 2500hd,lt,8,diesel,50621,,,46500,9,,False
2024,Chevrolet,silverado 2500hd,custom,8,gasoline,28941,,,59500,2,,False
2021,Chevrolet,silverado 2500hd,lt,8,diesel,127199,,,43750,5,,False
2024,Chevrolet,silverado 2500hd,lt,8,diesel,109624,,,55250,2,,False
2024,Chevrolet,silverado 2500hd,lt,8,diesel,32875,,,64250,2,,False
2024,Chevrolet,silverado 2500hd,high country,8,diesel,40319,,,80500,2,,False
2015,Chevrolet,silverado 2500hd,lt,8,diesel,272577,,,16000,11,,False
2025,Chevrolet,silverado 2500hd,high country,8,diesel,13941,,,88800,1,,False
2022,Chevrolet,silverado 2500hd,work truck,8,gasoline,83071,,,28800,4,,False
2022,Chevrolet,silverado 2500hd,lt,8,gasoline,174455,,,39000,4,,False
2021,Chevrolet,silverado 2500hd,work truck,8,diesel,148263,,,39200,5,,False
2020,Chevrolet,silverado 2500hd,lt,8,gasoline,198832,,,28200,6,,False
2018,Chevrolet,silverado 2500hd,lt,8,flex,121137,,,28800,8,,False
2018,Chevrolet,silverado 2500hd,lt,8,flex,98192,,,29000,8,,False
2018,Chevrolet,silverado 2500hd,lt,8,flex,155347,,,28400,8,,False
2018,Chevrolet,silverado 2500hd,lt,8,diesel,248232,,,31500,8,,False
2024,Chevrolet,silverado 2500hd,lt,8,diesel,42853,,,63750,2,,False
2020,Chevrolet,silverado 2500hd,custom,8,gasoline,69589,,,44900,6,,False
2020,Chevrolet,silverado 2500hd,work truck,8,gasoline,154480,,,29250,6,,False
2022,Chevrolet,silverado 2500hd,work truck,8,gasoline,60058,,,37000,4,,False
2021,Chevrolet,silverado 2500hd,work truck,8,diesel,277496,,,26000,5,,False
2024,Chevrolet,silverado 2500hd,lt,8,diesel,45068,,,63750,2,,False
2019,Chevrolet,silverado 2500hd,lt,8,flex,204407,,,19600,7,,False
2020,Chevrolet,silverado 2500hd,custom,8,gasoline,208834,,,33250,6,,False
2020,Chevrolet,silverado 2500hd,lt,8,gasoline,190380,,,25750,6,,False
2023,Chevrolet,silverado 2500hd,custom,8,diesel,66772,,,54000,3,,False
2023,Chevrolet,silverado 2500hd,custom,8,diesel,109700,,,47500,3,,False
2024,Chevrolet,silverado 2500hd,high country,8,diesel,47505,,,75500,2,,False
2024,Chevrolet,silverado 2500hd,lt,8,gasoline,83293,,,45000,2,,False
2013,Chevrolet,silverado 2500hd,lt,8,flex,323852,,,4400,13,,False
2019,Chevrolet,silverado 2500hd,lt,8,diesel,113781,,,52600,7,,False
2021,Chevrolet,silverado 2500hd,high country,8,gasoline,66608,,,62300,5,,False
2017,Chevrolet,silverado 2500hd,lt,8,flex,203842,,,19000,9,,False
2024,Chevrolet,silverado 2500hd,lt,8,diesel,80469,,,72400,2,,False
2022,Chevrolet,silverado 2500hd,work truck,8,gasoline,152283,,,25800,4,,False
2019,Chevrolet,silverado 2500hd,work truck,8,flex,267099,,,7000,7,,False
2024,Chevrolet,silverado 2500hd,work truck,8,gasoline,57182,,,49500,2,,False
2020,Chevrolet,silverado 2500hd,custom,8,gasoline,102898,,,44000,6,,False
2021,Chevrolet,silverado 2500hd,lt,8,diesel,152244,,,43500,5,,False
2020,Chevrolet,silverado 2500hd,work truck,8,gasoline,80779,,,28800,6,,False
2022,Chevrolet,silverado 2500hd,work truck,8,gasoline,79627,,,38750,4,,False
2016,Chevrolet,silverado 2500hd,high country,8,diesel,224236,,,34000,10,,False
2020,Chevrolet,silverado 2500hd,work truck,8,gasoline,31584,,,41500,6,,False
2024,Chevrolet,silverado 2500hd,custom,8,gasoline,28939,,,62200,2,,False
2024,Chevrolet,silverado 2500hd,custom,8,diesel,116288,,,57000,2,,False
2024,Chevrolet,silverado 2500hd,custom,8,gasoline,31083,,,56400,2,,False
2024,Chevrolet,silverado 2500hd,high country,8,diesel,54614,,,79200,2,,False
2024,Chevrolet,silverado 2500hd,custom,8,gasoline,34766,,,55250,2,,False
2021,Chevrolet,silverado 2500hd,work truck,8,diesel,82749,,,50100,5,,False
2023,Chevrolet,silverado 2500hd,lt,8,diesel,96620,,,47500,3,,False
2022,Chevrolet,silverado 2500hd,custom,8,gasoline,59180,,,48000,4,,False
2022,Chevrolet,silverado 2500hd,high country,8,diesel,77610,,,61000,4,,False
2019,Chevrolet,silverado 2500hd,high country,8,diesel,137125,,,55700,7,,False
2024,Chevrolet,silverado 2500hd,work truck,8,gasoline,92667,,,41600,2,,False
2023,Chevrolet,silverado 2500hd,high country,8,diesel,38252,,,73200,3,,False
2016,Chevrolet,silverado 2500hd,lt,8,flex,193706,,,17600,10,,False
2020,Chevrolet,silverado 2500hd,lt,8,gasoline,141045,,,32400,6,,False
2024,Chevrolet,silverado 2500hd,lt,8,diesel,33672,,,81500,2,,False
2019,Chevrolet,silverado 2500hd,work truck,8,flex,183113,,,15500,7,,False
2019,Chevrolet,silverado 2500hd,work truck,8,flex,234872,,,10000,7,,False
2017,Chevrolet,silverado 2500hd,lt,8,diesel,102340,,,56500,9,,False
2016,Chevrolet,silverado 2500hd,work truck,8,flex,374878,,,3100,10,,False
2024,Chevrolet,silverado 2500hd,custom,8,diesel,59480,,,60250,2,,False
2023,Chevrolet,silverado 2500hd,lt,8,gasoline,62926,,,40000,3,,False
2016,Chevrolet,silverado 2500hd,high country,8,diesel,209981,,,36000,10,,False
2024,Chevrolet,silverado 2500hd,lt,8,diesel,72552,,,62500,2,,False
2017,Chevrolet,silverado 2500hd,lt,8,diesel,208903,,,34800,9,,False
2018,Chevrolet,silverado 2500hd,lt,8,flex,354720,,,7200,8,,False
2012,Chevrolet,silverado 2500hd,wt,8,flex,152823,,,4700,14,,False
2024,Chevrolet,silverado 2500hd,lt,8,gasoline,39526,,,57000,2,,False
2015,Chevrolet,silverado 2500hd,lt,8,flex,130366,,,18000,11,,False
2015,Chevrolet,silverado 2500hd,wt,8,flex,317700,,,3300,11,,False
2010,Chevrolet,silverado 2500hd,lt,8,gasoline,248313,,,7400,16,,False
2015,Chevrolet,silverado 2500hd,wt,8,flex,286192,,,4000,11,,False
2019,Chevrolet,silverado 2500hd,work truck,8,flex,100666,,,13000,7,,False
2025,Chevrolet,silverado 2500hd,zr2,8,diesel,12543,,,97750,1,,False
2022,Chevrolet,silverado 2500hd,lt,8,gasoline,39898,,,51600,4,,False
2018,Chevrolet,silverado 2500hd,work truck,8,flex,305306,,,6200,8,,False
2024,Chevrolet,silverado 2500hd,high country,8,diesel,52564,,,78000,2,,False
2019,Chevrolet,silverado 2500hd,work truck,8,flex,160425,,,18800,7,,False
2024,Chevrolet,silverado 2500hd,lt,8,diesel,41303,,,70200,2,,False
2020,Chevrolet,silverado 2500hd,lt,8,diesel,77267,,,51250,6,,False
2022,Chevrolet,silverado 2500hd,work truck,8,gasoline,25752,,,47750,4,,False
2020,Chevrolet,silverado 2500hd,high country,8,diesel,59652,,,73500,6,,False
2018,Chevrolet,silverado 2500hd,work truck,8,diesel,288661,,,17100,8,,False
2022,Chevrolet,silverado 2500hd,lt,8,gasoline,33675,,,46600,4,,False
2025,Chevrolet,silverado 2500hd,lt,8,diesel,12850,,,89000,1,,False
2022,Chevrolet,silverado 2500hd,custom,8,diesel,72075,,,53000,4,,False
2021,Chevrolet,silverado 2500hd,lt,8,gasoline,100795,,,34500,5,,False
2022,Chevrolet,silverado 2500hd,lt,8,diesel,135360,,,52000,4,,False
2020,Chevrolet,silverado 2500hd,lt,8,diesel,226005,,,41750,6,,False
2024,Chevrolet,silverado 2500hd,high country,8,diesel,99222,,,74000,2,,False
2024,Chevrolet,silverado 2500hd,high country,8,diesel,29675,,,90250,2,,False
2023,Chevrolet,silverado 2500hd,custom,8,diesel,48013,,,55750,3,,False
2024,Chevrolet,silverado 2500hd,lt,8,diesel,63110,,,65000,2,,False
2021,Chevrolet,silverado 2500hd,work truck,8,gasoline,218485,,,19750,5,,False
2024,Chevrolet,silverado 2500hd,lt,8,gasoline,30053,,,54300,2,,False
2015,Chevrolet,silverado 2500hd,lt,8,flex,223652,,,14300,11,,False
2022,Chevrolet,silverado 2500hd,lt,8,diesel,99379,,,55300,4,,False
2024,Chevrolet,silverado 2500hd,lt,8,diesel,51531,,,71300,2,,False
2024,Chevrolet,silverado 2500hd,zr2,8,gasoline,14818,,,91800,2,,False
2022,Chevrolet,silverado 2500hd,high country,8,diesel,74967,,,70000,4,,False
2015,Chevrolet,silverado 2500hd,wt,8,flex,114494,,,7000,11,,False
2020,Chevrolet,silverado 2500hd,lt,8,gasoline,221028,,,22500,6,,False
2010,Chevrolet,silverado 2500hd,lt,8,gasoline,256613,,,6000,16,,False
2022,Chevrolet,silverado 2500hd,work truck,8,gasoline,98085,,,31250,4,,False
2013,Chevrolet,silverado 2500hd,wt,8,flex,185802,,,7000,13,,False
2025,Chevrolet,silverado 2500hd,custom,8,gasoline,32460,,,61000,1,,False
2023,Chevrolet,silverado 2500hd,custom,8,gasoline,125349,,,36800,3,,False
2022,Chevrolet,silverado 2500hd,high country,8,diesel,89251,,,65500,4,,False
2021,Chevrolet,silverado 2500hd,work truck,8,diesel,166145,,,35250,5,,False
2021,Chevrolet,silverado 2500hd,lt,8,diesel,205978,,,40000,5,,False
2024,Chevrolet,silverado 2500hd,high country,8,diesel,48522,,,84000,2,,False
2020,Chevrolet,silverado 2500hd,lt,8,gasoline,263125,,,16750,6,,False
2021,Chevrolet,silverado 2500hd,lt,8,diesel,87113,,,54750,5,,False
2024,Chevrolet,silverado 2500hd,lt,8,diesel,121339,,,51800,2,,False
2022,Chevrolet,silverado 2500hd,high country,8,diesel,105947,,,66250,4,,False
2024,Chevrolet,silverado 2500hd,lt,8,gasoline,115918,,,37500,2,,False
2023,Chevrolet,silverado 2500hd,lt,8,gasoline,44151,,,48300,3,,False
2023,Chevrolet,silverado 2500hd,lt,8,diesel,84630,,,54500,3,,False
2023,Chevrolet,silverado 2500hd,lt,8,diesel,61042,,,54000,3,,False
2024,Chevrolet,silverado 2500hd,work truck,8,gasoline,13744,,,54000,2,,False
2023,Chevrolet,silverado 2500hd,custom,8,diesel,64570,,,57000,3,,False
2024,Chevrolet,silverado 2500hd,lt,8,gasoline,40279,,,56500,2,,False
2022,Chevrolet,silverado 2500hd,lt,8,gasoline,117059,,,48200,4,,False
2024,Chevrolet,silverado 2500hd,lt,8,diesel,27500,,,81000,2,,False
2024,Chevrolet,silverado 2500hd,work truck,8,gasoline,18864,,,54600,2,,False
2020,Chevrolet,silverado 2500hd,lt,8,gasoline,237549,,,22000,6,,False
2013,Chevrolet,silverado 2500hd,lt,8,flex,225295,,,8000,13,,False
2018,Chevrolet,silverado 2500hd,lt,8,flex,134159,,,23500,8,,False
2019,Chevrolet,silverado 2500hd,lt,8,flex,196706,,,20200,7,,False
2015,Chevrolet,silverado 2500hd,lt,8,flex,238084,,,15400,11,,False
2016,Chevrolet,silverado 2500hd,high country,8,diesel,224144,,,28700,10,,False
2023,Chevrolet,silverado 2500hd,lt,8,gasoline,107769,,,44250,3,,False
2021,Chevrolet,silverado 2500hd,lt,8,diesel,79556,,,55000,5,,False
2024,Chevrolet,silverado 2500hd,lt,8,diesel,26579,,,80250,2,,False
2019,Chevrolet,silverado 2500hd,work truck,8,flex,201914,,,11700,7,,False
2021,Chevrolet,silverado 2500hd,lt,8,diesel,121244,,,57000,5,,False
2018,Chevrolet,silverado 2500hd,lt,8,diesel,148176,,,50200,8,,False
2018,Chevrolet,silverado 2500hd,high country,8,diesel,217672,,,36500,8,,False
2020,Chevrolet,silverado 2500hd,lt,8,gasoline,221315,,,22900,6,,False
2020,Chevrolet,silverado 2500hd,lt,8,diesel,215949,,,33000,6,,False
2022,Chevrolet,silverado 2500hd,lt,8,diesel,75404,,,59400,4,,False
2022,Chevrolet,silverado 2500hd,lt,8,diesel,46081,,,68500,4,,False
2023,Chevrolet,silverado 2500hd,high country,8,diesel,126263,,,63250,3,,False
2022,Chevrolet,silverado 2500hd,high country,8,diesel,105185,,,67500,4,,False
2022,Chevrolet,silverado 2500hd,work truck,8,diesel,62252,,,50200,4,,False
2019,Chevrolet,silverado 2500hd,work truck,8,flex,271682,,,10400,7,,False
2024,Chevrolet,silverado 2500hd,lt,8,gasoline,56804,,,51000,2,,False
2024,Chevrolet,silverado 2500hd,lt,8,gasoline,40913,,,55750,2,,False
2023,Chevrolet,silverado 2500hd,high country,8,diesel,69621,,,68500,3,,False
2018,Chevrolet,silverado 2500hd,lt,8,diesel,232287,,,33500,8,,False
2024,Chevrolet,silverado 2500hd,lt,8,gasoline,36194,,,48000,2,,False
2023,Chevrolet,silverado 2500hd,work truck,8,gasoline,82688,,,42900,3,,False
2022,Chevrolet,silverado 2500hd,work truck,8,gasoline,173592,,,23900,4,,False
2022,Chevrolet,silverado 2500hd,lt,8,diesel,80711,,,54750,4,,False
2019,Chevrolet,silverado 2500hd,work truck,8,flex,317707,,,13000,7,,False
2020,Chevrolet,silverado 2500hd,custom,8,gasoline,172087,,,30250,6,,False
2023,Chevrolet,silverado 2500hd,custom,8,gasoline,65649,,,52500,3,,False
2024,Chevrolet,silverado 2500hd,lt,8,gasoline,71769,,,55500,2,,False
2024,Chevrolet,silverado 2500hd,lt,8,diesel,12879,,,88750,2,,False
2022,Chevrolet,silverado 2500hd,custom,8,gasoline,69393,,,52600,4,,False
2020,Chevrolet,silverado 2500hd,lt,8,diesel,77388,,,68600,6,,False
2024,Chevrolet,silverado 2500hd,high country,8,diesel,47417,,,80750,2,,False
2020,Chevrolet,silverado 2500hd,high country,8,diesel,115978,,,61750,6,,False
2024,Chevrolet,silverado 2500hd,high country,8,diesel,56632,,,84000,2,,False
2023,Chevrolet,silverado 2500hd,custom,8,gasoline,37854,,,54750,3,,False
2023,Chevrolet,silverado 2500hd,custom,8,gasoline,55883,,,47500,3,,False
2024,Chevrolet,silverado 2500hd,lt,8,gasoline,29211,,,55000,2,,False
2022,Chevrolet,silverado 2500hd,lt,8,diesel,100191,,,53250,4,,False
2016,Chevrolet,silverado 2500hd,work truck,8,flex,201355,,,8000,10,,False
2023,Chevrolet,silverado 2500hd,lt,8,gasoline,77286,,,35750,3,,False
2023,Chevrolet,silverado 2500hd,lt,8,gasoline,66817,,,38200,3,,False
2023,Chevrolet,silverado 2500hd,custom,8,gasoline,75798,,,51400,3,,False
2022,Chevrolet,silverado 2500hd,work truck,8,diesel,105358,,,55000,4,,False
2017,Chevrolet,silverado 2500hd,work truck,8,flex,227498,,,10700,9,,False
2018,Chevrolet,silverado 2500hd,lt,8,diesel,335328,,,15500,8,,False
2024,Chevrolet,silverado 2500hd,lt,8,gasoline,21944,,,59900,2,,False
2019,Chevrolet,silverado 2500hd,lt,8,diesel,343511,,,25300,7,,False
2025,Chevrolet,silverado 2500hd,zr2,8,diesel,29579,,,96500,1,,False
2021,Chevrolet,silverado 2500hd,work truck,8,gasoline,142937,,,33000,5,,False
2021,Chevrolet,silverado 2500hd,custom,8,gasoline,91940,,,40900,5,,False
2021,Chevrolet,silverado 2500hd,custom,8,gasoline,270710,,,23600,5,,False
2021,Chevrolet,silverado 2500hd,lt,8,gasoline,115127,,,41750,5,,False
2024,Chevrolet,silverado 2500hd,high country,8,diesel,98285,,,73000,2,,False
2023,Chevrolet,silverado 2500hd,work truck,8,gasoline,67890,,,52100,3,,False
2024,Chevrolet,silverado 2500hd,lt,8,diesel,53816,,,63500,2,,False
2019,Chevrolet,silverado 2500hd,work truck,8,flex,244183,,,10000,7,,False
2024,Chevrolet,silverado 2500hd,work truck,8,gasoline,37727,,,54000,2,,False
2018,Chevrolet,silverado 2500hd,lt,8,flex,256975,,,14250,8,,False
2017,Chevrolet,silverado 2500hd,lt,8,diesel,161874,,,28800,9,,False
2020,Chevrolet,silverado 2500hd,work truck,8,gasoline,37485,,,40750,6,,False
2023,Chevrolet,silverado 2500hd,custom,8,gasoline,96810,,,47000,3,,False
2024,Chevrolet,silverado 2500hd,custom,8,diesel,52440,,,68250,2,,False
2024,Chevrolet,silverado 2500hd,high country,8,diesel,49070,,,86750,2,,False
2020,Chevrolet,silverado 2500hd,custom,8,gasoline,54835,,,45200,6,,False
2024,Chevrolet,silverado 2500hd,lt,8,gasoline,45956,,,53500,2,,False
2024,Chevrolet,silverado 2500hd,high country,8,diesel,81541,,,67000,2,,False
2020,Chevrolet,silverado 2500hd,lt,8,gasoline,63306,,,36400,6,,False
2023,Chevrolet,silverado 2500hd,lt,8,diesel,75497,,,73000,3,,False
2021,Chevrolet,silverado 2500hd,lt,8,gasoline,201901,,,27100,5,,False
2019,Chevrolet,silverado 2500hd,lt,8,flex,219223,,,19500,7,,False
2018,Chevrolet,silverado 2500hd,lt,8,flex,193114,,,22250,8,,False
2021,Chevrolet,silverado 2500hd,high country,8,diesel,107054,,,69100,5,,False
2018,Chevrolet,silverado 2500hd,lt,8,flex,206608,,,17200,8,,False
2013,Chevrolet,silverado 2500hd,lt,8,flex,154603,,,5750,13,,False
2015,Chevrolet,silverado 2500hd,lt,8,flex,270092,,,12800,11,,False
2015,Chevrolet,silverado 2500hd,lt,8,flex,193252,,,11500,11,,False
2023,Chevrolet,silverado 2500hd,lt,8,diesel,38798,,,73800,3,,False
2015,Chevrolet,silverado 2500hd,lt,8,flex,89624,,,29800,11,,False
2018,Chevrolet,silverado 2500hd,lt,8,diesel,397039,,,13600,8,,False
2022,Chevrolet,silverado 2500hd,lt,8,diesel,54925,,,57000,4,,False
2024,Chevrolet,silverado 2500hd,lt,8,diesel,50078,,,83000,2,,False
2023,Chevrolet,silverado 2500hd,custom,8,gasoline,58090,,,54000,3,,False
2020,Chevrolet,silverado 2500hd,lt,8,gasoline,246833,,,23600,6,,False
2018,Chevrolet,silverado 2500hd,high country,8,diesel,217627,,,32000,8,,False
2022,Chevrolet,silverado 2500hd,custom,8,gasoline,98618,,,48400,4,,False
2022,Chevrolet,silverado 2500hd,lt,8,diesel,63099,,,61250,4,,False
2024,Chevrolet,silverado 2500hd,high country,8,diesel,47412,,,83500,2,,False
2021,Chevrolet,silverado 2500hd,high country,8,diesel,135605,,,65000,5,,False
2018,Chevrolet,silverado 2500hd,work truck,8,diesel,331887,,,14400,8,,False
2024,Chevrolet,silverado 2500hd,work truck,8,diesel,29133,,,60250,2,,False
2023,Chevrolet,silverado 2500hd,custom,8,diesel,60227,,,59500,3,,False
2023,Chevrolet,silverado 2500hd,lt,8,gasoline,54473,,,49000,3,,False
2024,Chevrolet,silverado 2500hd,lt,8,diesel,60690,,,65000,2,,False
2019,Chevrolet,silverado 2500hd,work truck,8,flex,108706,,,24500,7,,False
2023,Chevrolet,silverado 2500hd,lt,8,gasoline,92478,,,41000,3,,False
2020,Chevrolet,silverado 2500hd,lt,8,gasoline,202560,,,21000,6,,False
2024,Chevrolet,silverado 2500hd,lt,8,gasoline,45153,,,51600,2,,False
2019,Chevrolet,silverado 2500hd,high country,8,diesel,128878,,,55500,7,,False
2018,Chevrolet,silverado 2500hd,lt,8,diesel,332128,,,20600,8,,False
2019,Chevrolet,silverado 2500hd,high country,8,diesel,161519,,,52500,7,,False
2020,Chevrolet,silverado 2500hd,high country,8,diesel,120623,,,63500,6,,False
2013,Chevrolet,silverado 2500hd,wt,8,flex,195729,,,6000,13,,False
2014,Chevrolet,silverado 2500hd,wt,8,flex,137744,,,10800,12,,False
2018,Chevrolet,silverado 2500hd,lt,8,flex,143122,,,26000,8,,False
2022,Chevrolet,silverado 2500hd,work truck,8,diesel,51163,,,69000,4,,False
2023,Chevrolet,silverado 2500hd,custom,8,diesel,64627,,,58000,3,,False
2024,Chevrolet,silverado 2500hd,lt,8,gasoline,52371,,,52000,2,,False
2024,Chevrolet,silverado 2500hd,zr2,8,diesel,26788,,,97250,2,,False
2022,Chevrolet,silverado 2500hd,lt,8,gasoline,114402,,,43250,4,,False
2016,Chevrolet,silverado 2500hd,lt,8,diesel,187688,,,34300,10,,False
2021,Chevrolet,silverado 2500hd,custom,8,diesel,151479,,,37500,5,,False
2021,Chevrolet,silverado 2500hd,custom,8,diesel,70057,,,54000,5,,False
2020,Chevrolet,silverado 2500hd,lt,8,gasoline,53179,,,53600,6,,False
2023,Chevrolet,silverado 2500hd,custom,8,diesel,125720,,,53400,3,,False
2020,Chevrolet,silverado 2500hd,lt,8,diesel,180646,,,41500,6,,False
2011,Chevrolet,silverado 2500hd,lt,8,gasoline,289889,,,3700,15,,False
2019,Chevrolet,silverado 2500hd,lt,8,flex,226382,,,15800,7,,False
2019,Chevrolet,silverado 2500hd,lt,8,flex,277207,,,8700,7,,False
2017,Chevrolet,silverado 2500hd,lt,8,flex,62655,,,30750,9,,False
2018,Chevrolet,silverado 2500hd,lt,8,flex,273870,,,7900,8,,False
2018,Chevrolet,silverado 2500hd,lt,8,flex,183101,,,18500,8,,False
2023,Chevrolet,silverado 2500hd,work truck,8,gasoline,95037,,,38200,3,,False
2019,Chevrolet,silverado 2500hd,lt,8,flex,172885,,,19250,7,,False
2023,Chevrolet,silverado 2500hd,lt,8,diesel,61625,,,54800,3,,False
2024,Chevrolet,silverado 2500hd,high country,8,diesel,21564,,,87000,2,,False
2021,Chevrolet,silverado 2500hd,lt,8,gasoline,133999,,,34250,5,,False
2024,Chevrolet,silverado 2500hd,zr2,8,gasoline,37419,,,85500,2,,False
2024,Chevrolet,silverado 2500hd,lt,8,diesel,34769,,,85250,2,,False
2015,Chevrolet,silverado 2500hd,wt,8,flex,345427,,,5000,11,,False
2024,Chevrolet,silverado 2500hd,custom,8,diesel,17046,,,66000,2,,False
2024,Chevrolet,silverado 2500hd,lt,8,diesel,39836,,,67500,2,,False
2016,Chevrolet,silverado 2500hd,high country,8,diesel,263539,,,22500,10,,False
2022,Chevrolet,silverado 2500hd,lt,8,gasoline,196879,,,25000,4,,False
2020,Chevrolet,silverado 2500hd,lt,8,gasoline,39359,,,45000,6,,False
2023,Chevrolet,silverado 2500hd,high country,8,gasoline,119987,,,59000,3,,False
2019,Chevrolet,silverado 2500hd,lt,8,flex,66479,,,36750,7,,False
2020,Chevrolet,silverado 2500hd,custom,8,gasoline,117358,,,43000,6,,False
2021,Chevrolet,silverado 2500hd,lt,8,diesel,180117,,,51250,5,,False
2023,Chevrolet,silverado 2500hd,lt,8,gasoline,105445,,,36900,3,,False
2024,Chevrolet,silverado 2500hd,custom,8,gasoline,12402,,,59500,2,,False
2018,Chevrolet,silverado 2500hd,lt,8,diesel,202019,,,34300,8,,False
2021,Chevrolet,silverado 2500hd,custom,8,gasoline,157594,,,29750,5,,False
2019,Chevrolet,silverado 2500hd,lt,8,flex,203499,,,20100,7,,False
2018,Chevrolet,silverado 2500hd,lt,8,flex,158122,,,24000,8,,False
2023,Chevrolet,silverado 2500hd,lt,8,diesel,159890,,,47000,3,,False
2018,Chevrolet,silverado 2500hd,work truck,8,flex,190463,,,13750,8,,False
2018,Chevrolet,silverado 2500hd,work truck,8,flex,292158,,,10750,8,,False
2017,Chevrolet,silverado 2500hd,lt,8,flex,179343,,,13100,9,,False
2021,Chevrolet,silverado 2500hd,work truck,8,gasoline,103110,,,24000,5,,False
2019,Chevrolet,silverado 2500hd,work truck,8,flex,104779,,,34600,7,,False
2010,Chevrolet,silverado 2500hd,lt,8,diesel,357865,,,6600,16,,False
2024,Chevrolet,silverado 2500hd,lt,8,diesel,31601,,,76000,2,,False
2015,Chevrolet,silverado 2500hd,lt,8,diesel,247694,,,23100,11,,False
2020,Chevrolet,silverado 2500hd,lt,8,diesel,69627,,,58000,6,,False
2023,Chevrolet,silverado 2500hd,custom,8,gasoline,31221,,,54000,3,,False
2022,Chevrolet,silverado 2500hd,work truck,8,gasoline,130019,,,38800,4,,False
2021,Chevrolet,silverado 2500hd,lt,8,diesel,108569,,,54000,5,,False
2021,Chevrolet,silverado 2500hd,lt,8,gasoline,195909,,,26100,5,,False
2023,Chevrolet,silverado 2500hd,lt,8,gasoline,98869,,,50600,3,,False
2018,Chevrolet,silverado 2500hd,work truck,8,flex,147425,,,18500,8,,False
2013,Chevrolet,silverado 2500hd,lt,8,flex,201435,,,17500,13,,False
2020,Chevrolet,silverado 2500hd,lt,8,gasoline,197635,,,20200,6,,False
2022,Chevrolet,silverado 2500hd,high country,8,diesel,181659,,,54000,4,,False
2022,Chevrolet,silverado 2500hd,high country,8,diesel,71852,,,68000,4,,False
2020,Chevrolet,silverado 2500hd,lt,8,diesel,262798,,,30000,6,,False
2022,Chevrolet,silverado 2500hd,custom,8,diesel,51731,,,59600,4,,False
2021,Chevrolet,silverado 2500hd,high country,8,diesel,99334,,,67200,5,,False
2019,Chevrolet,silverado 2500hd,lt,8,diesel,128295,,,55750,7,,False
2014,Chevrolet,silverado 2500hd,wt,8,flex,112978,,,16200,12,,False
2013,Chevrolet,silverado 2500hd,wt,8,flex,152941,,,11000,13,,False
2013,Chevrolet,silverado 2500hd,wt,8,flex,203310,,,6800,13,,False
2017,Chevrolet,silverado 2500hd,lt,8,diesel,176103,,,33250,9,,False
2022,Chevrolet,silverado 2500hd,work truck,8,gasoline,127336,,,36750,4,,False
2023,Chevrolet,silverado 2500hd,work truck,8,gasoline,81781,,,41250,3,,False
2022,Chevrolet,silverado 2500hd,custom,8,diesel,135531,,,47500,4,,False
2015,Chevrolet,silverado 2500hd,wt,8,flex,228130,,,5400,11,,False
2018,Chevrolet,silverado 2500hd,work truck,8,diesel,283345,,,16200,8,,False
2023,Chevrolet,silverado 2500hd,lt,8,gasoline,124636,,,34000,3,,False
2023,Chevrolet,silverado 2500hd,lt,8,gasoline,130350,,,34600,3,,False
2023,Chevrolet,silverado 2500hd,custom,8,gasoline,57210,,,47500,3,,False
2019,Chevrolet,silverado 2500hd,work truck,8,flex,304589,,,4200,7,,False
2022,Chevrolet,silverado 2500hd,lt,8,gasoline,127868,,,29500,4,,False
2017,Chevrolet,silverado 2500hd,work truck,8,flex,155135,,,15750,9,,False
2021,Chevrolet,silverado 2500hd,work truck,8,gasoline,199038,,,18750,5,,False
2022,Chevrolet,silverado 2500hd,lt,8,gasoline,134008,,,31250,4,,False
2021,Chevrolet,silverado 2500hd,lt,8,diesel,123597,,,44500,5,,False
2017,Chevrolet,silverado 2500hd,work truck,8,flex,181421,,,14200,9,,False
2022,Chevrolet,silverado 2500hd,lt,8,gasoline,77500,,,51700,4,,False
2019,Chevrolet,silverado 2500hd,lt,8,flex,308600,,,7100,7,,False
2018,Chevrolet,silverado 2500hd,lt,8,diesel,247404,,,31000,8,,False
2015,Chevrolet,silverado 2500hd,lt,8,diesel,379916,,,19000,11,,False
2014,Chevrolet,silverado 2500hd,lt,8,flex,227386,,,9800,12,,False
2012,Chevrolet,silverado 2500hd,wt,8,flex,68357,,,8900,14,,False
2022,Chevrolet,silverado 2500hd,lt,8,diesel,78990,,,59750,4,,False
2023,Chevrolet,silverado 2500hd,custom,8,gasoline,117361,,,48000,3,,False
2019,Chevrolet,silverado 2500hd,lt,8,flex,191078,,,18300,7,,False
2018,Chevrolet,silverado 2500hd,lt,8,flex,139894,,,41000,8,,False
2022,Chevrolet,silverado 2500hd,custom,8,diesel,94460,,,51000,4,,False
2022,Chevrolet,silverado 2500hd,lt,8,diesel,110657,,,49000,4,,False
2024,Chevrolet,silverado 2500hd,lt,8,gasoline,106816,,,41500,2,,False
2023,Chevrolet,silverado 2500hd,lt,8,gasoline,115236,,,35000,3,,False
2010,Chevrolet,silverado 2500hd,wt,8,gasoline,135753,,,7400,16,,False
2024,Chevrolet,silverado 2500hd,custom,8,gasoline,27704,,,61600,2,,False
2024,Chevrolet,silverado 2500hd,custom,8,gasoline,19686,,,61400,2,,False
2024,Chevrolet,silverado 2500hd,lt,8,gasoline,53061,,,55000,2,,False
2024,Chevrolet,silverado 2500hd,high country,8,diesel,31124,,,86500,2,,False
2024,Chevrolet,silverado 2500hd,high country,8,diesel,76000,,,76200,2,,False
2021,Chevrolet,silverado 2500hd,lt,8,gasoline,177361,,,25200,5,,False
2023,Chevrolet,silverado 2500hd,high country,8,diesel,71598,,,75000,3,,False
2019,Chevrolet,silverado 2500hd,lt,8,flex,157876,,,25250,7,,False
2019,Chevrolet,silverado 2500hd,lt,8,flex,209256,,,16200,7,,False
2018,Chevrolet,silverado 2500hd,lt,8,flex,256610,,,11900,8,,False
2020,Chevrolet,silverado 2500hd,lt,8,gasoline,153138,,,35300,6,,False
2022,Chevrolet,silverado 2500hd,high country,8,diesel,71258,,,70000,4,,False
2023,Chevrolet,silverado 2500hd,lt,8,gasoline,44721,,,46600,3,,False
2015,Chevrolet,silverado 2500hd,lt,8,flex,206936,,,17500,11,,False
2020,Chevrolet,silverado 2500hd,lt,8,diesel,121557,,,58100,6,,False
2024,Chevrolet,silverado 2500hd,zr2,8,diesel,63174,,,87500,2,,False
2019,Chevrolet,silverado 2500hd,lt,8,diesel,269140,,,26500,7,,False
2024,Chevrolet,silverado 2500hd,lt,8,diesel,140096,,,50000,2,,False
2019,Chevrolet,silverado 2500hd,lt,8,diesel,146761,,,31000,7,,False
2021,Chevrolet,silverado 2500hd,work truck,8,gasoline,115554,,,37800,5,,False
2024,Chevrolet,silverado 2500hd,work truck,8,gasoline,39446,,,54750,2,,False
2021,Chevrolet,silverado 2500hd,work truck,8,gasoline,164542,,,33800,5,,False
2021,Chevrolet,silverado 2500hd,work truck,8,diesel,122130,,,42000,5,,False
2020,Chevrolet,silverado 2500hd,work truck,8,gasoline,62673,,,37900,6,,False
2024,Chevrolet,silverado 2500hd,custom,8,gasoline,61205,,,57000,2,,False
2023,Chevrolet,silverado 2500hd,work truck,8,gasoline,54116,,,49750,3,,False
2023,Chevrolet,silverado 2500hd,custom,8,gasoline,45452,,,55500,3,,False
2023,Chevrolet,silverado 2500hd,custom,8,diesel,42729,,,61000,3,,False
2023,Chevrolet,silverado 2500hd,custom,8,diesel,65850,,,58500,3,,False
2024,Chevrolet,silverado 2500hd,custom,8,gasoline,69447,,,48000,2,,False
2021,Chevrolet,silverado 2500hd,work truck,8,gasoline,20346,,,44000,5,,False
2023,Chevrolet,silverado 2500hd,high country,8,diesel,40863,,,80100,3,,False
2024,Chevrolet,silverado 2500hd,high country,8,diesel,30169,,,90500,2,,False
2024,Chevrolet,silverado 2500hd,zr2,8,diesel,61613,,,89100,2,,False
2021,Chevrolet,silverado 2500hd,high country,8,diesel,84091,,,69700,5,,False
2024,Chevrolet,silverado 2500hd,custom,8,diesel,39356,,,65000,2,,False
2021,Chevrolet,silverado 2500hd,lt,8,diesel,143340,,,37200,5,,False
2022,Chevrolet,silverado 2500hd,lt,8,gasoline,141471,,,35000,4,,False
2022,Chevrolet,silverado 2500hd,custom,8,gasoline,39029,,,41900,4,,False
2016,Chevrolet,silverado 2500hd,high country,8,diesel,344247,,,16000,10,,False
2021,Chevrolet,silverado 2500hd,custom,8,gasoline,102458,,,43250,5,,False
2019,Chevrolet,silverado 2500hd,lt,8,flex,276823,,,11900,7,,False
2018,Chevrolet,silverado 2500hd,lt,8,diesel,292532,,,24100,8,,False
2022,Chevrolet,silverado 2500hd,work truck,8,diesel,118911,,,43000,4,,False
2023,Chevrolet,silverado 2500hd,high country,8,diesel,53831,,,80750,3,,False
2018,Chevrolet,silverado 2500hd,work truck,8,diesel,333359,,,14900,8,,False
2023,Chevrolet,silverado 2500hd,custom,8,gasoline,34152,,,55200,3,,False
2023,Chevrolet,silverado 2500hd,custom,8,diesel,62863,,,56800,3,,False
2024,Chevrolet,silverado 2500hd,custom,8,gasoline,32280,,,58500,2,,False
2023,Chevrolet,silverado 2500hd,lt,8,gasoline,47442,,,47700,3,,False
2023,Chevrolet,silverado 2500hd,lt,8,gasoline,43596,,,52000,3,,False
2023,Chevrolet,silverado 2500hd,high country,8,diesel,76102,,,70500,3,,False
2018,Chevrolet,silverado 2500hd,lt,8,flex,242753,,,16100,8,,False
2018,Chevrolet,silverado 2500hd,lt,8,flex,233399,,,14100,8,,False
2021,Chevrolet,silverado 2500hd,work truck,8,gasoline,162230,,,24700,5,,False
2020,Chevrolet,silverado 2500hd,lt,8,gasoline,207045,,,17750,6,,False
2018,Chevrolet,silverado 2500hd,work truck,8,flex,278851,,,10800,8,,False
2024,Chevrolet,silverado 2500hd,lt,8,gasoline,37827,,,50250,2,,False
2013,Chevrolet,silverado 2500hd,lt,8,flex,307898,,,4400,13,,False
2018,Chevrolet,silverado 2500hd,lt,8,diesel,254000,,,25200,8,,False
2020,Chevrolet,silverado 2500hd,lt,8,diesel,178108,,,47000,6,,False
2016,Chevrolet,silverado 2500hd,lt,8,flex,203711,,,13500,10,,False
2021,Chevrolet,silverado 2500hd,lt,8,diesel,63806,,,69000,5,,False
2017,Chevrolet,silverado 2500hd,lt,8,diesel,176358,,,39800,9,,False
2024,Chevrolet,silverado 2500hd,lt,8,gasoline,85248,,,53000,2,,False
2022,Chevrolet,silverado 2500hd,high country,8,gasoline,105707,,,63250,4,,False
2022,Chevrolet,silverado 2500hd,work truck,8,diesel,88657,,,54000,4,,False
2022,Chevrolet,silverado 2500hd,lt,8,diesel,114514,,,51800,4,,False
2021,Chevrolet,silverado 2500hd,lt,8,diesel,75004,,,46750,5,,False
2023,Chevrolet,silverado 2500hd,high country,8,diesel,41328,,,81250,3,,False
2022,Chevrolet,silverado 2500hd,work truck,8,diesel,82522,,,49000,4,,False
2020,Chevrolet,silverado 2500hd,high country,8,diesel,123862,,,58000,6,,False
2019,Chevrolet,silverado 2500hd,work truck,8,flex,155746,,,25600,7,,False
2020,Chevrolet,silverado 2500hd,work truck,8,gasoline,236340,,,14200,6,,False
2021,Chevrolet,silverado 2500hd,work truck,8,diesel,112438,,,50000,5,,False
2021,Chevrolet,silverado 2500hd,lt,8,diesel,112000,,,58700,5,,False
2024,Chevrolet,silverado 2500hd,zr2,8,diesel,51603,,,90000,2,,False
2022,Chevrolet,silverado 2500hd,lt,8,gasoline,54130,,,52400,4,,False
2022,Chevrolet,silverado 2500hd,lt,8,gasoline,17071,,,55400,4,,False
2019,Chevrolet,silverado 2500hd,lt,8,flex,205654,,,16300,7,,False
2018,Chevrolet,silverado 2500hd,lt,8,flex,293058,,,10300,8,,False
2015,Chevrolet,silverado 2500hd,lt,8,flex,107663,,,24300,11,,False
2019,Chevrolet,silverado 2500hd,high country,8,diesel,218651,,,37700,7,,False
2021,Chevrolet,silverado 2500hd,work truck,8,gasoline,122630,,,32500,5,,False
2021,Chevrolet,silverado 2500hd,lt,8,gasoline,86366,,,64000,5,,False
2024,Chevrolet,silverado 2500hd,high country,8,diesel,66470,,,86500,2,,False
2020,Chevrolet,silverado 2500hd,work truck,8,gasoline,64305,,,32800,6,,False
2015,Chevrolet,silverado 2500hd,wt,8,flex,212692,,,9600,11,,False
2013,Chevrolet,silverado 2500hd,wt,8,flex,151613,,,13000,13,,False
2013,Chevrolet,silverado 2500hd,wt,8,flex,122427,,,12200,13,,False
2018,Chevrolet,silverado 2500hd,lt,8,flex,129165,,,40000,8,,False
2017,Chevrolet,silverado 2500hd,work truck,8,diesel,204004,,,17800,9,,False
2013,Chevrolet,silverado 2500hd,wt,8,flex,168424,,,10600,13,,False
2022,Chevrolet,silverado 2500hd,lt,8,diesel,53572,,,72500,4,,False
2022,Chevrolet,silverado 2500hd,lt,8,gasoline,106566,,,49250,4,,False
2022,Chevrolet,silverado 2500hd,work truck,8,diesel,68185,,,54000,4,,False
2023,Chevrolet,silverado 2500hd,custom,8,gasoline,26915,,,53000,3,,False
2024,Chevrolet,silverado 2500hd,lt,8,gasoline,61220,,,51000,2,,False
2019,Chevrolet,silverado 2500hd,high country,8,diesel,320338,,,22300,7,,False
2021,Chevrolet,silverado 2500hd,high country,8,diesel,53345,,,70900,5,,False
2022,Chevrolet,silverado 2500hd,work truck,8,gasoline,40935,,,46700,4,,False
2015,Chevrolet,silverado 2500hd,lt,8,flex,140251,,,18300,11,,False
2021,Chevrolet,silverado 2500hd,work truck,8,gasoline,116927,,,31200,5,,False
2021,Chevrolet,silverado 2500hd,work truck,8,gasoline,138405,,,23600,5,,False
2024,Chevrolet,silverado 2500hd,lt,8,gasoline,104940,,,49800,2,,False
2021,Chevrolet,silverado 2500hd,lt,8,diesel,74577,,,67700,5,,False
2022,Chevrolet,silverado 2500hd,custom,8,gasoline,35816,,,51700,4,,False
2021,Chevrolet,silverado 2500hd,work truck,8,gasoline,142823,,,28500,5,,False
2019,Chevrolet,silverado 2500hd,lt,8,diesel,179396,,,37200,7,,False
2018,Chevrolet,silverado 2500hd,work truck,8,diesel,351966,,,13400,8,,False
2020,Chevrolet,silverado 2500hd,lt,8,diesel,187295,,,48000,6,,False
2024,Chevrolet,silverado 2500hd,lt,8,diesel,87186,,,74000,2,,False
2021,Chevrolet,silverado 2500hd,lt,8,gasoline,172786,,,33750,5,,False
2019,Chevrolet,silverado 2500hd,lt,8,flex,203980,,,20100,7,,False
2019,Chevrolet,silverado 2500hd,lt,8,diesel,266532,,,29100,7,,False
2022,Chevrolet,silverado 2500hd,lt,8,gasoline,109560,,,45600,4,,False
2018,Chevrolet,silverado 2500hd,lt,8,diesel,276595,,,20900,8,,False
2015,Chevrolet,silverado 2500hd,lt,8,flex,149036,,,17100,11,,False
2024,Chevrolet,silverado 2500hd,high country,8,diesel,105672,,,75500,2,,False
2024,Chevrolet,silverado 2500hd,custom,8,gasoline,82999,,,52200,2,,False
2021,Chevrolet,silverado 2500hd,lt,8,gasoline,41142,,,47250,5,,False
2020,Chevrolet,silverado 2500hd,custom,8,gasoline,57696,,,49000,6,,False
2021,Chevrolet,silverado 2500hd,lt,8,gasoline,210400,,,29400,5,,False
2016,Chevrolet,silverado 2500hd,lt,8,flex,96910,,,29500,10,,False
2018,Chevrolet,silverado 2500hd,high country,8,diesel,317668,,,28500,8,,False
2022,Chevrolet,silverado 2500hd,custom,8,gasoline,161920,,,38000,4,,False
2024,Chevrolet,silverado 2500hd,custom,8,gasoline,49018,,,58500,2,,False
2022,Chevrolet,silverado 2500hd,lt,8,gasoline,25786,,,54250,4,,False
2024,Chevrolet,silverado 2500hd,lt,8,gasoline,27558,,,69500,2,,False
2024,Chevrolet,silverado 2500hd,zr2,8,diesel,27041,,,97000,2,,False
2021,Chevrolet,silverado 2500hd,work truck,8,gasoline,128405,,,35700,5,,False
2018,Chevrolet,silverado 2500hd,work truck,8,diesel,238524,,,19400,8,,False
2021,Chevrolet,silverado 2500hd,lt,8,diesel,59078,,,75750,5,,False
2022,Chevrolet,silverado 2500hd,lt,8,diesel,111581,,,61000,4,,False
2022,Chevrolet,silverado 2500hd,lt,8,diesel,108089,,,59500,4,,False
2024,Chevrolet,silverado 2500hd,lt,8,gasoline,93818,,,47500,2,,False
2022,Chevrolet,silverado 2500hd,custom,8,gasoline,85094,,,45100,4,,False
2019,Chevrolet,silverado 2500hd,lt,8,flex,204138,,,13500,7,,False
2021,Chevrolet,silverado 2500hd,lt,8,gasoline,111025,,,41250,5,,False
2019,Chevrolet,silverado 3500hd cc,wt,8,gasoline,49469,,,20250,7,,False
2019,Chevrolet,silverado 3500hd cc,wt,8,gasoline,54391,,,23500,7,,False
2019,Chevrolet,silverado 3500hd cc,wt,8,gasoline,103410,,,22000,7,,False
2018,Honda,Ridgeline,EX,6,Gasoline,274714,,,8700,8,,False
2009,Honda,Odyssey,EX,6,Gasoline,223714,,,3900,17,,False
2014,Honda,Civic Sedan,LX,4,Gasoline,187461,,,6900,12,,False
2025,Honda,CR-V,SPORT,4,Gasoline,8530,,,37500,1,,False
2014,Honda,Civic Sedan,LX,4,Gasoline,214626,,,5000,12,,False
2024,Honda,HR-V,SPORT,4,Gasoline,18282,,,29900,2,,False
2020,Honda,CR-V,SPORT,4,Gasoline,77769,,,21500,6,,False
2019,Honda,Civic Sedan,LX,4,Gasoline,142048,,,13200,7,,False
2021,Honda,Civic Sedan,EX,4,Gasoline,107216,,,18000,5,,False
2016,Honda,Civic Sedan,LX,4,Gasoline,169000,,,4300,10,,False
2016,Honda,Pilot,LX,6,Gasoline,157075,,,11600,10,,False
2014,Honda,CR-V,LX,4,Gasoline,237636,,,5300,12,,False
2012,Honda,Civic Sedan,EX,4,Gasoline,186567,,,6500,14,,False
2020,Honda,Accord Sedan,TOURING,4,Gasoline,55850,,,30200,6,,False
2022,Honda,Pilot,TOURING,6,Gasoline,75531,,,39000,4,,False
2016,Honda,Odyssey,EX,6,Gasoline,156390,,,12500,10,,False
2013,Honda,Civic Sedan,LX,4,Gasoline,270000,,,3600,13,,False
2024,Honda,HR-V,EX,4,Gasoline,61273,,,30200,2,,False
2023,Honda,Pilot,TOURING,6,Gasoline,75061,,,46500,3,,False
2016,Honda,Accord Sedan,TOURING,6,Gasoline,204704,,,8500,10,,False
2009,Honda,CR-V,LX,4,Gasoline,154642,,,7600,17,,False
2008,Honda,Civic Sedan,no_mention,4,Gasoline,190963,,,4600,18,,False
2016,Honda,HR-V,EX,4,Gasoline,330721,,,4700,10,,False
2022,Honda,CR-V,SPORT,4,Gasoline,56619,,,29000,4,,False
2018,Honda,CR-V,EX,4,Gasoline,184168,,,9500,8,,False
2021,Honda,Accord Sedan,SPORT,4,Gasoline,85523,,,24100,5,,False
2009,Honda,Fit,LX,4,Gasoline,116203,,,5200,17,,False
2012,Honda,CR-V,EX,4,Gasoline,166339,,,6300,14,,False
2021,Honda,CR-V,LX,4,Gasoline,90332,,,21000,5,,False
2021,Honda,HR-V,LX,4,Gasoline,33950,,,24500,5,,False
2015,Honda,CR-V,EX,4,Gasoline,176978,,,6200,11,,False
2014,Honda,Civic Sedan,EX,4,Gasoline,82852,,,10800,12,,False
2020,Honda,Pilot,TOURING,6,Gasoline,124101,,,26700,6,,False
2014,Honda,CR-V,EX,4,Gasoline,150883,,,6300,12,,False
2013,Honda,CR-V,EX,4,Gasoline,169765,,,10300,13,,False
2010,Honda,CR-V,EX,4,Gasoline,173653,,,4400,16,,False
2023,Honda,CR-V,no_mention,4,Gasoline,25155,,,31700,3,,False
2022,Honda,Civic Sedan,EX,4,Gasoline,53253,,,22000,4,,False
2014,Honda,Civic Sedan,LX,4,Gasoline,90303,,,9100,12,,False
2012,Honda,Odyssey,EX,6,Gasoline,210050,,,4000,14,,False
2019,Honda,CR-V,TOURING,4,Gasoline,142199,,,17400,7,,False
2014,Honda,Accord Sedan,TOURING,6,Gasoline,212351,,,6200,12,,False
2020,Honda,Civic Sedan,LX,4,Gasoline,92297,,,15900,6,,False
2010,Honda,CR-V,EX,4,Gasoline,154350,,,4400,16,,False
2017,Honda,CR-V,EX,4,Gasoline,130505,,,17100,9,,False
2008,Honda,Fit,no_mention,4,Gasoline,117876,,,4300,18,,False
2012,Honda,Odyssey,EX,6,Gasoline,212662,,,7700,14,,False
2016,Honda,CR-V,EX,4,Gasoline,231132,,,5000,10,,False
2012,Honda,Accord Sedan,no_mention,4,Gasoline,125899,,,4500,14,,False
2016,Honda,Odyssey,EX,6,Gasoline,166252,,,9500,10,,False
2023,Honda,HR-V,EX,4,Gasoline,33156,,,29500,3,,False
2011,Honda,Odyssey,EX,6,Gasoline,221244,,,4300,15,,False
2014,Honda,Accord Sedan,TOURING,4,Gasoline,112630,,,9300,12,,False
2023,Honda,Pilot,SPORT,6,Gasoline,52295,,,46300,3,,False
2023,Honda,Civic Sedan,no_mention,4,Gasoline,24828,,,23200,3,,False
2017,Honda,Odyssey,EX,6,Gasoline,121815,,,19000,9,,False
2017,Honda,Odyssey,EX,6,Gasoline,241428,,,8000,9,,False
2013,Honda,Accord Sedan,EX,4,Gasoline,245602,,,4300,13,,False
2016,Honda,Civic Sedan,LX,4,Gasoline,134395,,,7800,10,,False
2015,Honda,Civic Sedan,no_mention,4,Gasoline,176639,,,11300,11,,False
2019,Honda,CR-V,EX,4,Gasoline,169350,,,16800,7,,False
2011,Honda,Pilot,TOURING,6,Gasoline,129228,,,7200,15,,False
2022,Honda,Odyssey,EX,6,Gasoline,59997,,,35000,4,,False
2013,Honda,Civic Sedan,LX,4,Gasoline,199641,,,6000,13,,False
2022,Honda,CR-V,SPORT,4,Gasoline,41247,,,27400,4,,False
2020,Honda,Civic Sedan,EX,4,Gasoline,24280,,,22500,6,,False
2023,Honda,Civic Sedan,TOURING,4,Gasoline,31296,,,20000,3,,False
2018,Honda,CR-V,LX,4,Gasoline,106433,,,15800,8,,False
2016,Honda,Odyssey,EX,6,Gasoline,194448,,,11700,10,,False
2020,Honda,CR-V,LX,4,Gasoline,127860,,,19000,6,,False
2016,Honda,Civic Sedan,EX,4,Gasoline,146917,,,10600,10,,False
2020,Honda,Civic Sedan,SPORT,4,Gasoline,291647,,,8400,6,,False
2022,Honda,Accord Sedan,SPORT,4,Gasoline,70080,,,27200,4,,False
2023,Honda,Accord Sedan,EX,4,Gasoline,65274,,,24600,3,,False
2013,Honda,Odyssey,TOURING,6,Gasoline,175519,,,11100,13,,False
2018,Honda,HR-V,LX,4,Gasoline,154973,,,5300,8,,False
2016,Honda,Odyssey,EX,6,Gasoline,150405,,,12300,10,,False
2024,Honda,Odyssey,no_mention,6,Gasoline,54881,,,44000,2,,False
2021,Honda,Civic Sedan,EX,4,Gasoline,81202,,,20700,5,,False
2013,Honda,Civic Sedan,LX,4,Gasoline,72615,,,7300,13,,False
2022,Honda,Civic Sedan,EX,4,Gasoline,44698,,,22900,4,,False
2010,Honda,CR-V,EX,4,Gasoline,328649,,,3400,16,,False
2024,Honda,Odyssey,TOURING,6,Gasoline,69559,,,47100,2,,False
2016,Honda,HR-V,EX,4,Gasoline,86311,,,13400,10,,False
2018,Honda,CR-V,EX,4,Gasoline,161068,,,12800,8,,False
2021,Honda,CR-V,no_mention,4,Gasoline,48272,,,32900,5,,False
2016,Honda,CR-V,TOURING,4,Gasoline,172400,,,12700,10,,False
2010,Honda,Civic Sedan,SPORT,4,Gasoline,176960,,,4100,16,,False
2016,Honda,Pilot,EX,6,Gasoline,210000,,,4200,10,,False
2009,Honda,Civic Sedan,no_mention,4,Gasoline,202173,,,3600,17,,False
2016,Honda,Civic Sedan,LX,4,Gasoline,147020,,,8100,10,,False
2016,Honda,Civic Sedan,LX,4,Gasoline,107035,,,10800,10,,False
2015,Honda,Civic Sedan,EX,4,Gasoline,164485,,,6900,11,,False
2019,Honda,CR-V,LX,4,Gasoline,124675,,,20300,7,,False
2016,Honda,Civic Sedan,TOURING,4,Gasoline,143515,,,8600,10,,False
2023,Honda,CR-V,no_mention,4,Gasoline,27504,,,33900,3,,False
2021,Honda,CR-V,SPORT,4,Gasoline,64178,,,25500,5,,False
2018,Honda,Odyssey,no_mention,6,Gasoline,75109,,,27000,8,,False
2021,Honda,HR-V,TOURING,4,Gasoline,81850,,,24800,5,,False
2020,Honda,CR-V,no_mention,4,Gasoline,117409,,,24500,6,,False
2015,Honda,Civic Sedan,TOURING,4,Gasoline,127379,,,9300,11,,False
2021,Honda,Civic Sedan,EX,4,Gasoline,35035,,,21600,5,,False
2015,Honda,Accord Sedan,SPORT,4,Gasoline,259000,,,4100,11,,False
2023,Honda,HR-V,SPORT,4,Gasoline,95299,,,21100,3,,False
2018,Honda,Civic Sedan,LX,4,Gasoline,122973,,,14300,8,,False
2016,Honda,Odyssey,EX,6,Gasoline,185190,,,10000,10,,False
2017,Honda,Accord Sedan,TOURING,4,Gasoline,107851,,,12300,9,,False
2019,Honda,Fit,LX,4,Gasoline,50402,,,19100,7,,False
2022,Honda,CR-V,LX,4,Gasoline,103245,,,23200,4,,False
2010,Honda,Accord Sedan,LX,4,Gasoline,181054,,,5600,16,,False
2017,Honda,CR-V,LX,4,Gasoline,161897,,,13100,9,,False
2019,Honda,Civic Sedan,EX,4,Gasoline,142330,,,15500,7,,False
2018,Honda,CR-V,EX,4,Gasoline,132368,,,15100,8,,False
2020,Honda,Civic Sedan,LX,4,Gasoline,151250,,,10100,6,,False
2019,Honda,Civic Sedan,EX,4,Gasoline,107970,,,16000,7,,False
2013,Honda,Civic Sedan,EX,4,Gasoline,197507,,,3700,13,,False
2015,Honda,Civic Sedan,EX,4,Gasoline,126592,,,11500,11,,False
2015,Honda,Civic Sedan,EX,4,Gasoline,110342,,,9700,11,,False
2009,Honda,Civic Sedan,no_mention,4,Gasoline,124276,,,5400,17,,False
2017,Honda,CR-V,EX,4,Gasoline,96171,,,17800,9,,False
2013,Honda,CR-V,EX,4,Gasoline,195782,,,8600,13,,False
2017,Honda,CR-V,TOURING,4,Gasoline,119935,,,18400,9,,False
2023,Honda,CR-V,no_mention,4,Gasoline,29240,,,29900,3,,False
2024,Honda,HR-V,EX,4,Gasoline,11197,,,35300,2,,False
2022,Honda,CR-V,EX,4,Gasoline,62810,,,29100,4,,False
2018,Honda,Civic Sedan,EX,4,Gasoline,66500,,,19100,8,,False
2015,Honda,Civic Sedan,EX,4,Gasoline,79615,,,5500,11,,False
2018,Honda,Odyssey,EX,6,Gasoline,208905,,,15200,8,,False
2009,Honda,CR-V,EX,4,Gasoline,230276,,,3000,17,,False
2017,Honda,Civic Sedan,LX,4,Gasoline,198763,,,7200,9,,False
2019,Honda,HR-V,SPORT,4,Gasoline,93472,,,18600,7,,False
2014,Honda,Civic Sedan,EX,4,Gasoline,61567,,,5600,12,,False
2020,Honda,Pilot,EX,6,Gasoline,120840,,,28700,6,,False
2022,Honda,Pilot,SPORT,6,Gasoline,79286,,,35100,4,,False
2022,Honda,CR-V,SPORT,4,Gasoline,48121,,,32000,4,,False
2022,Honda,CR-V,SPORT,4,Gasoline,79425,,,29100,4,,False
2022,Honda,CR-V,SPORT,4,Gasoline,72144,,,30100,4,,False
2022,Honda,Civic Sedan,EX,4,Gasoline,81097,,,23100,4,,False
2023,Honda,HR-V,EX,4,Gasoline,51527,,,30400,3,,False
2022,Honda,Civic Sedan,LX,4,Gasoline,64061,,,23300,4,,False
2023,Honda,CR-V,no_mention,4,Gasoline,44420,,,29400,3,,False
2023,Honda,CR-V,SPORT,4,Gasoline,80677,,,29600,3,,False
2021,Honda,Civic Sedan,LX,4,Gasoline,93462,,,17000,5,,False
2021,Honda,CR-V,SPORT,4,Gasoline,222826,,,15800,5,,False
2022,Honda,CR-V,no_mention,4,Gasoline,75946,,,29500,4,,False
2016,Honda,Accord Sedan,EX,4,Gasoline,107715,,,14000,10,,False
2021,Honda,CR-V,SPORT,4,Gasoline,92409,,,26000,5,,False
2013,Honda,CR-V,EX,4,Gasoline,226609,,,5200,13,,False
2019,Honda,HR-V,LX,4,Gasoline,197185,,,11200,7,,False
2019,Honda,Accord Sedan,SPORT,4,Gasoline,166002,,,12900,7,,False
2021,Honda,CR-V,SPORT,4,Gasoline,105568,,,24400,5,,False
2005,Honda,Odyssey,TOURING,6,Gasoline,180865,,,4100,21,,False
2014,Honda,Civic Sedan,LX,4,Gasoline,281076,,,3700,12,,False
2018,Honda,Civic Sedan,TOURING,4,Gasoline,96173,,,14000,8,,False
2017,Honda,Accord Sedan,SPORT,4,Gasoline,89170,,,19800,9,,False
2012,Honda,Civic Sedan,LX,4,Gasoline,73349,,,8200,14,,False
2017,Honda,CR-V,EX,4,Gasoline,159800,,,15700,9,,False
2014,Honda,CR-V,EX,4,Gasoline,176147,,,8600,12,,False
2013,Honda,Civic Sedan,no_mention,4,Gasoline,175105,,,8600,13,,False
2014,Honda,Civic Sedan,no_mention,4,Gasoline,198368,,,9000,12,,False
2012,Honda,Civic Sedan,EX,4,Gasoline,170862,,,6500,14,,False
2017,Honda,Fit,LX,4,Gasoline,105750,,,13400,9,,False
2014,Honda,Accord Sedan,LX,4,Gasoline,110082,,,8100,12,,False
2013,Honda,CR-V,EX,4,Gasoline,197476,,,3000,13,,False
2015,Honda,Odyssey,EX,6,Gasoline,128726,,,16100,11,,False
2014,Honda,Odyssey,EX,6,Gasoline,358923,,,3900,12,,False
2015,Honda,Civic Sedan,EX,4,Gasoline,128992,,,8700,11,,False
2018,Honda,CR-V,LX,4,Gasoline,72782,,,21500,8,,False
2018,Honda,CR-V,EX,4,Gasoline,197592,,,12300,8,,False
2013,Honda,Odyssey,EX,6,Gasoline,222116,,,6300,13,,False
2015,Honda,Civic Sedan,EX,4,Gasoline,104981,,,10000,11,,False
2014,Honda,CR-V,LX,4,Gasoline,190041,,,7700,12,,False
2012,Honda,Ridgeline,TOURING,6,Gasoline,247559,,,6700,14,,False
2019,Honda,Odyssey,TOURING,6,Gasoline,241439,,,15300,7,,False
2017,Honda,CR-V,LX,4,Gasoline,188714,,,11700,9,,False
2025,Honda,Pilot,TOURING,6,Gasoline,49428,,,50800,1,,False
2012,Honda,Odyssey,EX,6,Gasoline,206030,,,6200,14,,False
2013,Honda,Civic Sedan,LX,4,Gasoline,149953,,,7200,13,,False
2016,Honda,Accord Sedan,SPORT,4,Gasoline,165094,,,11300,10,,False
2015,Honda,Civic Sedan,no_mention,4,Gasoline,165847,,,9000,11,,False
2017,Honda,Civic Sedan,EX,4,Gasoline,159835,,,11600,9,,False
2023,Honda,HR-V,EX,4,Gasoline,35284,,,28600,3,,False
2015,Honda,Civic Sedan,no_mention,4,Gasoline,222893,,,8700,11,,False
2016,Honda,Fit,LX,4,Gasoline,43427,,,8300,10,,False
2013,Honda,Odyssey,EX,6,Gasoline,149275,,,8800,13,,False
2015,Honda,CR-V,LX,4,Gasoline,260600,,,5500,11,,False
2007,Honda,Civic Sedan,no_mention,4,Gasoline,190077,,,3300,19,,False
2024,Honda,CR-V,SPORT,4,Gasoline,67583,,,30100,2,,False
2023,Honda,CR-V,SPORT,4,Gasoline,45714,,,29900,3,,False
2010,Honda,CR-V,EX,4,Gasoline,83485,,,9100,16,,False
2014,Honda,Accord Sedan,SPORT,4,Gasoline,122502,,,11700,12,,False
2019,Honda,Accord Sedan,SPORT,4,Gasoline,40127,,,23300,7,,False
2016,Honda,Civic Sedan,EX,4,Gasoline,177585,,,11000,10,,False
2024,Honda,Pilot,TOURING,6,Gasoline,52912,,,50000,2,,False
2015,Honda,Fit,LX,4,Gasoline,109465,,,8100,11,,False
2014,Honda,CR-V,EX,4,Gasoline,234925,,,6000,12,,False
2016,Honda,HR-V,EX,4,Gasoline,135138,,,12700,10,,False
2020,Honda,CR-V,SPORT,4,Gasoline,174302,,,16000,6,,False
2024,Honda,CR-V,SPORT,4,Gasoline,18396,,,35300,2,,False
2017,Honda,Civic Sedan,LX,4,Gasoline,103085,,,10800,9,,False
2012,Honda,Civic Sedan,EX,4,Gasoline,102436,,,6300,14,,False
2017,Honda,Odyssey,TOURING,6,Gasoline,174863,,,13600,9,,False
2023,Honda,Civic Sedan,EX,4,Gasoline,37091,,,26400,3,,False
2018,Honda,CR-V,EX,4,Gasoline,145637,,,8700,8,,False
2017,Honda,CR-V,EX,4,Gasoline,186279,,,10400,9,,False
2021,Honda,CR-V,EX,4,Gasoline,65846,,,28600,5,,False
2014,Honda,Accord Sedan,TOURING,4,Gasoline,200196,,,7900,12,,False
2013,Honda,CR-V,LX,4,Gasoline,245061,,,3800,13,,False
2010,Honda,CR-V,EX,4,Gasoline,176450,,,5800,16,,False
2012,Honda,Civic Sedan,LX,4,Gasoline,238444,,,4200,14,,False
2010,Honda,Civic Sedan,no_mention,4,Gasoline,24750,,,3700,16,,False
2015,Honda,Pilot,TOURING,6,Gasoline,197059,,,10200,11,,False
2010,Honda,CR-V,EX,4,Gasoline,162266,,,10200,16,,False
2011,Honda,Pilot,LX,6,Gasoline,215223,,,5000,15,,False
2019,Honda,Accord Sedan,TOURING,4,Gasoline,206353,,,14200,7,,False
2012,Honda,Accord Sedan,EX,4,Gasoline,180666,,,8000,14,,False
2025,Honda,CR-V,SPORT,4,Gasoline,19138,,,38100,1,,False
2025,Honda,HR-V,LX,4,Gasoline,10513,,,28500,1,,False
2021,Honda,Civic Sedan,LX,4,Gasoline,126017,,,15400,5,,False
2017,Honda,Civic Sedan,EX,4,Gasoline,180265,,,9700,9,,False
2016,Honda,CR-V,EX,4,Gasoline,134793,,,16700,10,,False
2023,Honda,CR-V,no_mention,4,Gasoline,57322,,,32900,3,,False
2012,Honda,Civic Sedan,LX,4,Gasoline,272299,,,3600,14,,False
2010,Honda,Pilot,LX,6,Gasoline,134754,,,9600,16,,False
2009,Honda,Civic Sedan,SPORT,4,Gasoline,230633,,,3400,17,,False
2012,Honda,CR-V,EX,4,Gasoline,191298,,,7600,14,,False
2011,Honda,Odyssey,TOURING,6,Gasoline,95528,,,9700,15,,False
2018,Honda,Odyssey,EX,6,Gasoline,100249,,,23500,8,,False
2016,Honda,Civic Sedan,EX,4,Gasoline,179203,,,9200,10,,False
2018,Honda,CR-V,LX,4,Gasoline,253290,,,7600,8,,False
2019,Honda,Civic Sedan,LX,4,Gasoline,64414,,,15600,7,,False
2020,Honda,Civic Sedan,EX,4,Gasoline,76700,,,19400,6,,False
2022,Honda,CR-V,EX,4,Gasoline,139627,,,24500,4,,False
2014,Honda,CR-V,EX,4,Gasoline,108398,,,8100,12,,False
2013,Honda,Civic Sedan,EX,4,Gasoline,164037,,,7500,13,,False
2011,Honda,Accord Sedan,no_mention,4,Gasoline,149856,,,4400,15,,False
2018,Honda,Odyssey,TOURING,6,Gasoline,136775,,,19500,8,,False
2018,Honda,CR-V,EX,4,Gasoline,84477,,,22300,8,,False
2023,Honda,Odyssey,EX,6,Gasoline,46216,,,39000,3,,False
2011,Honda,Pilot,EX,6,Gasoline,212053,,,3900,15,,False
2022,Honda,Civic Sedan,SPORT,4,Gasoline,77905,,,23700,4,,False
2021,Honda,Pilot,TOURING,6,Gasoline,80387,,,35100,5,,False
2012,Honda,Civic Sedan,EX,4,Gasoline,203380,,,5200,14,,False
2015,Honda,Civic Sedan,EX,4,Gasoline,178921,,,4600,11,,False
2016,Honda,Odyssey,TOURING,6,Gasoline,191412,,,11500,10,,False
2016,Honda,Pilot,TOURING,6,Gasoline,184422,,,12700,10,,False
2017,Honda,CR-V,EX,4,Gasoline,141639,,,11400,9,,False
2007,Honda,Odyssey,EX,6,Gasoline,258877,,,3000,19,,False
2016,Honda,Accord Sedan,TOURING,4,Gasoline,156363,,,12500,10,,False
2023,Honda,Pilot,SPORT,6,Gasoline,32306,,,48300,3,,False
2022,Honda,CR-V,no_mention,4,Gasoline,14497,,,31500,4,,False
2010,Honda,CR-V,LX,4,Gasoline,193791,,,3100,16,,False
2017,Honda,Accord Sedan,SPORT,4,Gasoline,146046,,,10500,9,,False
2024,Honda,CR-V,LX,4,Gasoline,101695,,,26000,2,,False
2011,Honda,CR-V,LX,4,Gasoline,251600,,,3400,15,,False
2021,Honda,CR-V,EX,4,Gasoline,131732,,,19900,5,,False
2014,Honda,Fit,no_mention,4,Gasoline,177680,,,4300,12,,False
2022,Honda,CR-V,SPORT,4,Gasoline,95900,,,26500,4,,False
2021,Honda,CR-V,SPORT,4,Gasoline,88645,,,25400,5,,False
2021,Honda,HR-V,SPORT,4,Gasoline,60437,,,24200,5,,False
2017,Honda,CR-V,LX,4,Gasoline,185045,,,5100,9,,False
2014,Honda,CR-V,EX,4,Gasoline,298118,,,3800,12,,False
2020,Honda,CR-V,TOURING,4,Gasoline,40028,,,29000,6,,False
2017,Honda,Civic Sedan,TOURING,4,Gasoline,225178,,,5600,9,,False
2013,Honda,Civic Sedan,EX,4,Gasoline,53100,,,11300,13,,False
2022,Honda,CR-V,SPORT,4,Gasoline,85500,,,27000,4,,False
2025,Honda,CR-V,LX,4,Gasoline,12825,,,33200,1,,False
2015,Honda,CR-V,LX,4,Gasoline,233842,,,7000,11,,False
2018,Honda,CR-V,EX,4,Gasoline,257217,,,9900,8,,False
2017,Honda,CR-V,TOURING,4,Gasoline,191240,,,11600,9,,False
2017,Honda,CR-V,TOURING,4,Gasoline,230458,,,11900,9,,False
2012,Honda,Civic Sedan,LX,4,Gasoline,78244,,,7000,14,,False
2016,Honda,Civic Sedan,EX,4,Gasoline,164279,,,9500,10,,False
2018,Honda,CR-V,TOURING,4,Gasoline,173872,,,13000,8,,False
2023,Honda,Civic Sedan,no_mention,4,Gasoline,52531,,,26700,3,,False
2020,Honda,HR-V,LX,4,Gasoline,55052,,,19000,6,,False
2008,Honda,CR-V,EX,4,Gasoline,208150,,,3200,18,,False
2021,Honda,CR-V,LX,4,Gasoline,57635,,,25000,5,,False
2017,Honda,CR-V,EX,4,Gasoline,145044,,,16700,9,,False
2015,Honda,Civic Sedan,TOURING,4,Gasoline,173781,,,11400,11,,False
2013,Honda,Accord Sedan,TOURING,6,Gasoline,199589,,,6500,13,,False
2022,Honda,CR-V,EX,4,Gasoline,90535,,,28000,4,,False
2022,Honda,CR-V,SPORT,4,Gasoline,87291,,,28400,4,,False
2023,Honda,CR-V,SPORT,4,Gasoline,83600,,,29300,3,,False
2007,Honda,Odyssey,TOURING,6,Gasoline,165700,,,3000,19,,False
2014,Honda,Civic Sedan,EX,4,Gasoline,107041,,,8500,12,,False
2018,Honda,CR-V,LX,4,Gasoline,294307,,,10500,8,,False
2007,Honda,Odyssey,EX,6,Gasoline,232408,,,3900,19,,False
2014,Honda,Odyssey,TOURING,6,Gasoline,151489,,,13700,12,,False
2007,Honda,CR-V,EX,4,Gasoline,268661,,,4400,19,,False
2015,Honda,Civic Sedan,LX,4,Gasoline,101150,,,8600,11,,False
2022,Honda,Civic Sedan,SPORT,4,Gasoline,33510,,,24200,4,,False
2023,Honda,HR-V,EX,4,Gasoline,77279,,,27500,3,,False
2017,Honda,Ridgeline,EX,6,Gasoline,210368,,,15200,9,,False
2016,Honda,Civic Sedan,EX,4,Gasoline,255931,,,6800,10,,False
2015,Honda,Civic Sedan,LX,4,Gasoline,163005,,,7300,11,,False
2020,Honda,Civic Sedan,TOURING,4,Gasoline,47498,,,21500,6,,False
2012,Honda,CR-V,EX,4,Gasoline,239795,,,4300,14,,False
2017,Honda,CR-V,EX,4,Gasoline,174481,,,13500,9,,False
2013,Honda,CR-V,EX,4,Gasoline,176377,,,10100,13,,False
2022,Honda,Pilot,TOURING,6,Gasoline,86374,,,38200,4,,False
2016,Honda,HR-V,EX,4,Gasoline,90879,,,14100,10,,False
2016,Honda,Civic Sedan,EX,4,Gasoline,184204,,,9000,10,,False
2022,Honda,Civic Sedan,LX,4,Gasoline,74132,,,20000,4,,False
2020,Honda,Civic Sedan,LX,4,Gasoline,282335,,,6000,6,,False
2017,Honda,Pilot,TOURING,6,Gasoline,197631,,,8500,9,,False
2019,Honda,CR-V,TOURING,4,Gasoline,123761,,,24500,7,,False
2007,Honda,CR-V,EX,4,Gasoline,141736,,,9200,19,,False
2015,Honda,Pilot,TOURING,6,Gasoline,293229,,,5200,11,,False
2018,Honda,Odyssey,no_mention,6,Gasoline,187243,,,14000,8,,False
2022,Honda,Civic Sedan,TOURING,4,Gasoline,68760,,,26600,4,,False
2013,Honda,CR-V,LX,4,Gasoline,205843,,,5600,13,,False
2017,Honda,Civic Sedan,EX,4,Gasoline,205728,,,8900,9,,False
2012,Honda,Odyssey,TOURING,6,Gasoline,256797,,,5000,14,,False
2013,Honda,CR-V,EX,4,Gasoline,272376,,,3900,13,,False
2017,Honda,Civic Sedan,no_mention,4,Gasoline,118444,,,17500,9,,False
2015,Honda,Odyssey,EX,6,Gasoline,132807,,,11000,11,,False
2024,Honda,CR-V,SPORT,4,Gasoline,59880,,,33100,2,,False
2016,Honda,Civic Sedan,LX,4,Gasoline,252493,,,4700,10,,False
2023,Honda,Pilot,TOURING,6,Gasoline,97737,,,43800,3,,False
2024,Honda,CR-V,EX,4,Gasoline,13919,,,39400,2,,False
2023,Honda,HR-V,LX,4,Gasoline,22852,,,25500,3,,False
2025,Honda,CR-V,LX,4,Gasoline,27459,,,32000,1,,False
2019,Honda,HR-V,TOURING,4,Gasoline,100464,,,14700,7,,False
2011,Honda,Fit,no_mention,4,Gasoline,170145,,,4300,15,,False
2017,Honda,Civic Sedan,LX,4,Gasoline,212702,,,5500,9,,False
2011,Honda,Civic Sedan,EX,4,Gasoline,158895,,,5500,15,,False
2017,Honda,CR-V,LX,4,Gasoline,132547,,,15500,9,,False
2019,Honda,Accord Sedan,TOURING,4,Gasoline,197077,,,13600,7,,False
2014,Honda,Odyssey,EX,6,Gasoline,244143,,,6900,12,,False
2015,Honda,CR-V,no_mention,4,Gasoline,128036,,,14100,11,,False
2015,Honda,Accord Sedan,TOURING,6,Gasoline,167089,,,10100,11,,False
2017,Honda,CR-V,TOURING,4,Gasoline,152471,,,16700,9,,False
2016,Honda,Civic Sedan,EX,4,Gasoline,90295,,,14300,10,,False
2022,Honda,Civic Sedan,SPORT,4,Gasoline,88949,,,22000,4,,False
2017,Honda,CR-V,EX,4,Gasoline,88838,,,20200,9,,False
2013,Honda,Accord Sedan,SPORT,4,Gasoline,341260,,,3400,13,,False
2017,Honda,Civic Sedan,LX,4,Gasoline,248642,,,7300,9,,False
2012,Honda,Civic Sedan,LX,4,Gasoline,204197,,,4500,14,,False
2019,Honda,CR-V,EX,4,Gasoline,133839,,,16700,7,,False
2020,Honda,Civic Sedan,SPORT,4,Gasoline,92619,,,19800,6,,False
2018,Honda,Accord Sedan,TOURING,4,Gasoline,373187,,,6800,8,,False
2021,Honda,CR-V,SPORT,4,Gasoline,90398,,,20800,5,,False
2023,Honda,CR-V,no_mention,4,Gasoline,225454,,,19000,3,,False
2016,Honda,Civic Sedan,EX,4,Gasoline,210400,,,6800,10,,False
2020,Honda,Odyssey,EX,6,Gasoline,137585,,,21000,6,,False
2023,Honda,CR-V,no_mention,4,Gasoline,74460,,,29000,3,,False
2017,Honda,Civic Sedan,LX,4,Gasoline,87578,,,16000,9,,False
2020,Honda,Civic Sedan,LX,4,Gasoline,93000,,,16200,6,,False
2016,Honda,Odyssey,TOURING,6,Gasoline,271061,,,8000,10,,False
2019,Honda,Civic Sedan,LX,4,Gasoline,124000,,,13000,7,,False
2015,Honda,Fit,LX,4,Gasoline,215694,,,3000,11,,False
2020,Honda,CR-V,LX,4,Gasoline,66699,,,24000,6,,False
2020,Honda,CR-V,SPORT,4,Gasoline,146623,,,20000,6,,False
2017,Honda,CR-V,LX,4,Gasoline,64780,,,17500,9,,False
2020,Honda,Civic Sedan,LX,4,Gasoline,210090,,,7400,6,,False
2020,Honda,Civic Sedan,TOURING,4,Gasoline,119570,,,16800,6,,False
2023,Honda,CR-V,no_mention,4,Gasoline,19671,,,28800,3,,False
2021,Honda,Civic Sedan,LX,4,Gasoline,27596,,,20500,5,,False
2014,Honda,CR-V,EX,4,Gasoline,286231,,,4900,12,,False
2016,Honda,CR-V,no_mention,4,Gasoline,164464,,,13500,10,,False
2019,Honda,Odyssey,TOURING,6,Gasoline,138288,,,26900,7,,False
2016,Honda,Civic Sedan,LX,4,Gasoline,159793,,,9000,10,,False
2014,Honda,Odyssey,EX,6,Gasoline,281794,,,3100,12,,False
2017,Honda,CR-V,EX,4,Gasoline,190758,,,12800,9,,False
2012,Honda,CR-V,EX,4,Gasoline,242652,,,7200,14,,False
2021,Honda,Ridgeline,TOURING,6,Gasoline,164786,,,26500,5,,False
2012,Honda,Pilot,TOURING,6,Gasoline,313381,,,3000,14,,False
2022,Honda,Civic Sedan,SPORT,4,Gasoline,74077,,,23800,4,,False
2017,Honda,Accord Sedan,TOURING,6,Gasoline,220206,,,8100,9,,False
2013,Honda,Civic Sedan,LX,4,Gasoline,225151,,,3600,13,,False
2013,Honda,CR-V,LX,4,Gasoline,181530,,,5700,13,,False
2021,Honda,Civic Sedan,LX,4,Gasoline,111525,,,17600,5,,False
2022,Honda,Pilot,EX,6,Gasoline,69024,,,36500,4,,False
2018,Honda,CR-V,TOURING,4,Gasoline,55373,,,24400,8,,False
2019,Honda,Civic Sedan,LX,4,Gasoline,113103,,,14300,7,,False
2021,Honda,Accord Sedan,SPORT,4,Gasoline,43778,,,22500,5,,False
2015,Honda,Accord Sedan,EX,4,Gasoline,203978,,,7300,11,,False
2024,Honda,Odyssey,TOURING,6,Gasoline,63668,,,45000,2,,False
2020,Honda,CR-V,no_mention,4,Gasoline,81244,,,27900,6,,False
2023,Honda,Pilot,EX,6,Gasoline,51403,,,44300,3,,False
2015,Honda,Civic Sedan,no_mention,4,Gasoline,178053,,,9900,11,,False
2017,Honda,HR-V,LX,4,Gasoline,144719,,,14000,9,,False
2014,Honda,Accord Sedan,SPORT,4,Gasoline,155239,,,8500,12,,False
2014,Honda,Fit,LX,4,Gasoline,147991,,,7400,12,,False
2018,Honda,Civic Sedan,TOURING,4,Gasoline,123842,,,17100,8,,False
2019,Honda,Odyssey,EX,6,Gasoline,59140,,,29700,7,,False
2024,Honda,Ridgeline,no_mention,6,Gasoline,25177,,,48000,2,,False
2021,Honda,CR-V,EX,4,Gasoline,100770,,,26200,5,,False
2021,Honda,CR-V,SPORT,4,Gasoline,91194,,,22000,5,,False
2012,Honda,CR-V,LX,4,Gasoline,187240,,,8300,14,,False
2021,Honda,CR-V,SPORT,4,Gasoline,151265,,,22900,5,,False
2022,Honda,CR-V,SPORT,4,Gasoline,63173,,,30000,4,,False
2016,Honda,Accord Sedan,SPORT,4,Gasoline,223165,,,9100,10,,False
2019,Honda,Pilot,TOURING,6,Gasoline,206090,,,17600,7,,False
2015,Honda,Odyssey,EX,6,Gasoline,85918,,,16000,11,,False
2022,Honda,CR-V,SPORT,4,Gasoline,50675,,,28400,4,,False
2019,Honda,Odyssey,no_mention,6,Gasoline,129398,,,16000,7,,False
2018,Honda,CR-V,EX,4,Gasoline,162106,,,17100,8,,False
2009,Honda,Pilot,EX,6,Gasoline,280689,,,3000,17,,False
2020,Honda,CR-V,TOURING,4,Gasoline,99296,,,22400,6,,False
2022,Honda,Accord Sedan,SPORT,4,Gasoline,142445,,,20000,4,,False
2017,Honda,HR-V,EX,4,Gasoline,93902,,,15400,9,,False
2019,Honda,Odyssey,EX,6,Gasoline,182866,,,19000,7,,False
2022,Honda,Civic Sedan,EX,4,Gasoline,130764,,,18600,4,,False
2009,Honda,CR-V,EX,4,Gasoline,139803,,,7000,17,,False
2020,Honda,CR-V,LX,4,Gasoline,199796,,,14700,6,,False
2017,Honda,Civic Sedan,EX,4,Gasoline,190032,,,10100,9,,False
2018,Honda,CR-V,EX,4,Gasoline,144852,,,19400,8,,False
2017,Honda,Pilot,EX,6,Gasoline,149411,,,19800,9,,False
2013,Honda,Accord Sedan,TOURING,4,Gasoline,221551,,,8600,13,,False
2022,Honda,Pilot,EX,6,Gasoline,141916,,,29100,4,,False
2018,Honda,CR-V,LX,4,Gasoline,156253,,,13200,8,,False
2013,Honda,Odyssey,EX,6,Gasoline,237030,,,8500,13,,False
2014,Honda,CR-V,EX,4,Gasoline,234896,,,4600,12,,False
2014,Honda,Civic Sedan,EX,4,Gasoline,83223,,,11700,12,,False
2012,Honda,Pilot,TOURING,6,Gasoline,305587,,,3100,14,,False
2017,Honda,CR-V,TOURING,4,Gasoline,208095,,,12100,9,,False
2018,Honda,Civic Sedan,TOURING,4,Gasoline,156512,,,15300,8,,False
2011,Honda,Accord Sedan,EX,4,Gasoline,129809,,,5100,15,,False
2017,Honda,Civic Sedan,LX,4,Gasoline,136093,,,13800,9,,False
2024,Honda,Civic Sedan,SPORT,4,Gasoline,20800,,,28600,2,,False
2018,Honda,Ridgeline,TOURING,6,Gasoline,104480,,,27000,8,,False
2016,Honda,Civic Sedan,EX,4,Gasoline,128572,,,11800,10,,False
2014,Honda,CR-V,LX,4,Gasoline,145989,,,9000,12,,False
2018,Honda,CR-V,EX,4,Gasoline,132249,,,17700,8,,False
2019,Honda,Odyssey,no_mention,6,Gasoline,82551,,,30200,7,,False
2019,Honda,HR-V,SPORT,4,Gasoline,79653,,,20600,7,,False
2016,Honda,Pilot,TOURING,6,Gasoline,293577,,,3600,10,,False
2015,Honda,Pilot,EX,6,Gasoline,281030,,,5300,11,,False
2018,Honda,Odyssey,TOURING,6,Gasoline,98748,,,29000,8,,False
2018,Honda,CR-V,EX,4,Gasoline,170030,,,13800,8,,False
2009,Honda,Civic Sedan,SPORT,4,Gasoline,175078,,,4600,17,,False
2016,Honda,Fit,LX,4,Gasoline,113794,,,7100,10,,False
2016,Honda,Civic Sedan,EX,4,Gasoline,110648,,,13800,10,,False
2016,Honda,CR-V,EX,4,Gasoline,108117,,,17000,10,,False
2022,Honda,Civic Sedan,LX,4,Gasoline,83671,,,19600,4,,False
2013,Honda,CR-V,TOURING,4,Gasoline,71518,,,10600,13,,False
2021,Honda,CR-V,SPORT,4,Gasoline,78301,,,27000,5,,False
2016,Honda,HR-V,LX,4,Gasoline,112595,,,13100,10,,False
2022,Honda,Civic Sedan,LX,4,Gasoline,53511,,,21400,4,,False
2016,Honda,Odyssey,no_mention,6,Gasoline,119966,,,15600,10,,False
2019,Honda,Pilot,TOURING,6,Gasoline,86158,,,25200,7,,False
2013,Honda,Civic Sedan,EX,4,Gasoline,212100,,,3300,13,,False
2015,Honda,CR-V,EX,4,Gasoline,267967,,,6400,11,,False
2023,Honda,CR-V,no_mention,4,Gasoline,62262,,,28600,3,,False
2013,Honda,Odyssey,EX,6,Gasoline,185522,,,5100,13,,False
2017,Honda,Pilot,EX,6,Gasoline,173141,,,11800,9,,False
2018,Honda,Odyssey,TOURING,6,Gasoline,203000,,,14500,8,,False
2015,Honda,Accord Sedan,LX,4,Gasoline,194789,,,6200,11,,False
2020,Honda,HR-V,SPORT,4,Gasoline,130799,,,17500,6,,False
2016,Honda,HR-V,EX,4,Gasoline,109797,,,14500,10,,False
2013,Honda,CR-V,EX,4,Gasoline,142076,,,10800,13,,False
2020,Honda,CR-V,TOURING,4,Gasoline,110441,,,25700,6,,False
2014,Honda,Odyssey,EX,6,Gasoline,283665,,,5800,12,,False
2013,Honda,Accord Sedan,EX,4,Gasoline,120617,,,9200,13,,False
2012,Honda,Fit,LX,4,Gasoline,120479,,,3300,14,,False
2020,Honda,Pilot,TOURING,6,Gasoline,150823,,,24200,6,,False
2021,Honda,CR-V,SPORT,4,Gasoline,23215,,,30800,5,,False
2022,Honda,Civic Sedan,EX,4,Gasoline,65101,,,21300,4,,False
2022,Honda,Civic Sedan,SPORT,4,Gasoline,105598,,,22500,4,,False
2018,Honda,Accord Sedan,LX,4,Gasoline,182566,,,10500,8,,False
2021,Honda,CR-V,LX,4,Gasoline,68877,,,22800,5,,False
2007,Honda,CR-V,EX,4,Gasoline,158439,,,8900,19,,False
2022,Honda,CR-V,EX,4,Gasoline,62730,,,29000,4,,False
2017,Honda,Ridgeline,TOURING,6,Gasoline,168765,,,12700,9,,False
2015,Honda,CR-V,LX,4,Gasoline,214975,,,8600,11,,False
2020,Honda,HR-V,SPORT,4,Gasoline,70154,,,22200,6,,False
2018,Honda,Accord Sedan,SPORT,4,Gasoline,242740,,,9600,8,,False
2023,Honda,Ridgeline,TOURING,6,Gasoline,60885,,,39600,3,,False
2021,Honda,CR-V,SPORT,4,Gasoline,94872,,,25800,5,,False
2012,Honda,CR-V,EX,4,Gasoline,168252,,,6600,14,,False
2023,Honda,CR-V,SPORT,4,Gasoline,35750,,,34800,3,,False
2018,Honda,CR-V,LX,4,Gasoline,197987,,,10400,8,,False
2021,Honda,CR-V,TOURING,4,Gasoline,78325,,,29700,5,,False
2013,Honda,Accord Sedan,EX,4,Gasoline,332512,,,3100,13,,False
2012,Honda,Civic Sedan,EX,4,Gasoline,183991,,,6200,14,,False
2021,Honda,Civic Sedan,LX,4,Gasoline,115447,,,15400,5,,False
2025,Honda,CR-V,SPORT,4,Gasoline,14225,,,36100,1,,False
2014,Honda,Odyssey,EX,6,Gasoline,192552,,,8300,12,,False
2025,Honda,CR-V,SPORT,4,Gasoline,12420,,,38100,1,,False
2016,Honda,Pilot,EX,6,Gasoline,109040,,,17600,10,,False
2025,Honda,Pilot,EX,6,Gasoline,35631,,,49700,1,,False
2020,Honda,Civic Sedan,EX,4,Gasoline,42508,,,20000,6,,False
2011,Honda,Accord Sedan,EX,6,Gasoline,146230,,,4100,15,,False
2016,Honda,CR-V,TOURING,4,Gasoline,151258,,,15400,10,,False
2020,Honda,CR-V,no_mention,4,Gasoline,86688,,,28100,6,,False
2023,Honda,Civic Sedan,no_mention,4,Gasoline,46700,,,24600,3,,False
2019,Honda,CR-V,EX,4,Gasoline,128114,,,19900,7,,False
2022,Honda,CR-V,LX,4,Gasoline,107180,,,21000,4,,False
2020,Honda,Civic Sedan,LX,4,Gasoline,82015,,,35500,6,,False
2019,Honda,Accord Sedan,SPORT,4,Gasoline,57522,,,21800,7,,False
2011,Honda,Accord Sedan,EX,6,Gasoline,186007,,,6400,15,,False
2019,Honda,HR-V,LX,4,Gasoline,85949,,,17500,7,,False
2015,Honda,Odyssey,EX,6,Gasoline,206207,,,8500,11,,False
2021,Honda,CR-V,LX,4,Gasoline,57800,,,25700,5,,False
2019,Honda,CR-V,EX,4,Gasoline,151421,,,17100,7,,False
2015,Honda,Pilot,TOURING,6,Gasoline,187623,,,13300,11,,False
2013,Honda,Civic Sedan,LX,4,Gasoline,287835,,,3200,13,,False
2011,Honda,CR-V,EX,4,Gasoline,122621,,,8900,15,,False
2019,Honda,Odyssey,EX,6,Gasoline,124234,,,23600,7,,False
2016,Honda,Fit,EX,4,Gasoline,151756,,,9500,10,,False
2014,Honda,Odyssey,TOURING,6,Gasoline,237500,,,9900,12,,False
2018,Honda,Civic Sedan,LX,4,Gasoline,116422,,,14300,8,,False
2018,Honda,CR-V,LX,4,Gasoline,113063,,,20800,8,,False
2019,Honda,CR-V,LX,4,Gasoline,156371,,,15900,7,,False
2013,Honda,Civic Sedan,TOURING,4,Gasoline,295885,,,4700,13,,False
2020,Honda,Accord Sedan,EX,4,Gasoline,164459,,,17000,6,,False
2020,Honda,Civic Sedan,LX,4,Gasoline,106175,,,15000,6,,False
2012,Honda,Civic Sedan,EX,4,Gasoline,153101,,,8100,14,,False
2019,Honda,Accord Sedan,EX,4,Gasoline,169759,,,10400,7,,False
2017,Honda,CR-V,TOURING,4,Gasoline,188514,,,15100,9,,False
2023,Honda,CR-V,SPORT,4,Gasoline,28947,,,35500,3,,False
2021,Honda,Pilot,TOURING,6,Gasoline,171817,,,22200,5,,False
2017,Honda,CR-V,TOURING,4,Gasoline,126349,,,18800,9,,False
2017,Honda,CR-V,TOURING,4,Gasoline,174992,,,14300,9,,False
2015,Honda,Fit,no_mention,4,Gasoline,95349,,,8000,11,,False
2015,Honda,CR-V,LX,4,Gasoline,118141,,,12400,11,,False
2024,Honda,Civic Sedan,SPORT,4,Gasoline,15179,,,29000,2,,False
2021,Honda,Civic Sedan,EX,4,Gasoline,69268,,,11900,5,,False
2013,Honda,Pilot,EX,6,Gasoline,225610,,,3900,13,,False
2017,Honda,CR-V,TOURING,4,Gasoline,217768,,,10700,9,,False
2018,Honda,CR-V,TOURING,4,Gasoline,127453,,,16800,8,,False
2013,Honda,Civic Sedan,TOURING,4,Gasoline,126500,,,10000,13,,False
2016,Honda,HR-V,EX,4,Gasoline,237776,,,7600,10,,False
2015,Honda,Accord Sedan,EX,4,Gasoline,183351,,,8500,11,,False
2018,Honda,Civic Sedan,TOURING,4,Gasoline,71863,,,15000,8,,False
2017,Honda,CR-V,EX,4,Gasoline,253058,,,10900,9,,False
2016,Honda,Odyssey,EX,6,Gasoline,88743,,,18800,10,,False
2024,Honda,HR-V,EX,4,Gasoline,20180,,,30300,2,,False
2023,Honda,Odyssey,EX,6,Gasoline,111374,,,35500,3,,False
2023,Honda,CR-V,EX,4,Gasoline,88285,,,31000,3,,False
2021,Honda,Civic Sedan,LX,4,Gasoline,126322,,,15100,5,,False
2013,Honda,Civic Sedan,LX,4,Gasoline,165145,,,6200,13,,False
2019,Honda,CR-V,TOURING,4,Gasoline,52975,,,28000,7,,False
2016,Honda,CR-V,EX,4,Gasoline,152971,,,12000,10,,False
2012,Honda,CR-V,EX,4,Gasoline,190543,,,8200,14,,False
2023,Honda,Civic Sedan,TOURING,4,Gasoline,32824,,,27600,3,,False
2015,Honda,Civic Sedan,LX,4,Gasoline,292031,,,3200,11,,False
2019,Honda,Accord Sedan,SPORT,4,Gasoline,142596,,,18100,7,,False
2019,Honda,CR-V,EX,4,Gasoline,220626,,,11200,7,,False
2024,Honda,Civic Sedan,TOURING,4,Gasoline,64773,,,27600,2,,False
2020,Honda,Fit,EX,4,Gasoline,59502,,,12000,6,,False
2023,Honda,CR-V,no_mention,4,Gasoline,109544,,,28600,3,,False
2022,Honda,Accord Sedan,TOURING,4,Gasoline,43372,,,30700,4,,False
2019,Honda,CR-V,LX,4,Gasoline,188903,,,13000,7,,False
2020,Honda,Civic Sedan,EX,4,Gasoline,141980,,,15500,6,,False
2012,Honda,CR-V,LX,4,Gasoline,28561,,,17700,14,,False
2017,Honda,CR-V,LX,4,Gasoline,187757,,,10100,9,,False
2015,Honda,Odyssey,no_mention,6,Gasoline,151997,,,11100,11,,False
2016,Honda,Odyssey,EX,6,Gasoline,99335,,,18100,10,,False
2016,Honda,Pilot,EX,6,Gasoline,184963,,,17800,10,,False
2021,Honda,CR-V,LX,4,Gasoline,106004,,,19800,5,,False
2023,Honda,HR-V,LX,4,Gasoline,51800,,,24500,3,,False
2013,Honda,Civic Sedan,LX,4,Gasoline,200944,,,4500,13,,False
2014,Honda,Civic Sedan,EX,4,Gasoline,270058,,,3300,12,,False
2015,Honda,CR-V,EX,4,Gasoline,130871,,,13100,11,,False
2018,Honda,CR-V,TOURING,4,Gasoline,234861,,,12100,8,,False
2017,Honda,CR-V,TOURING,4,Gasoline,112982,,,15800,9,,False
2013,Honda,Odyssey,EX,6,Gasoline,218555,,,4200,13,,False
2013,Honda,Ridgeline,no_mention,6,Gasoline,27900,,,25500,13,,False
2016,Honda,Odyssey,EX,6,Gasoline,166810,,,14500,10,,False
2020,Honda,Civic Sedan,LX,4,Gasoline,56319,,,19000,6,,False
2016,Honda,Odyssey,EX,6,Gasoline,129748,,,16700,10,,False
2019,Honda,Ridgeline,EX,6,Gasoline,125191,,,24500,7,,False
2011,Honda,CR-V,EX,4,Gasoline,144169,,,12100,15,,False
2019,Honda,Odyssey,TOURING,6,Gasoline,89302,,,31600,7,,False
2022,Honda,Odyssey,EX,6,Gasoline,33039,,,41300,4,,False
2018,Honda,CR-V,TOURING,4,Gasoline,182497,,,14800,8,,False
2013,Honda,Pilot,LX,6,Gasoline,154163,,,12100,13,,False
2013,Honda,Civic Sedan,LX,4,Gasoline,141685,,,8300,13,,False
2023,Honda,Odyssey,EX,6,Gasoline,46215,,,39000,3,,False
2013,Honda,CR-V,EX,4,Gasoline,262183,,,4700,13,,False
2017,Honda,CR-V,TOURING,4,Gasoline,192283,,,12200,9,,False
2014,Honda,Odyssey,EX,6,Gasoline,279247,,,5000,12,,False
2017,Honda,Civic Sedan,LX,4,Gasoline,236753,,,9100,9,,False
2020,Honda,Civic Sedan,LX,4,Gasoline,147074,,,14600,6,,False
2017,Honda,CR-V,EX,4,Gasoline,109937,,,19500,9,,False
2015,Honda,Odyssey,TOURING,6,Gasoline,227894,,,10200,11,,False
2016,Honda,CR-V,no_mention,4,Gasoline,10188,,,15000,10,,False
2019,Honda,Accord Sedan,SPORT,4,Gasoline,261206,,,9000,7,,False
2020,Honda,CR-V,no_mention,4,Gasoline,131413,,,24100,6,,False
2016,Honda,CR-V,no_mention,4,Gasoline,192173,,,10700,10,,False
2013,Honda,Odyssey,EX,6,Gasoline,144420,,,8700,13,,False
2009,Honda,Odyssey,EX,6,Gasoline,145984,,,4600,17,,False
2018,Honda,Civic Sedan,LX,4,Gasoline,188266,,,7200,8,,False
2009,Honda,CR-V,LX,4,Gasoline,172764,,,3200,17,,False
2019,Honda,Pilot,TOURING,6,Gasoline,146348,,,23100,7,,False
2017,Honda,CR-V,EX,4,Gasoline,191194,,,11500,9,,False
2019,Honda,Odyssey,EX,6,Gasoline,58860,,,26700,7,,False
2016,Honda,HR-V,LX,4,Gasoline,114376,,,10900,10,,False
2013,Honda,Pilot,EX,6,Gasoline,155927,,,10800,13,,False
2016,Honda,Civic Sedan,TOURING,4,Gasoline,176265,,,10800,10,,False
2022,Honda,Civic Sedan,TOURING,4,Gasoline,8200,,,29600,4,,False
2022,Honda,Ridgeline,no_mention,6,Gasoline,79276,,,36500,4,,False
2022,Honda,Civic Sedan,EX,4,Gasoline,14300,,,26200,4,,False
2023,Honda,HR-V,SPORT,4,Gasoline,36645,,,27900,3,,False
2011,Honda,Accord Sedan,EX,4,Gasoline,179261,,,4800,15,,False
2012,Honda,Civic Sedan,EX,4,Gasoline,218008,,,4900,14,,False
2012,Honda,Civic Sedan,EX,4,Gasoline,291043,,,3000,14,,False
2019,Honda,Pilot,TOURING,6,Gasoline,89592,,,30200,7,,False
2021,Honda,CR-V,SPORT,4,Gasoline,51223,,,28400,5,,False
2016,Honda,CR-V,EX,4,Gasoline,99028,,,15500,10,,False
2018,Honda,CR-V,EX,4,Gasoline,109080,,,22000,8,,False
2022,Honda,HR-V,LX,4,Gasoline,69453,,,22500,4,,False
2023,Honda,Civic Sedan,TOURING,4,Gasoline,96302,,,22600,3,,False
2023,Honda,CR-V,EX,4,Gasoline,136377,,,29000,3,,False
2010,Honda,Accord Sedan,EX,4,Gasoline,217489,,,5600,16,,False
2022,Honda,CR-V,LX,4,Gasoline,62549,,,27000,4,,False
2022,Honda,Accord Sedan,SPORT,4,Gasoline,162540,,,14300,4,,False
2022,Honda,CR-V,LX,4,Gasoline,53395,,,25400,4,,False
2023,Honda,CR-V,EX,4,Gasoline,39631,,,34900,3,,False
2013,Honda,Civic Sedan,LX,4,Gasoline,223187,,,5500,13,,False
2016,Honda,CR-V,no_mention,4,Gasoline,297421,,,3100,10,,False
2024,Honda,Civic Sedan,EX,4,Gasoline,20350,,,28000,2,,False
2023,Honda,CR-V,SPORT,4,Gasoline,96392,,,29000,3,,False
2023,Honda,Odyssey,TOURING,6,Gasoline,68651,,,38100,3,,False
2023,Honda,Ridgeline,no_mention,6,Gasoline,51289,,,44300,3,,False
2019,Honda,Accord Sedan,EX,4,Gasoline,151376,,,17500,7,,False
2023,Honda,CR-V,SPORT,4,Gasoline,78224,,,31500,3,,False
2022,Honda,Pilot,TOURING,6,Gasoline,63632,,,40000,4,,False
2012,Honda,Civic Sedan,EX,4,Gasoline,191095,,,4700,14,,False
2020,Honda,Civic Sedan,SPORT,4,Gasoline,80280,,,21000,6,,False
2017,Honda,CR-V,TOURING,4,Gasoline,93548,,,20700,9,,False
2022,Honda,Odyssey,EX,6,Gasoline,56648,,,36500,4,,False
2018,Honda,CR-V,EX,4,Gasoline,210395,,,11000,8,,False
2014,Honda,CR-V,EX,4,Gasoline,224152,,,6400,12,,False
2019,Honda,CR-V,LX,4,Gasoline,338979,,,9700,7,,False
2020,Honda,CR-V,LX,4,Gasoline,58057,,,23600,6,,False
2011,Honda,CR-V,EX,4,Gasoline,319611,,,3300,15,,False
2019,Honda,CR-V,LX,4,Gasoline,180273,,,14300,7,,False
2017,Honda,CR-V,TOURING,4,Gasoline,186764,,,8300,9,,False
2021,Honda,CR-V,SPORT,4,Gasoline,98409,,,25500,5,,False
2017,Honda,Civic Sedan,LX,4,Gasoline,139737,,,11400,9,,False
2022,Honda,Pilot,TOURING,6,Gasoline,59967,,,42000,4,,False
2019,Honda,Civic Sedan,LX,4,Gasoline,148372,,,10000,7,,False
2015,Honda,CR-V,EX,4,Gasoline,330767,,,4600,11,,False
2019,Honda,Accord Sedan,TOURING,4,Gasoline,121992,,,21200,7,,False
2019,Honda,Pilot,EX,6,Gasoline,208769,,,14700,7,,False
2017,Honda,Ridgeline,TOURING,6,Gasoline,297088,,,12300,9,,False
2018,Honda,Civic Sedan,EX,4,Gasoline,113200,,,15100,8,,False
2013,Honda,Civic Sedan,LX,4,Gasoline,108222,,,8600,13,,False
2013,Honda,Odyssey,EX,6,Gasoline,210540,,,7600,13,,False
2024,Honda,Pilot,TOURING,6,Gasoline,40480,,,51200,2,,False
2021,Honda,Pilot,LX,6,Gasoline,101111,,,25000,5,,False
2021,Honda,Civic Sedan,EX,4,Gasoline,112352,,,19300,5,,False
2019,Honda,HR-V,TOURING,4,Gasoline,225214,,,8900,7,,False
2014,Honda,CR-V,LX,4,Gasoline,363833,,,3500,12,,False
2020,Honda,Civic Sedan,EX,4,Gasoline,59462,,,20300,6,,False
2015,Honda,Accord Sedan,SPORT,4,Gasoline,258860,,,3600,11,,False
2019,Honda,CR-V,EX,4,Gasoline,49529,,,23800,7,,False
2020,Honda,CR-V,SPORT,4,Gasoline,76530,,,26400,6,,False
2019,Honda,HR-V,TOURING,4,Gasoline,83395,,,22000,7,,False
2022,Honda,CR-V,LX,4,Gasoline,73114,,,26700,4,,False
2020,Honda,Accord Sedan,TOURING,4,Gasoline,129039,,,17700,6,,False
2020,Honda,CR-V,EX,4,Gasoline,60400,,,28500,6,,False
2017,Honda,CR-V,LX,4,Gasoline,123500,,,15900,9,,False
2021,Honda,Ridgeline,EX,6,Gasoline,65500,,,36000,5,,False
2014,Honda,Accord Sedan,TOURING,4,Gasoline,285230,,,4700,12,,False
2009,Honda,CR-V,EX,4,Gasoline,171348,,,6600,17,,False
2022,Honda,Civic Sedan,SPORT,4,Gasoline,69780,,,23300,4,,False
2016,Honda,Civic Sedan,LX,4,Gasoline,95754,,,11800,10,,False
2019,Honda,Accord Sedan,SPORT,4,Gasoline,163870,,,15400,7,,False
2017,Honda,CR-V,LX,4,Gasoline,132328,,,12800,9,,False
2009,Honda,CR-V,EX,4,Gasoline,150468,,,5600,17,,False
2023,Honda,Pilot,SPORT,6,Gasoline,60641,,,39000,3,,False
2017,Honda,Accord Sedan,TOURING,6,Gasoline,44829,,,21000,9,,False
2018,Honda,Civic Sedan,LX,4,Gasoline,147072,,,13100,8,,False
2020,Honda,Civic Sedan,LX,4,Gasoline,102240,,,11000,6,,False
2016,Honda,HR-V,EX,4,Gasoline,208076,,,12000,10,,False
2017,Honda,Accord Sedan,TOURING,6,Gasoline,83052,,,20000,9,,False
2018,Honda,CR-V,LX,4,Gasoline,161335,,,12800,8,,False
2014,Honda,CR-V,EX,4,Gasoline,167875,,,8900,12,,False
2014,Honda,CR-V,LX,4,Gasoline,182847,,,7400,12,,False
2024,Honda,CR-V,SPORT,4,Gasoline,61968,,,33100,2,,False
2022,Honda,CR-V,TOURING,4,Gasoline,45690,,,32300,4,,False
2016,Honda,HR-V,LX,4,Gasoline,135221,,,11600,10,,False
2016,Honda,Civic Sedan,LX,4,Gasoline,207970,,,7600,10,,False
2017,Honda,Civic Sedan,LX,4,Gasoline,154928,,,8200,9,,False
2022,Honda,CR-V,EX,4,Gasoline,71621,,,23000,4,,False
2020,Honda,CR-V,SPORT,4,Gasoline,67905,,,26700,6,,False
2019,Honda,CR-V,LX,4,Gasoline,105334,,,21400,7,,False
2010,Honda,Accord Sedan,EX,4,Gasoline,203370,,,4100,16,,False
2013,Honda,Civic Sedan,LX,4,Gasoline,209661,,,5500,13,,False
2021,Honda,CR-V,LX,4,Gasoline,45450,,,26300,5,,False
2012,Honda,Civic Sedan,EX,4,Gasoline,263426,,,4100,14,,False
2014,Honda,Civic Sedan,no_mention,4,Gasoline,157112,,,4800,12,,False
2018,Honda,Civic Sedan,no_mention,4,Gasoline,136940,,,14400,8,,False
2022,Honda,Civic Sedan,LX,4,Gasoline,49289,,,20500,4,,False
2024,Honda,Civic Sedan,LX,4,Gasoline,8910,,,26200,2,,False
2020,Honda,CR-V,LX,4,Gasoline,63531,,,21800,6,,False
2019,Honda,Pilot,TOURING,6,Gasoline,206901,,,16900,7,,False
2025,Honda,CR-V,SPORT,4,Gasoline,13003,,,37600,1,,False
2019,Honda,CR-V,EX,4,Gasoline,163779,,,17000,7,,False
2018,Honda,CR-V,EX,4,Gasoline,128239,,,20300,8,,False
2010,Honda,Accord Sedan,EX,4,Gasoline,212658,,,5800,16,,False
2011,Honda,Odyssey,TOURING,6,Gasoline,290914,,,3800,15,,False
2022,Honda,Pilot,TOURING,6,Gasoline,64191,,,39500,4,,False
2020,Honda,Civic Sedan,SPORT,4,Gasoline,129612,,,15800,6,,False
2016,Honda,Civic Sedan,TOURING,4,Gasoline,310362,,,4800,10,,False
2021,Honda,Pilot,EX,6,Gasoline,132028,,,23000,5,,False
2021,Honda,Odyssey,EX,6,Gasoline,45480,,,35500,5,,False
2023,Honda,CR-V,SPORT,4,Gasoline,28327,,,35100,3,,False
2022,Honda,CR-V,EX,4,Gasoline,66358,,,30400,4,,False
2013,Honda,Fit,LX,4,Gasoline,115530,,,5800,13,,False
2012,Honda,Pilot,EX,6,Gasoline,172186,,,3700,14,,False
2025,Honda,Odyssey,SPORT,6,Gasoline,22974,,,48600,1,,False
2012,Honda,Odyssey,EX,6,Gasoline,265900,,,3300,14,,False
2018,Honda,Accord Sedan,TOURING,4,Gasoline,123543,,,13800,8,,False
2014,Honda,CR-V,EX,4,Gasoline,190557,,,8300,12,,False
2018,Honda,Odyssey,EX,6,Gasoline,125281,,,24300,8,,False
2023,Honda,CR-V,SPORT,4,Gasoline,66001,,,32100,3,,False
2016,Honda,Pilot,TOURING,6,Gasoline,106585,,,18000,10,,False
2013,Honda,CR-V,EX,4,Gasoline,307395,,,3500,13,,False
2009,Honda,Ridgeline,no_mention,6,Gasoline,308100,,,3000,17,,False
2023,Honda,Civic Sedan,no_mention,4,Gasoline,21967,,,25000,3,,False
2021,Honda,CR-V,no_mention,4,Gasoline,55181,,,33500,5,,False
2018,Honda,Odyssey,TOURING,6,Gasoline,146308,,,24700,8,,False
2015,Honda,Civic Sedan,EX,4,Gasoline,194718,,,7000,11,,False
2024,Honda,Civic Sedan,SPORT,4,Gasoline,30520,,,29300,2,,False
2017,Honda,CR-V,TOURING,4,Gasoline,103491,,,18800,9,,False
2019,Honda,Pilot,no_mention,6,Gasoline,208181,,,16500,7,,False
2019,Honda,HR-V,LX,4,Gasoline,73050,,,19000,7,,False
2013,Honda,CR-V,EX,4,Gasoline,183701,,,9100,13,,False
2017,Honda,CR-V,LX,4,Gasoline,235583,,,11200,9,,False
2017,Honda,Pilot,TOURING,6,Gasoline,196653,,,18100,9,,False
2013,Honda,Civic Sedan,LX,4,Gasoline,98774,,,10100,13,,False
2024,Honda,Civic Sedan,EX,4,Gasoline,26628,,,26600,2,,False
2022,Honda,CR-V,SPORT,4,Gasoline,81800,,,28000,4,,False
2012,Honda,Civic Sedan,EX,4,Gasoline,289150,,,3300,14,,False
2014,Honda,Fit,LX,4,Gasoline,152729,,,5500,12,,False
2022,Honda,CR-V,LX,4,Gasoline,62514,,,26200,4,,False
2024,Honda,HR-V,EX,4,Gasoline,8803,,,34200,2,,False
2023,Honda,Civic Sedan,no_mention,4,Gasoline,23621,,,28000,3,,False
2018,Honda,CR-V,EX,4,Gasoline,216153,,,9600,8,,False
2018,Honda,Civic Sedan,LX,4,Gasoline,205128,,,10200,8,,False
2021,Honda,CR-V,TOURING,4,Gasoline,64767,,,30000,5,,False
2020,Honda,CR-V,EX,4,Gasoline,70479,,,27200,6,,False
2013,Honda,CR-V,LX,4,Gasoline,180705,,,6600,13,,False
2021,Honda,CR-V,no_mention,4,Gasoline,83214,,,29500,5,,False
2018,Honda,CR-V,TOURING,4,Gasoline,139222,,,18200,8,,False
2008,Honda,Civic Sedan,EX,4,Gasoline,245831,,,4400,18,,False
2021,Honda,CR-V,no_mention,4,Gasoline,87761,,,28000,5,,False
2016,Honda,CR-V,EX,4,Gasoline,110299,,,15500,10,,False
2015,Honda,Odyssey,EX,6,Gasoline,142254,,,16800,11,,False
2015,Honda,Odyssey,LX,6,Gasoline,193080,,,7100,11,,False
2021,Honda,CR-V,SPORT,4,Gasoline,56196,,,22900,5,,False
2021,Honda,Civic Sedan,EX,4,Gasoline,150900,,,17000,5,,False
2016,Honda,Fit,LX,4,Gasoline,157434,,,7200,10,,False
2024,Honda,CR-V,SPORT,4,Gasoline,43404,,,33300,2,,False
2009,Honda,Ridgeline,no_mention,6,Gasoline,182850,,,4500,17,,False
2020,Honda,Civic Sedan,EX,4,Gasoline,113615,,,18000,6,,False
2019,Honda,CR-V,LX,4,Gasoline,191576,,,13200,7,,False
2016,Honda,Accord Sedan,SPORT,4,Gasoline,132750,,,15300,10,,False
2018,Honda,Odyssey,TOURING,6,Gasoline,89727,,,28000,8,,False
2016,Honda,Odyssey,EX,6,Gasoline,288139,,,4000,10,,False
2018,Honda,Civic Sedan,no_mention,4,Gasoline,117307,,,13600,8,,False
2021,Honda,Pilot,TOURING,6,Gasoline,85323,,,34500,5,,False
2022,Honda,Civic Sedan,LX,4,Gasoline,152562,,,17100,4,,False
2016,Honda,Odyssey,EX,6,Gasoline,145785,,,17500,10,,False
2016,Honda,Pilot,TOURING,6,Gasoline,129956,,,18600,10,,False
2025,Honda,Civic Sedan,LX,4,Gasoline,15850,,,27200,1,,False
2010,Honda,Odyssey,TOURING,6,Gasoline,161759,,,5000,16,,False
2021,Honda,CR-V,LX,4,Gasoline,78052,,,25000,5,,False
2012,Honda,CR-V,EX,4,Gasoline,283900,,,4200,14,,False
2016,Honda,Accord Sedan,SPORT,4,Gasoline,165184,,,8200,10,,False
2014,Honda,CR-V,EX,4,Gasoline,329164,,,3500,12,,False
2022,Honda,Accord Sedan,SPORT,4,Gasoline,102220,,,23600,4,,False
2017,Honda,CR-V,EX,4,Gasoline,161287,,,11500,9,,False
2013,Honda,CR-V,TOURING,4,Gasoline,146830,,,12200,13,,False
2019,Honda,CR-V,TOURING,4,Gasoline,150299,,,17300,7,,False
2016,Honda,CR-V,EX,4,Gasoline,179456,,,11300,10,,False
2019,Honda,Civic Sedan,LX,4,Gasoline,186621,,,10400,7,,False
2020,Honda,Civic Sedan,EX,4,Gasoline,127465,,,17200,6,,False
2015,Honda,CR-V,TOURING,4,Gasoline,357503,,,6400,11,,False
2013,Honda,CR-V,LX,4,Gasoline,262189,,,5000,13,,False
2015,Honda,CR-V,LX,4,Gasoline,260048,,,5400,11,,False
2009,Honda,Civic Sedan,SPORT,4,Gasoline,155955,,,3600,17,,False
2020,Honda,CR-V,LX,4,Gasoline,72594,,,24500,6,,False
2016,Honda,CR-V,EX,4,Gasoline,150692,,,15400,10,,False
2013,Honda,Civic Sedan,no_mention,4,Gasoline,160960,,,4300,13,,False
2014,Honda,CR-V,LX,4,Gasoline,197269,,,7400,12,,False
2018,Honda,CR-V,LX,4,Gasoline,167161,,,14100,8,,False
2019,Honda,Civic Sedan,EX,4,Gasoline,64495,,,19900,7,,False
2020,Honda,Civic Sedan,SPORT,4,Gasoline,79917,,,19700,6,,False
2011,Honda,CR-V,EX,4,Gasoline,127598,,,9000,15,,False
2012,Honda,CR-V,TOURING,4,Gasoline,63250,,,12700,14,,False
2021,Honda,CR-V,no_mention,4,Gasoline,143803,,,20500,5,,False
2023,Honda,Odyssey,TOURING,6,Gasoline,35310,,,44700,3,,False
2021,Honda,Pilot,EX,6,Gasoline,108602,,,28000,5,,False
2016,Honda,Odyssey,EX,6,Gasoline,258259,,,6400,10,,False
2015,Honda,CR-V,EX,4,Gasoline,59032,,,14400,11,,False
2025,Honda,HR-V,SPORT,4,Gasoline,38812,,,30900,1,,False
2024,Honda,CR-V,LX,4,Gasoline,20183,,,30600,2,,False
2017,Honda,CR-V,EX,4,Gasoline,183743,,,12500,9,,False
2021,Honda,CR-V,EX,4,Gasoline,32340,,,30300,5,,False
2022,Honda,CR-V,SPORT,4,Gasoline,74753,,,29000,4,,False
2014,Honda,Civic Sedan,EX,4,Gasoline,285112,,,4100,12,,False
2015,Honda,CR-V,EX,4,Gasoline,304794,,,4200,11,,False
2022,Honda,HR-V,SPORT,4,Gasoline,73743,,,24200,4,,False
2023,Honda,HR-V,SPORT,4,Gasoline,56990,,,27400,3,,False
2019,Honda,CR-V,LX,4,Gasoline,147570,,,14700,7,,False
2022,Honda,Civic Sedan,TOURING,4,Gasoline,87116,,,25500,4,,False
2018,Honda,HR-V,EX,4,Gasoline,41921,,,19400,8,,False
2017,Honda,Accord Sedan,TOURING,4,Gasoline,214940,,,11000,9,,False
2019,Honda,Pilot,EX,6,Gasoline,206970,,,12300,7,,False
2015,Honda,Civic Sedan,LX,4,Gasoline,61359,,,12000,11,,False
2018,Honda,Odyssey,EX,6,Gasoline,215450,,,15700,8,,False
2015,Honda,CR-V,EX,4,Gasoline,200348,,,9300,11,,False
2022,Honda,Odyssey,EX,6,Gasoline,71607,,,34600,4,,False
2009,Honda,Fit,no_mention,4,Gasoline,133590,,,3000,17,,False
2020,Honda,CR-V,TOURING,4,Gasoline,257769,,,16000,6,,False
2016,Honda,Civic Sedan,EX,4,Gasoline,160319,,,9800,10,,False
2009,Honda,Accord Sedan,EX,6,Gasoline,247973,,,3000,17,,False
2023,Honda,CR-V,no_mention,4,Gasoline,28800,,,29300,3,,False
2017,Honda,CR-V,TOURING,4,Gasoline,133329,,,18000,9,,False
2014,Honda,CR-V,LX,4,Gasoline,212051,,,5000,12,,False
2021,Honda,Pilot,no_mention,6,Gasoline,243747,,,17500,5,,False
2019,Honda,Civic Sedan,LX,4,Gasoline,131577,,,10700,7,,False
2012,Honda,Odyssey,LX,6,Gasoline,240254,,,5100,14,,False
2017,Honda,CR-V,TOURING,4,Gasoline,82821,,,25400,9,,False
2014,Honda,Civic Sedan,EX,4,Gasoline,184809,,,8700,12,,False
2014,Honda,CR-V,EX,4,Gasoline,286165,,,3800,12,,False
2009,Honda,CR-V,EX,4,Gasoline,243840,,,4600,17,,False
2009,Honda,Civic Sedan,EX,4,Gasoline,131445,,,7500,17,,False
2008,Honda,CR-V,EX,4,Gasoline,212223,,,4700,18,,False
2018,Honda,Civic Sedan,EX,4,Gasoline,182508,,,11600,8,,False
2018,Honda,Ridgeline,EX,6,Gasoline,215881,,,14500,8,,False
2013,Honda,CR-V,EX,4,Gasoline,237942,,,7400,13,,False
2012,Honda,CR-V,EX,4,Gasoline,201471,,,8600,14,,False
2017,Honda,CR-V,LX,4,Gasoline,164584,,,12200,9,,False
2016,Honda,Pilot,TOURING,6,Gasoline,226735,,,10500,10,,False
2016,Honda,Civic Sedan,EX,4,Gasoline,129650,,,12000,10,,False
2012,Honda,Civic Sedan,EX,4,Gasoline,147815,,,7100,14,,False
2023,Honda,Civic Sedan,EX,4,Gasoline,96948,,,22800,3,,False
2019,Honda,Civic Sedan,LX,4,Gasoline,54939,,,17800,7,,False
2014,Honda,Accord Sedan,SPORT,4,Gasoline,321858,,,3500,12,,False
2013,Honda,Civic Sedan,LX,4,Gasoline,85342,,,8000,13,,False
2017,Honda,CR-V,TOURING,4,Gasoline,150723,,,15000,9,,False
2014,Honda,CR-V,EX,4,Gasoline,109265,,,11600,12,,False
2015,Honda,CR-V,EX,4,Gasoline,314930,,,4700,11,,False
2021,Honda,Odyssey,EX,6,Gasoline,77978,,,30000,5,,False
2021,Honda,Pilot,EX,6,Gasoline,90982,,,31500,5,,False
2024,Honda,Pilot,TOURING,6,Gasoline,28521,,,52500,2,,False
2025,Honda,Pilot,TOURING,6,Gasoline,35691,,,53000,1,,False
2021,Honda,Accord Sedan,TOURING,4,Gasoline,174822,,,11500,5,,False
2017,Honda,CR-V,EX,4,Gasoline,228568,,,12500,9,,False
2019,Honda,Civic Sedan,LX,4,Gasoline,85839,,,15900,7,,False
2015,Honda,Pilot,TOURING,6,Gasoline,220906,,,7100,11,,False
2017,Honda,Civic Sedan,LX,4,Gasoline,139186,,,9800,9,,False
2016,Honda,Civic Sedan,LX,4,Gasoline,176636,,,5700,10,,False
2016,Honda,CR-V,EX,4,Gasoline,163685,,,12800,10,,False
2018,Honda,CR-V,LX,4,Gasoline,210616,,,11000,8,,False
2016,Honda,Civic Sedan,EX,4,Gasoline,180781,,,10700,10,,False
2019,Honda,Civic Sedan,LX,4,Gasoline,124750,,,15800,7,,False
2020,Honda,Civic Sedan,EX,4,Gasoline,116732,,,17400,6,,False
2017,Honda,HR-V,LX,4,Gasoline,150265,,,11600,9,,False
2016,Honda,CR-V,no_mention,4,Gasoline,87615,,,15300,10,,False
2012,Honda,CR-V,EX,4,Gasoline,228000,,,3100,14,,False
2021,Honda,CR-V,LX,4,Gasoline,321003,,,11700,5,,False
2016,Honda,HR-V,LX,4,Gasoline,107869,,,13000,10,,False
2023,Honda,HR-V,LX,4,Gasoline,63008,,,26100,3,,False
2016,Honda,Civic Sedan,EX,4,Gasoline,135111,,,10600,10,,False
2024,Honda,HR-V,SPORT,4,Gasoline,26404,,,30900,2,,False
2022,Honda,Civic Sedan,SPORT,4,Gasoline,78897,,,23300,4,,False
2025,Honda,CR-V,LX,4,Gasoline,8941,,,34500,1,,False
2014,Honda,Accord Sedan,TOURING,6,Gasoline,113876,,,13100,12,,False
2016,Honda,Civic Sedan,EX,4,Gasoline,136286,,,10700,10,,False
2020,Honda,Civic Sedan,TOURING,4,Gasoline,111406,,,18800,6,,False
2020,Honda,Odyssey,EX,6,Gasoline,58976,,,36100,6,,False
2019,Honda,Accord Sedan,SPORT,4,Gasoline,133608,,,14100,7,,False
2021,Honda,Civic Sedan,TOURING,4,Gasoline,52888,,,22900,5,,False
2020,Honda,Pilot,EX,6,Gasoline,165096,,,20900,6,,False
2024,Honda,CR-V,SPORT,4,Gasoline,101665,,,30200,2,,False
2021,Honda,Civic Sedan,LX,4,Gasoline,131844,,,15700,5,,False
2018,Honda,Accord Sedan,TOURING,4,Gasoline,148713,,,16500,8,,False
2018,Honda,Fit,EX,4,Gasoline,149172,,,11000,8,,False
2017,Honda,Pilot,TOURING,6,Gasoline,37495,,,32500,9,,False
2016,Honda,CR-V,TOURING,4,Gasoline,172751,,,13100,10,,False
2016,Honda,CR-V,EX,4,Gasoline,267948,,,9000,10,,False
2020,Honda,CR-V,EX,4,Gasoline,158040,,,13300,6,,False
2021,Honda,CR-V,SPORT,4,Gasoline,95395,,,25500,5,,False
2023,Honda,HR-V,EX,4,Gasoline,37676,,,30500,3,,False
2022,Honda,Civic Sedan,TOURING,4,Gasoline,76422,,,25800,4,,False
2017,Honda,Accord Sedan,SPORT,4,Gasoline,126416,,,15300,9,,False
2022,Honda,CR-V,LX,4,Gasoline,53479,,,28000,4,,False
2022,Honda,CR-V,SPORT,4,Gasoline,37327,,,31700,4,,False
2015,Honda,Fit,LX,4,Gasoline,221529,,,5500,11,,False
2020,Honda,CR-V,EX,4,Gasoline,40622,,,28000,6,,False
2021,Honda,CR-V,EX,4,Gasoline,63388,,,28200,5,,False
2025,Honda,Civic Sedan,LX,4,Gasoline,29505,,,27300,1,,False
2016,Honda,Pilot,EX,6,Gasoline,204926,,,10900,10,,False
2018,Honda,Odyssey,TOURING,6,Gasoline,123229,,,24000,8,,False
2025,Honda,HR-V,SPORT,4,Gasoline,38807,,,29800,1,,False
2022,Honda,Pilot,SPORT,6,Gasoline,50572,,,40800,4,,False
2016,Honda,Civic Sedan,TOURING,4,Gasoline,328180,,,5600,10,,False
2016,Honda,Odyssey,EX,6,Gasoline,147116,,,14000,10,,False
2017,Honda,CR-V,TOURING,4,Gasoline,220151,,,12000,9,,False
2018,Honda,CR-V,EX,4,Gasoline,219041,,,11700,8,,False
2022,Honda,CR-V,LX,4,Gasoline,79040,,,26100,4,,False
2019,Honda,CR-V,LX,4,Gasoline,252107,,,11700,7,,False
2018,Honda,CR-V,EX,4,Gasoline,265738,,,11500,8,,False
2017,Honda,CR-V,TOURING,4,Gasoline,140453,,,17000,9,,False
2013,Honda,Civic Sedan,TOURING,4,Gasoline,160704,,,6700,13,,False
2020,Honda,Pilot,TOURING,6,Gasoline,112868,,,30200,6,,False
2020,Honda,HR-V,SPORT,4,Gasoline,91282,,,20100,6,,False
2016,Honda,Civic Sedan,EX,4,Gasoline,97558,,,10600,10,,False
2014,Honda,CR-V,EX,4,Gasoline,278748,,,4500,12,,False
2022,Honda,Civic Sedan,LX,4,Gasoline,98317,,,20000,4,,False
2016,Honda,CR-V,no_mention,4,Gasoline,262898,,,7400,10,,False
2017,Honda,Civic Sedan,TOURING,4,Gasoline,154227,,,12700,9,,False
2015,Honda,CR-V,TOURING,4,Gasoline,200631,,,9900,11,,False
2015,Honda,CR-V,LX,4,Gasoline,200999,,,9200,11,,False
2024,Honda,CR-V,LX,4,Gasoline,44165,,,30500,2,,False
2022,Honda,CR-V,SPORT,4,Gasoline,21056,,,32100,4,,False
2016,Honda,Civic Sedan,TOURING,4,Gasoline,99990,,,14000,10,,False
2021,Honda,Civic Sedan,LX,4,Gasoline,29516,,,21800,5,,False
2012,Honda,Civic Sedan,LX,4,Gasoline,148868,,,4400,14,,False
2022,Honda,CR-V,LX,4,Gasoline,53375,,,24800,4,,False
2010,Honda,Civic Sedan,no_mention,4,Gasoline,101812,,,6200,16,,False
2016,Honda,HR-V,EX,4,Gasoline,208865,,,7600,10,,False
2014,Honda,Accord Sedan,TOURING,4,Gasoline,252606,,,4600,12,,False
2009,Honda,Fit,LX,4,Gasoline,216243,,,3300,17,,False
2015,Honda,Odyssey,TOURING,6,Gasoline,176446,,,11500,11,,False
2019,Honda,CR-V,LX,4,Gasoline,190541,,,11000,7,,False
2017,Honda,Pilot,EX,6,Gasoline,131364,,,20500,9,,False
2017,Honda,HR-V,LX,4,Gasoline,72176,,,15000,9,,False
2015,Honda,Fit,LX,4,Gasoline,162010,,,7100,11,,False
2007,Honda,Civic Sedan,no_mention,4,Gasoline,227219,,,3900,19,,False
2009,Honda,CR-V,EX,4,Gasoline,186336,,,4300,17,,False
2022,Honda,CR-V,LX,4,Gasoline,81045,,,23500,4,,False
2023,Honda,Civic Sedan,no_mention,4,Gasoline,38700,,,25100,3,,False
2024,Honda,HR-V,EX,4,Gasoline,38581,,,32700,2,,False
2020,Honda,Civic Sedan,LX,4,Gasoline,78523,,,18200,6,,False
2015,Honda,CR-V,EX,4,Gasoline,244496,,,6900,11,,False
2015,Honda,Civic Sedan,EX,4,Gasoline,289427,,,4600,11,,False
2019,Honda,Civic Sedan,TOURING,4,Gasoline,236102,,,8100,7,,False
2008,Honda,Civic Sedan,no_mention,4,Gasoline,188413,,,3000,18,,False
2017,Honda,Ridgeline,SPORT,6,Gasoline,179432,,,16000,9,,False
2013,Honda,Civic Sedan,EX,4,Gasoline,233677,,,5800,13,,False
2016,Honda,Civic Sedan,EX,4,Gasoline,232998,,,7500,10,,False
2014,Honda,CR-V,EX,4,Gasoline,244200,,,9200,12,,False
2017,Honda,Ridgeline,EX,6,Gasoline,192849,,,15700,9,,False
2016,Honda,HR-V,LX,4,Gasoline,135575,,,7500,10,,False
2022,Honda,CR-V,no_mention,4,Gasoline,17500,,,35300,4,,False
2016,Honda,HR-V,EX,4,Gasoline,119651,,,15000,10,,False
2016,Honda,Pilot,EX,6,Gasoline,121984,,,20000,10,,False
2016,Honda,Civic Sedan,LX,4,Gasoline,115597,,,7000,10,,False
2013,Honda,Odyssey,TOURING,6,Gasoline,222692,,,9800,13,,False
2017,Honda,CR-V,LX,4,Gasoline,145934,,,8800,9,,False
2018,Honda,CR-V,EX,4,Gasoline,88680,,,21700,8,,False
2018,Honda,CR-V,LX,4,Gasoline,148219,,,14800,8,,False
2018,Honda,Pilot,TOURING,6,Gasoline,130178,,,23500,8,,False
2016,Honda,HR-V,EX,4,Gasoline,189434,,,7900,10,,False
2015,Honda,Civic Sedan,LX,4,Gasoline,192438,,,4800,11,,False
2018,Honda,CR-V,EX,4,Gasoline,302242,,,9300,8,,False
2018,Honda,Accord Sedan,EX,4,Gasoline,84932,,,18500,8,,False
2014,Honda,Accord Sedan,TOURING,4,Gasoline,162728,,,9200,12,,False
2023,Honda,CR-V,SPORT,4,Gasoline,26390,,,35000,3,,False
2015,Honda,Odyssey,EX,6,Gasoline,163276,,,11600,11,,False
2016,Honda,Accord Sedan,SPORT,4,Gasoline,97322,,,14500,10,,False
2015,Honda,Odyssey,no_mention,6,Gasoline,156800,,,10900,11,,False
2017,Honda,Ridgeline,no_mention,6,Gasoline,231888,,,10100,9,,False
2019,Honda,HR-V,TOURING,4,Gasoline,47260,,,24000,7,,False
2015,Honda,Pilot,EX,6,Gasoline,259852,,,4200,11,,False
2023,Honda,Pilot,no_mention,6,Gasoline,96198,,,38500,3,,False
2012,Honda,CR-V,LX,4,Gasoline,291806,,,4500,14,,False
2017,Honda,Pilot,EX,6,Gasoline,228027,,,10300,9,,False
2018,Honda,Accord Sedan,LX,4,Gasoline,245091,,,8900,8,,False
2013,Honda,Accord Sedan,TOURING,4,Gasoline,113982,,,10100,13,,False
2014,Honda,Accord Sedan,TOURING,6,Gasoline,171907,,,5500,12,,False
2019,Honda,Odyssey,EX,6,Gasoline,131068,,,23900,7,,False
2016,Honda,Odyssey,EX,6,Gasoline,237256,,,7500,10,,False
2019,Honda,CR-V,LX,4,Gasoline,111179,,,20100,7,,False
2017,Honda,Civic Sedan,LX,4,Gasoline,255933,,,4500,9,,False
2022,Honda,CR-V,LX,4,Gasoline,41081,,,29000,4,,False
2017,Honda,Civic Sedan,no_mention,4,Gasoline,113446,,,15500,9,,False
2013,Honda,Accord Sedan,EX,4,Gasoline,127907,,,9100,13,,False
2021,Honda,CR-V,no_mention,4,Gasoline,85809,,,29000,5,,False
2012,Honda,Civic Sedan,LX,4,Gasoline,137238,,,7400,14,,False
2017,Honda,Civic Sedan,LX,4,Gasoline,95883,,,14300,9,,False
2007,Honda,CR-V,EX,4,Gasoline,187852,,,3800,19,,False
2020,Honda,Odyssey,EX,6,Gasoline,87603,,,31800,6,,False
2014,Honda,Pilot,TOURING,6,Gasoline,189775,,,7900,12,,False
2010,Honda,Civic Sedan,no_mention,4,Gasoline,100753,,,7400,16,,False
2024,Honda,CR-V,SPORT,4,Gasoline,90919,,,31200,2,,False
2019,Honda,Accord Sedan,SPORT,4,Gasoline,136843,,,19000,7,,False
2022,Honda,Pilot,TOURING,6,Gasoline,95081,,,35000,4,,False
2015,Honda,Odyssey,EX,6,Gasoline,113240,,,13900,11,,False
2017,Honda,Ridgeline,SPORT,6,Gasoline,267212,,,10300,9,,False
2017,Honda,CR-V,LX,4,Gasoline,157962,,,14000,9,,False
2013,Honda,Civic Sedan,EX,4,Gasoline,217731,,,7000,13,,False
2017,Honda,CR-V,EX,4,Gasoline,188165,,,9100,9,,False
2017,Honda,Ridgeline,SPORT,6,Gasoline,277321,,,8700,9,,False
2010,Honda,CR-V,LX,4,Gasoline,224981,,,4900,16,,False
2009,Honda,Accord Sedan,EX,4,Gasoline,142373,,,4600,17,,False
2003,Honda,CR-V,EX,4,Gasoline,118962,,,6400,23,,False
2014,Honda,CR-V,LX,4,Gasoline,211636,,,7300,12,,False
2019,Honda,CR-V,LX,4,Gasoline,167155,,,15000,7,,False
2016,Honda,Civic Sedan,EX,4,Gasoline,96225,,,13500,10,,False
2019,Honda,Accord Sedan,EX,4,Gasoline,141019,,,16100,7,,False
2010,Honda,CR-V,EX,4,Gasoline,131740,,,7800,16,,False
2018,Honda,CR-V,EX,4,Gasoline,64138,,,23100,8,,False
2012,Honda,Civic Sedan,LX,4,Gasoline,289681,,,3300,14,,False
2020,Honda,CR-V,no_mention,4,Gasoline,191142,,,19500,6,,False
2021,Honda,Pilot,TOURING,6,Gasoline,101950,,,33000,5,,False
2016,Honda,CR-V,TOURING,4,Gasoline,150537,,,13900,10,,False
2018,Honda,CR-V,TOURING,4,Gasoline,232158,,,12400,8,,False
2012,Honda,CR-V,LX,4,Gasoline,174467,,,5200,14,,False
2022,Honda,Civic Sedan,LX,4,Gasoline,62867,,,20000,4,,False
2016,Honda,CR-V,EX,4,Gasoline,178000,,,10900,10,,False
2022,Honda,CR-V,SPORT,4,Gasoline,65702,,,30100,4,,False
2020,Honda,CR-V,EX,4,Gasoline,70208,,,29800,6,,False
2013,Honda,Pilot,EX,6,Gasoline,214886,,,10200,13,,False
2014,Honda,CR-V,EX,4,Gasoline,379234,,,3700,12,,False
2008,Honda,Ridgeline,EX,6,Gasoline,175238,,,7100,18,,False
2018,Honda,CR-V,EX,4,Gasoline,151632,,,10800,8,,False
2019,Honda,Pilot,TOURING,6,Gasoline,129526,,,27100,7,,False
2022,Honda,Odyssey,EX,6,Gasoline,47679,,,37900,4,,False
2023,Honda,HR-V,LX,4,Gasoline,57002,,,24200,3,,False
2012,Honda,CR-V,EX,4,Gasoline,197553,,,7200,14,,False
2025,Honda,CR-V,SPORT,4,Gasoline,27310,,,38200,1,,False
2023,Honda,Odyssey,TOURING,6,Gasoline,56346,,,44000,3,,False
2022,Honda,Ridgeline,no_mention,6,Gasoline,95338,,,38100,4,,False
2015,Honda,CR-V,EX,4,Gasoline,116890,,,11500,11,,False
2011,Honda,CR-V,LX,4,Gasoline,200743,,,5600,15,,False
2011,Honda,Fit,SPORT,4,Gasoline,146022,,,6400,15,,False
2016,Honda,Odyssey,EX,6,Gasoline,175101,,,12100,10,,False
2022,Honda,CR-V,SPORT,4,Gasoline,51656,,,30500,4,,False
2013,Honda,Fit,LX,4,Gasoline,114701,,,3500,13,,False
2017,Honda,Civic Sedan,LX,4,Gasoline,148829,,,10900,9,,False
2024,Honda,HR-V,EX,4,Gasoline,17967,,,35100,2,,False
2012,Honda,Civic Sedan,EX,4,Gasoline,238790,,,4300,14,,False
2020,Honda,CR-V,LX,4,Gasoline,19866,,,27200,6,,False
2013,Honda,Accord Sedan,LX,4,Gasoline,205976,,,6500,13,,False
2022,Honda,Pilot,EX,6,Gasoline,69709,,,38700,4,,False
2011,Honda,Odyssey,EX,6,Gasoline,189323,,,5700,15,,False
2022,Honda,Pilot,TOURING,6,Gasoline,51330,,,43700,4,,False
2024,Honda,Civic Sedan,SPORT,4,Gasoline,26780,,,29000,2,,False
2022,Honda,Civic Sedan,LX,4,Gasoline,93176,,,22600,4,,False
2016,Honda,CR-V,EX,4,Gasoline,258650,,,6700,10,,False
2010,Honda,Fit,SPORT,4,Gasoline,178181,,,7000,16,,False
2011,Honda,Accord Sedan,EX,4,Gasoline,158732,,,6200,15,,False
2019,Honda,Accord Sedan,SPORT,4,Gasoline,94303,,,21500,7,,False
2022,Honda,Odyssey,TOURING,6,Gasoline,146596,,,32900,4,,False
2013,Honda,Fit,SPORT,4,Gasoline,187090,,,6000,13,,False
2015,Honda,Civic Sedan,EX,4,Gasoline,63906,,,9300,11,,False
2017,Honda,Pilot,LX,6,Gasoline,135460,,,18200,9,,False
2019,Honda,HR-V,SPORT,4,Gasoline,235162,,,8700,7,,False
2012,Honda,Civic Sedan,EX,4,Gasoline,86377,,,7700,14,,False
2018,Honda,CR-V,LX,4,Gasoline,224695,,,11100,8,,False
2017,Honda,Civic Sedan,LX,4,Gasoline,275117,,,4500,9,,False
2024,Honda,CR-V,SPORT,4,Gasoline,48763,,,32800,2,,False
2015,Honda,Civic Sedan,TOURING,4,Gasoline,135082,,,9900,11,,False
2022,Honda,CR-V,no_mention,4,Gasoline,37181,,,34500,4,,False
2013,Honda,Civic Sedan,LX,4,Gasoline,119552,,,8300,13,,False
2022,Honda,Pilot,EX,6,Gasoline,108480,,,34100,4,,False
2018,Honda,Civic Sedan,LX,4,Gasoline,65250,,,16500,8,,False
2013,Honda,CR-V,EX,4,Gasoline,265650,,,6000,13,,False
2017,Honda,Pilot,EX,6,Gasoline,211162,,,13200,9,,False
2004,Honda,Odyssey,EX,6,Gasoline,190422,,,3000,22,,False
2013,Honda,Civic Sedan,EX,4,Gasoline,205405,,,8300,13,,False
2013,Honda,CR-V,EX,4,Gasoline,298595,,,5700,13,,False
2015,Honda,CR-V,LX,4,Gasoline,220528,,,8000,11,,False
2013,Honda,Civic Sedan,EX,4,Gasoline,172606,,,8900,13,,False
2019,Honda,CR-V,EX,4,Gasoline,89917,,,19700,7,,False
2025,Honda,Civic Sedan,LX,4,Gasoline,31404,,,26000,1,,False
2018,Honda,Civic Sedan,LX,4,Gasoline,87473,,,16700,8,,False
2023,Honda,CR-V,no_mention,4,Gasoline,44251,,,34300,3,,False
2021,Honda,Pilot,LX,6,Gasoline,70414,,,25000,5,,False
2018,Honda,HR-V,LX,4,Gasoline,39949,,,21200,8,,False
2023,Honda,CR-V,no_mention,4,Gasoline,18100,,,31600,3,,False
2021,Honda,CR-V,LX,4,Gasoline,59432,,,24500,5,,False
2017,Honda,CR-V,EX,4,Gasoline,217732,,,7600,9,,False
2009,Honda,CR-V,EX,4,Gasoline,71584,,,8600,17,,False
2017,Honda,Civic Sedan,LX,4,Gasoline,156964,,,9900,9,,False
2018,Honda,HR-V,EX,4,Gasoline,130641,,,16000,8,,False
2013,Honda,CR-V,EX,4,Gasoline,198690,,,8500,13,,False
2017,Honda,Civic Sedan,TOURING,4,Gasoline,186767,,,11000,9,,False
2016,Honda,HR-V,EX,4,Gasoline,184291,,,9100,10,,False
2013,Honda,Civic Sedan,EX,4,Gasoline,144700,,,6400,13,,False
2019,Honda,Civic Sedan,EX,4,Gasoline,66087,,,19000,7,,False
2020,Honda,Civic Sedan,EX,4,Gasoline,48945,,,22200,6,,False
2012,Honda,Civic Sedan,EX,4,Gasoline,167272,,,5800,14,,False
2019,Honda,Accord Sedan,TOURING,4,Gasoline,93850,,,25400,7,,False
2022,Honda,Civic Sedan,TOURING,4,Gasoline,81207,,,24000,4,,False
2014,Honda,CR-V,EX,4,Gasoline,143976,,,11000,12,,False
2021,Honda,CR-V,SPORT,4,Gasoline,68712,,,29000,5,,False
2021,Honda,Accord Sedan,TOURING,4,Gasoline,31809,,,25000,5,,False
2015,Honda,Pilot,TOURING,6,Gasoline,229260,,,10000,11,,False
2016,Honda,CR-V,no_mention,4,Gasoline,174454,,,10300,10,,False
2016,Honda,Pilot,EX,6,Gasoline,204890,,,10400,10,,False
2011,Honda,Odyssey,EX,6,Gasoline,200186,,,7000,15,,False
2017,Honda,CR-V,LX,4,Gasoline,218898,,,9100,9,,False
2022,Honda,Civic Sedan,EX,4,Gasoline,83580,,,22200,4,,False
2010,Honda,Civic Sedan,no_mention,4,Gasoline,85766,,,4400,16,,False
2014,Honda,CR-V,EX,4,Gasoline,49619,,,14600,12,,False
2022,Honda,Civic Sedan,LX,4,Gasoline,80200,,,21900,4,,False
2015,Honda,Civic Sedan,LX,4,Gasoline,90611,,,9100,11,,False
2019,Honda,HR-V,TOURING,4,Gasoline,114036,,,21000,7,,False
2022,Honda,Civic Sedan,TOURING,4,Gasoline,91364,,,23800,4,,False
2025,Honda,CR-V,SPORT,4,Gasoline,8626,,,40000,1,,False
2017,Honda,CR-V,EX,4,Gasoline,206478,,,12700,9,,False
2021,Honda,HR-V,SPORT,4,Gasoline,64325,,,24900,5,,False
2024,Honda,Civic Sedan,TOURING,4,Gasoline,28300,,,30200,2,,False
2023,Honda,Civic Sedan,SPORT,4,Gasoline,44075,,,26600,3,,False
2016,Honda,HR-V,EX,4,Gasoline,92405,,,14100,10,,False
2021,Honda,CR-V,SPORT,4,Gasoline,61282,,,28500,5,,False
2025,Honda,Pilot,SPORT,6,Gasoline,11654,,,52800,1,,False
2023,Honda,Pilot,TOURING,6,Gasoline,93000,,,45100,3,,False
2019,Honda,Civic Sedan,LX,4,Gasoline,132147,,,13000,7,,False
2020,Honda,CR-V,SPORT,4,Gasoline,142220,,,19500,6,,False
2020,Honda,CR-V,SPORT,4,Gasoline,273449,,,11500,6,,False
2022,Honda,Civic Sedan,LX,4,Gasoline,62688,,,22900,4,,False
2022,Honda,Civic Sedan,TOURING,4,Gasoline,61699,,,28500,4,,False
2020,Honda,Civic Sedan,EX,4,Gasoline,48380,,,20300,6,,False
2015,Honda,Odyssey,EX,6,Gasoline,258651,,,4800,11,,False
2015,Honda,CR-V,no_mention,4,Gasoline,233283,,,8400,11,,False
2023,Honda,Accord Sedan,EX,4,Gasoline,64814,,,26600,3,,False
2010,Honda,Civic Sedan,no_mention,4,Gasoline,176679,,,4100,16,,False
2017,Honda,Accord Sedan,SPORT,4,Gasoline,110426,,,14700,9,,False
2012,Honda,Civic Sedan,EX,4,Gasoline,222150,,,3500,14,,False
2012,Honda,CR-V,EX,4,Gasoline,72573,,,13800,14,,False
2015,Honda,Civic Sedan,EX,4,Gasoline,189467,,,5800,11,,False
2022,Honda,HR-V,SPORT,4,Gasoline,98684,,,21500,4,,False
2023,Honda,CR-V,no_mention,4,Gasoline,92480,,,25600,3,,False
2017,Honda,Civic Sedan,LX,4,Gasoline,139738,,,13800,9,,False
2019,Honda,Civic Sedan,EX,4,Gasoline,107639,,,17600,7,,False
2012,Honda,CR-V,EX,4,Gasoline,192030,,,9700,14,,False
2012,Honda,Civic Sedan,EX,4,Gasoline,289025,,,3500,14,,False
2020,Honda,Civic Sedan,EX,4,Gasoline,140641,,,10500,6,,False
2020,Honda,Civic Sedan,SPORT,4,Gasoline,128859,,,14200,6,,False
2016,Honda,Pilot,TOURING,6,Gasoline,158283,,,17200,10,,False
2016,Honda,Odyssey,EX,6,Gasoline,257904,,,8800,10,,False
2017,Honda,Civic Sedan,LX,4,Gasoline,129274,,,14600,9,,False
2016,Honda,Accord Sedan,LX,4,Gasoline,147273,,,7600,10,,False
2011,Honda,Odyssey,TOURING,6,Gasoline,224238,,,5800,15,,False
2020,Honda,Accord Sedan,SPORT,4,Gasoline,145093,,,16000,6,,False
2014,Honda,Civic Sedan,EX,4,Gasoline,92637,,,9800,12,,False
2015,Honda,CR-V,no_mention,4,Gasoline,218874,,,9700,11,,False
2018,Honda,CR-V,LX,4,Gasoline,129830,,,14000,8,,False
2024,Honda,HR-V,SPORT,4,Gasoline,33493,,,30500,2,,False
2023,Honda,Pilot,SPORT,6,Gasoline,69983,,,46500,3,,False
2015,Honda,Civic Sedan,LX,4,Gasoline,187282,,,9100,11,,False
2018,Honda,Ridgeline,SPORT,6,Gasoline,121674,,,22000,8,,False
2017,Honda,Civic Sedan,LX,4,Gasoline,81243,,,14400,9,,False
2019,Honda,CR-V,LX,4,Gasoline,207252,,,12500,7,,False
2017,Honda,Pilot,EX,6,Gasoline,296956,,,7200,9,,False
2014,Honda,CR-V,LX,4,Gasoline,178589,,,9400,12,,False
2016,Honda,CR-V,EX,4,Gasoline,309637,,,6300,10,,False
2020,Honda,CR-V,SPORT,4,Gasoline,16126,,,29300,6,,False
2020,Honda,Civic Sedan,EX,4,Gasoline,100527,,,16900,6,,False
2011,Honda,Pilot,TOURING,6,Gasoline,185756,,,5000,15,,False
2018,Honda,HR-V,LX,4,Gasoline,135912,,,13000,8,,False
2015,Honda,Odyssey,EX,6,Gasoline,186680,,,12400,11,,False
2014,Honda,Ridgeline,TOURING,6,Gasoline,46620,,,21900,12,,False
2020,Honda,CR-V,EX,4,Gasoline,54615,,,29100,6,,False
2016,Honda,Pilot,EX,6,Gasoline,155607,,,19300,10,,False
2017,Honda,Odyssey,LX,6,Gasoline,216881,,,5700,9,,False
2017,Honda,CR-V,LX,4,Gasoline,279911,,,9400,9,,False
2019,Honda,CR-V,LX,4,Gasoline,136986,,,18100,7,,False
2020,Honda,Civic Sedan,TOURING,4,Gasoline,55700,,,21900,6,,False
2015,Honda,Odyssey,EX,6,Gasoline,300448,,,4200,11,,False
2016,Honda,Civic Sedan,EX,4,Gasoline,161990,,,9800,10,,False
2015,Honda,Civic Sedan,LX,4,Gasoline,248155,,,5600,11,,False
2021,Honda,CR-V,SPORT,4,Gasoline,120855,,,24300,5,,False
2012,Honda,Civic Sedan,EX,4,Gasoline,334172,,,3100,14,,False
2021,Honda,CR-V,TOURING,4,Gasoline,58963,,,31400,5,,False
2017,Honda,HR-V,EX,4,Gasoline,214089,,,8900,9,,False
2013,Honda,Civic Sedan,LX,4,Gasoline,86216,,,8300,13,,False
2016,Honda,HR-V,EX,4,Gasoline,137706,,,14500,10,,False
2022,Honda,CR-V,no_mention,4,Gasoline,75625,,,30500,4,,False
2013,Honda,Civic Sedan,EX,4,Gasoline,179495,,,3500,13,,False
2014,Honda,CR-V,EX,4,Gasoline,129122,,,11300,12,,False
2023,Honda,Pilot,no_mention,6,Gasoline,41742,,,49400,3,,False
2020,Honda,Odyssey,EX,6,Gasoline,55386,,,35500,6,,False
2016,Honda,Odyssey,EX,6,Gasoline,197095,,,9500,10,,False
2021,Honda,CR-V,LX,4,Gasoline,61870,,,23200,5,,False
2025,Honda,Civic Sedan,SPORT,4,Gasoline,17770,,,30800,1,,False
2018,Honda,Odyssey,EX,6,Gasoline,118367,,,22300,8,,False
2012,Honda,CR-V,EX,4,Gasoline,174596,,,7700,14,,False
2010,Honda,CR-V,LX,4,Gasoline,146440,,,6100,16,,False
2016,Honda,Accord Sedan,TOURING,4,Gasoline,160918,,,15500,10,,False
2013,Honda,Accord Sedan,EX,4,Gasoline,200646,,,7500,13,,False
2018,Honda,CR-V,TOURING,4,Gasoline,92149,,,20000,8,,False
2014,Honda,Odyssey,EX,6,Gasoline,340362,,,3500,12,,False
2014,Honda,Accord Sedan,LX,4,Gasoline,196495,,,8000,12,,False
2010,Honda,Civic Sedan,no_mention,4,Gasoline,153251,,,6500,16,,False
2009,Honda,Odyssey,no_mention,6,Gasoline,206382,,,4800,17,,False
2011,Honda,CR-V,EX,4,Gasoline,231086,,,5000,15,,False
2013,Honda,CR-V,EX,4,Gasoline,295273,,,3600,13,,False
2012,Honda,Odyssey,EX,6,Gasoline,334882,,,4600,14,,False
2018,Honda,Odyssey,LX,6,Gasoline,135744,,,18300,8,,False
2022,Honda,Civic Sedan,EX,4,Gasoline,11450,,,27000,4,,False
2018,Honda,CR-V,EX,4,Gasoline,52889,,,23200,8,,False
2017,Honda,CR-V,EX,4,Gasoline,178169,,,11500,9,,False
2019,Honda,Civic Sedan,LX,4,Gasoline,140345,,,13700,7,,False
2005,Honda,Odyssey,TOURING,6,Gasoline,196711,,,3600,21,,False
2022,Honda,Civic Sedan,LX,4,Gasoline,29729,,,24300,4,,False
2019,Honda,Odyssey,TOURING,6,Gasoline,95000,,,31500,7,,False
2018,Honda,Accord Sedan,SPORT,4,Gasoline,193877,,,7900,8,,False
2023,Honda,CR-V,SPORT,4,Gasoline,72137,,,32700,3,,False
2018,Honda,CR-V,LX,4,Gasoline,134847,,,18000,8,,False
2018,Honda,Civic Sedan,EX,4,Gasoline,271274,,,7600,8,,False
2017,Honda,CR-V,LX,4,Gasoline,173542,,,13400,9,,False
2022,Honda,Civic Sedan,EX,4,Gasoline,97338,,,21600,4,,False
2012,Honda,CR-V,TOURING,4,Gasoline,188905,,,8000,14,,False
2011,Honda,CR-V,EX,4,Gasoline,199687,,,4600,15,,False
2018,Honda,CR-V,TOURING,4,Gasoline,232005,,,10100,8,,False
2018,Honda,CR-V,TOURING,4,Gasoline,27869,,,28100,8,,False
2023,Honda,Odyssey,no_mention,6,Gasoline,40551,,,46100,3,,False
2016,Honda,Odyssey,EX,6,Gasoline,157604,,,12100,10,,False
2015,Honda,Civic Sedan,EX,4,Gasoline,262475,,,5100,11,,False
2015,Honda,Civic Sedan,LX,4,Gasoline,150774,,,8000,11,,False
2017,Honda,Odyssey,no_mention,6,Gasoline,117794,,,18300,9,,False
2019,Honda,HR-V,SPORT,4,Gasoline,181442,,,11200,7,,False
2010,Honda,Odyssey,TOURING,6,Gasoline,229338,,,3300,16,,False
2018,Honda,CR-V,LX,4,Gasoline,215720,,,10700,8,,False
2018,Honda,CR-V,LX,4,Gasoline,147020,,,17200,8,,False
2025,Honda,Pilot,SPORT,6,Gasoline,34315,,,53800,1,,False
2017,Honda,CR-V,EX,4,Gasoline,180238,,,14200,9,,False
2022,Honda,Civic Sedan,LX,4,Gasoline,117300,,,19600,4,,False
2018,Honda,Civic Sedan,LX,4,Gasoline,74815,,,15600,8,,False
2016,Honda,Civic Sedan,TOURING,4,Gasoline,130911,,,13000,10,,False
2023,Honda,HR-V,SPORT,4,Gasoline,56768,,,28100,3,,False
2023,Honda,Accord Sedan,EX,4,Gasoline,18119,,,29800,3,,False
2022,Honda,Civic Sedan,EX,4,Gasoline,45932,,,23000,4,,False
2018,Honda,CR-V,LX,4,Gasoline,232003,,,11100,8,,False
2020,Honda,Accord Sedan,SPORT,4,Gasoline,179304,,,16000,6,,False
2018,Honda,Ridgeline,EX,6,Gasoline,125447,,,27600,8,,False
2012,Honda,Fit,LX,4,Gasoline,162867,,,3600,14,,False
2017,Honda,Civic Sedan,TOURING,4,Gasoline,67371,,,17500,9,,False
2018,Honda,CR-V,LX,4,Gasoline,197529,,,13600,8,,False
2019,Honda,CR-V,TOURING,4,Gasoline,83024,,,24500,7,,False
2021,Honda,CR-V,SPORT,4,Gasoline,105380,,,25800,5,,False
2019,Honda,Accord Sedan,SPORT,4,Gasoline,142085,,,16000,7,,False
2018,Honda,Pilot,TOURING,6,Gasoline,167677,,,17600,8,,False
2019,Honda,Ridgeline,TOURING,6,Gasoline,193605,,,15000,7,,False
2015,Honda,CR-V,LX,4,Gasoline,184913,,,9600,11,,False
2013,Honda,Odyssey,EX,6,Gasoline,222330,,,7100,13,,False
2010,Honda,Civic Sedan,no_mention,4,Gasoline,179192,,,3000,16,,False
2012,Honda,CR-V,LX,4,Gasoline,281955,,,4600,14,,False
2015,Honda,Civic Sedan,TOURING,4,Gasoline,229215,,,8400,11,,False
2011,Honda,CR-V,EX,4,Gasoline,139035,,,9300,15,,False
2018,Honda,Civic Sedan,no_mention,4,Gasoline,126118,,,12400,8,,False
2017,Honda,Fit,EX,4,Gasoline,38647,,,15700,9,,False
2012,Honda,Odyssey,EX,6,Gasoline,209521,,,5700,14,,False
2017,Honda,Accord Sedan,TOURING,6,Gasoline,190969,,,11200,9,,False
2020,Honda,Civic Sedan,LX,4,Gasoline,109449,,,18700,6,,False
2018,Honda,CR-V,EX,4,Gasoline,176868,,,14200,8,,False
2017,Honda,CR-V,LX,4,Gasoline,214592,,,10500,9,,False
2025,Honda,HR-V,LX,4,Gasoline,18420,,,28800,1,,False
2014,Honda,Civic Sedan,LX,4,Gasoline,101233,,,10700,12,,False
2014,Honda,CR-V,LX,4,Gasoline,248269,,,7000,12,,False
2010,Honda,CR-V,LX,4,Gasoline,172982,,,3100,16,,False
2024,Honda,Civic Sedan,EX,4,Gasoline,13427,,,30400,2,,False
2010,Honda,Civic Sedan,EX,4,Gasoline,134732,,,6000,16,,False
2023,Honda,CR-V,SPORT,4,Gasoline,12640,,,36500,3,,False
2017,Honda,CR-V,TOURING,4,Gasoline,114208,,,15000,9,,False
2014,Honda,Odyssey,EX,6,Gasoline,130450,,,9300,12,,False
2018,Honda,Odyssey,LX,6,Gasoline,110922,,,19000,8,,False
2023,Honda,Civic Sedan,LX,4,Gasoline,30649,,,24500,3,,False
2009,Honda,Civic Sedan,no_mention,4,Gasoline,163630,,,6300,17,,False
2015,Honda,Civic Sedan,LX,4,Gasoline,139700,,,8300,11,,False
2019,Honda,CR-V,EX,4,Gasoline,172276,,,14500,7,,False
2022,Honda,CR-V,SPORT,4,Gasoline,47100,,,31500,4,,False
2013,Honda,Civic Sedan,TOURING,4,Gasoline,164085,,,6700,13,,False
2021,Honda,CR-V,LX,4,Gasoline,71602,,,21000,5,,False
2020,Honda,HR-V,LX,4,Gasoline,94947,,,17600,6,,False
2021,Honda,CR-V,SPORT,4,Gasoline,139549,,,22000,5,,False
2019,Honda,Civic Sedan,EX,4,Gasoline,163506,,,12000,7,,False
2016,Honda,Civic Sedan,no_mention,4,Gasoline,126909,,,9500,10,,False
2014,Honda,CR-V,LX,4,Gasoline,219545,,,8000,12,,False
2022,Honda,Odyssey,TOURING,6,Gasoline,70615,,,35600,4,,False
2018,Honda,CR-V,EX,4,Gasoline,141908,,,14200,8,,False
2018,Honda,CR-V,TOURING,4,Gasoline,148994,,,15000,8,,False
2020,Honda,Civic Sedan,TOURING,4,Gasoline,112600,,,19700,6,,False
2023,Honda,CR-V,EX,4,Gasoline,26726,,,37300,3,,False
2020,Honda,CR-V,no_mention,4,Gasoline,95149,,,23300,6,,False
2022,Honda,Civic Sedan,LX,4,Gasoline,16960,,,25100,4,,False
2015,Honda,CR-V,EX,4,Gasoline,111375,,,15500,11,,False
2022,Honda,CR-V,SPORT,4,Gasoline,70929,,,27100,4,,False
2021,Honda,CR-V,SPORT,4,Gasoline,59843,,,27500,5,,False
2021,Honda,CR-V,LX,4,Gasoline,67878,,,25000,5,,False
2020,Honda,HR-V,SPORT,4,Gasoline,42593,,,24000,6,,False
2023,Honda,Civic Sedan,no_mention,4,Gasoline,52150,,,27900,3,,False
2012,Honda,CR-V,TOURING,4,Gasoline,331348,,,3500,14,,False
2019,Honda,Accord Sedan,TOURING,4,Gasoline,133500,,,18100,7,,False
2015,Honda,Odyssey,EX,6,Gasoline,183000,,,13000,11,,False
2016,Honda,Civic Sedan,LX,4,Gasoline,252354,,,8000,10,,False
2018,Honda,Civic Sedan,no_mention,4,Gasoline,167208,,,10700,8,,False
2016,Honda,Fit,LX,4,Gasoline,182865,,,8500,10,,False
2018,Honda,Accord Sedan,SPORT,4,Gasoline,191500,,,10700,8,,False
2016,Honda,Civic Sedan,EX,4,Gasoline,200276,,,9700,10,,False
2013,Honda,Civic Sedan,EX,4,Gasoline,118448,,,7600,13,,False
2018,Honda,Civic Sedan,LX,4,Gasoline,98662,,,14000,8,,False
2015,Honda,Odyssey,EX,6,Gasoline,340366,,,3900,11,,False
2012,Honda,Civic Sedan,EX,4,Gasoline,302815,,,3300,14,,False
2023,Honda,Pilot,SPORT,6,Gasoline,43142,,,49000,3,,False
2021,Honda,CR-V,SPORT,4,Gasoline,59950,,,29000,5,,False
2021,Honda,CR-V,LX,4,Gasoline,120168,,,20500,5,,False
2009,Honda,Civic Sedan,no_mention,4,Gasoline,93220,,,6900,17,,False
2017,Honda,Accord Sedan,TOURING,4,Gasoline,235286,,,9000,9,,False
2020,Honda,Civic Sedan,LX,4,Gasoline,173730,,,9800,6,,False
2012,Honda,CR-V,EX,4,Gasoline,201483,,,3600,14,,False
2024,Honda,Odyssey,no_mention,6,Gasoline,43078,,,48400,2,,False
2019,Honda,CR-V,EX,4,Gasoline,124550,,,21200,7,,False
2012,Honda,Civic Sedan,LX,4,Gasoline,199537,,,3800,14,,False
2021,Honda,Civic Sedan,EX,4,Gasoline,64000,,,23200,5,,False
2015,Honda,Pilot,EX,6,Gasoline,159601,,,12500,11,,False
2017,Honda,CR-V,LX,4,Gasoline,186648,,,10300,9,,False
2014,Honda,Civic Sedan,LX,4,Gasoline,206591,,,5000,12,,False
2013,Honda,Accord Sedan,EX,6,Gasoline,192315,,,6000,13,,False
2020,Honda,Civic Sedan,EX,4,Gasoline,35394,,,21600,6,,False
2012,Honda,Odyssey,TOURING,6,Gasoline,244016,,,5100,14,,False
2019,Honda,Civic Sedan,LX,4,Gasoline,129845,,,13800,7,,False
2021,Honda,CR-V,LX,4,Gasoline,51046,,,25500,5,,False
2012,Honda,CR-V,LX,4,Gasoline,191675,,,7500,14,,False
2016,Honda,Fit,LX,4,Gasoline,121277,,,10800,10,,False
2012,Honda,Civic Sedan,LX,4,Gasoline,135805,,,6200,14,,False
2017,Honda,HR-V,EX,4,Gasoline,130317,,,15100,9,,False
2020,Honda,Civic Sedan,LX,4,Gasoline,88309,,,18700,6,,False
2020,Honda,CR-V,LX,4,Gasoline,85373,,,23500,6,,False
2017,Honda,Civic Sedan,LX,4,Gasoline,132985,,,11300,9,,False
2019,Honda,Odyssey,EX,6,Gasoline,75704,,,28000,7,,False
2016,Honda,HR-V,EX,4,Gasoline,183448,,,9200,10,,False
2023,Honda,CR-V,SPORT,4,Gasoline,60685,,,34500,3,,False
2018,Honda,CR-V,EX,4,Gasoline,103340,,,20000,8,,False
2015,Honda,CR-V,no_mention,4,Gasoline,323803,,,4600,11,,False
2017,Honda,HR-V,EX,4,Gasoline,138308,,,12400,9,,False
2024,Honda,HR-V,LX,4,Gasoline,21887,,,26400,2,,False
2018,Honda,Civic Sedan,EX,4,Gasoline,240606,,,8600,8,,False
2019,Honda,CR-V,EX,4,Gasoline,163036,,,14900,7,,False
2018,Honda,CR-V,TOURING,4,Gasoline,53574,,,27500,8,,False
2016,Honda,Odyssey,no_mention,6,Gasoline,144327,,,13500,10,,False
2019,Honda,Pilot,EX,6,Gasoline,120972,,,24000,7,,False
2014,Honda,Civic Sedan,EX,4,Gasoline,143170,,,9500,12,,False
2018,Honda,Civic Sedan,TOURING,4,Gasoline,99577,,,17900,8,,False
2019,Honda,Pilot,TOURING,6,Gasoline,124192,,,24700,7,,False
2017,Honda,CR-V,TOURING,4,Gasoline,176406,,,8100,9,,False
2019,Honda,Civic Sedan,EX,4,Gasoline,76511,,,20400,7,,False
2020,Honda,CR-V,TOURING,4,Gasoline,61032,,,28900,6,,False
2012,Honda,Civic Sedan,LX,4,Gasoline,202355,,,4900,14,,False
2015,Honda,Accord Sedan,TOURING,4,Gasoline,209635,,,10500,11,,False
2018,Honda,Civic Sedan,LX,4,Gasoline,93000,,,13900,8,,False
2011,Honda,Civic Sedan,no_mention,4,Gasoline,166573,,,5100,15,,False
2015,Honda,Accord Sedan,TOURING,6,Gasoline,118394,,,12200,11,,False
2016,Honda,Accord Sedan,EX,4,Gasoline,152363,,,14300,10,,False
2011,Honda,Odyssey,TOURING,6,Gasoline,216934,,,6800,15,,False
2025,Honda,HR-V,SPORT,4,Gasoline,18773,,,32100,1,,False
2017,Honda,Fit,no_mention,4,Gasoline,167878,,,8800,9,,False
2018,Honda,Civic Sedan,no_mention,4,Gasoline,90741,,,16100,8,,False
2011,Honda,Odyssey,EX,6,Gasoline,169766,,,3000,15,,False
2018,Honda,Odyssey,no_mention,6,Gasoline,139619,,,23000,8,,False
2022,Honda,Odyssey,EX,6,Gasoline,56120,,,41300,4,,False
2011,Honda,Civic Sedan,no_mention,4,Gasoline,193199,,,6000,15,,False
2016,Honda,Odyssey,EX,6,Gasoline,128216,,,15500,10,,False
2016,Honda,Pilot,EX,6,Gasoline,174350,,,14200,10,,False
2017,Honda,Civic Sedan,LX,4,Gasoline,101967,,,14000,9,,False
2015,Honda,Civic Sedan,LX,4,Gasoline,118810,,,9000,11,,False
2022,Honda,CR-V,no_mention,4,Gasoline,81462,,,31500,4,,False
2017,Honda,CR-V,EX,4,Gasoline,234593,,,8200,9,,False
2017,Honda,CR-V,EX,4,Gasoline,140277,,,16500,9,,False
2020,Honda,Fit,LX,4,Gasoline,88491,,,20000,6,,False
2016,Honda,Civic Sedan,TOURING,4,Gasoline,198748,,,9300,10,,False
2012,Honda,Civic Sedan,LX,4,Gasoline,140525,,,6300,14,,False
2017,Honda,CR-V,TOURING,4,Gasoline,159322,,,15700,9,,False
2008,Honda,Civic Sedan,no_mention,4,Gasoline,131929,,,5100,18,,False
2012,Honda,CR-V,EX,4,Gasoline,214367,,,9200,14,,False
2023,Honda,Pilot,TOURING,6,Gasoline,44916,,,49700,3,,False
2020,Honda,Civic Sedan,EX,4,Gasoline,52702,,,21300,6,,False
2017,Honda,CR-V,LX,4,Gasoline,187002,,,12200,9,,False
2020,Honda,Pilot,EX,6,Gasoline,87548,,,32000,6,,False
2017,Honda,CR-V,TOURING,4,Gasoline,260581,,,7300,9,,False
2012,Honda,CR-V,EX,4,Gasoline,381562,,,3600,14,,False
2022,Honda,CR-V,LX,4,Gasoline,39040,,,26600,4,,False
2019,Honda,Civic Sedan,LX,4,Gasoline,152361,,,4800,7,,False
2024,Honda,HR-V,LX,4,Gasoline,35306,,,26600,2,,False
2015,Honda,Civic Sedan,LX,4,Gasoline,162612,,,9000,11,,False
2016,Honda,Odyssey,EX,6,Gasoline,148803,,,10100,10,,False
2011,Honda,Civic Sedan,no_mention,4,Gasoline,251659,,,3400,15,,False
2017,Honda,CR-V,EX,4,Gasoline,255779,,,7100,9,,False
2017,Honda,CR-V,TOURING,4,Gasoline,105520,,,20300,9,,False
2016,Honda,Accord Sedan,TOURING,6,Gasoline,391571,,,8600,10,,False
2017,Honda,CR-V,EX,4,Gasoline,159869,,,11600,9,,False
2023,Honda,Civic Sedan,SPORT,4,Gasoline,46260,,,27400,3,,False
2015,Honda,Odyssey,TOURING,6,Gasoline,181375,,,14200,11,,False
2019,Honda,Civic Sedan,TOURING,4,Gasoline,224613,,,11100,7,,False
2022,Honda,CR-V,SPORT,4,Gasoline,84262,,,28900,4,,False
2014,Honda,CR-V,EX,4,Gasoline,194436,,,8500,12,,False
2012,Honda,CR-V,LX,4,Gasoline,278660,,,4200,14,,False
2023,Honda,Accord Sedan,EX,4,Gasoline,11784,,,30900,3,,False
2014,Honda,CR-V,LX,4,Gasoline,242573,,,4500,12,,False
2023,Honda,HR-V,EX,4,Gasoline,28073,,,30000,3,,False
2018,Honda,CR-V,LX,4,Gasoline,153379,,,11500,8,,False
2016,Honda,Fit,EX,4,Gasoline,64813,,,14700,10,,False
2014,Honda,Pilot,TOURING,6,Gasoline,194961,,,9300,12,,False
2013,Honda,Civic Sedan,EX,4,Gasoline,203503,,,4200,13,,False
2021,Honda,HR-V,SPORT,4,Gasoline,66102,,,25000,5,,False
2015,Honda,Civic Sedan,EX,4,Gasoline,270946,,,4000,11,,False
2020,Honda,Civic Sedan,LX,4,Gasoline,80979,,,15800,6,,False
2018,Honda,CR-V,TOURING,4,Gasoline,207468,,,13000,8,,False
2014,Honda,Odyssey,LX,6,Gasoline,301905,,,3800,12,,False
2020,Honda,Civic Sedan,EX,4,Gasoline,66394,,,21000,6,,False
2015,Honda,CR-V,EX,4,Gasoline,163639,,,9100,11,,False
2013,Honda,Civic Sedan,EX,4,Gasoline,145813,,,5400,13,,False
2016,Honda,Civic Sedan,LX,4,Gasoline,154603,,,12000,10,,False
2012,Honda,Civic Sedan,LX,4,Gasoline,143176,,,4100,14,,False
2018,Honda,CR-V,EX,4,Gasoline,153999,,,15200,8,,False
2019,Honda,CR-V,TOURING,4,Gasoline,100927,,,25000,7,,False
2016,Honda,Pilot,EX,6,Gasoline,195565,,,12000,10,,False
2016,Honda,Pilot,TOURING,6,Gasoline,203321,,,14600,10,,False
2022,Honda,Civic Sedan,SPORT,4,Gasoline,79388,,,22300,4,,False
2017,Honda,CR-V,EX,4,Gasoline,194373,,,11000,9,,False
2010,Honda,Accord Sedan,EX,4,Gasoline,205519,,,4700,16,,False
2010,Honda,Pilot,EX,6,Gasoline,187953,,,8600,16,,False
2013,Honda,CR-V,LX,4,Gasoline,283817,,,6000,13,,False
2017,Honda,Civic Sedan,TOURING,4,Gasoline,87631,,,19500,9,,False
2024,Honda,Ridgeline,no_mention,6,Gasoline,25339,,,49500,2,,False
2016,Honda,Pilot,EX,6,Gasoline,143303,,,16400,10,,False
2021,Honda,CR-V,LX,4,Gasoline,55305,,,28600,5,,False
2018,Honda,CR-V,LX,4,Gasoline,231850,,,11100,8,,False
2016,Honda,HR-V,EX,4,Gasoline,228894,,,7000,10,,False
2025,Honda,Odyssey,TOURING,6,Gasoline,20676,,,54300,1,,False
2022,Honda,Civic Sedan,EX,4,Gasoline,47692,,,25300,4,,False
2017,Honda,CR-V,LX,4,Gasoline,274400,,,9100,9,,False
2023,Honda,Civic Sedan,no_mention,4,Gasoline,26262,,,27000,3,,False
2021,Honda,CR-V,no_mention,4,Gasoline,83350,,,30000,5,,False
2018,Honda,Civic Sedan,LX,4,Gasoline,177358,,,11300,8,,False
2016,Honda,HR-V,EX,4,Gasoline,145133,,,13600,10,,False
2019,Honda,Civic Sedan,LX,4,Gasoline,91652,,,15800,7,,False
2020,Honda,HR-V,LX,4,Gasoline,77328,,,16500,6,,False
2012,Honda,Civic Sedan,EX,4,Gasoline,202700,,,4400,14,,False
2020,Honda,Civic Sedan,LX,4,Gasoline,15500,,,20800,6,,False
2020,Honda,Fit,EX,4,Gasoline,12702,,,18000,6,,False
2018,Honda,Civic Sedan,LX,4,Gasoline,68533,,,17900,8,,False
2024,Honda,HR-V,SPORT,4,Gasoline,28850,,,30800,2,,False
2024,Honda,Pilot,TOURING,6,Gasoline,38486,,,53000,2,,False
2014,Honda,Civic Sedan,TOURING,4,Gasoline,256400,,,5800,12,,False
2013,Honda,Accord Sedan,EX,4,Gasoline,248809,,,4800,13,,False
2010,Honda,CR-V,LX,4,Gasoline,183828,,,5700,16,,False
2019,Honda,Odyssey,EX,6,Gasoline,150470,,,21300,7,,False
2013,Honda,Odyssey,LX,6,Gasoline,300291,,,3500,13,,False
2023,Honda,CR-V,no_mention,4,Gasoline,43791,,,35000,3,,False
2017,Honda,Civic Sedan,LX,4,Gasoline,223423,,,7700,9,,False
2024,Honda,CR-V,SPORT,4,Gasoline,59835,,,31500,2,,False
2024,Honda,Civic Sedan,SPORT,4,Gasoline,64837,,,25500,2,,False
2019,Honda,Ridgeline,TOURING,6,Gasoline,140853,,,23000,7,,False
2020,Honda,CR-V,TOURING,4,Gasoline,95931,,,29700,6,,False
2021,Honda,Civic Sedan,LX,4,Gasoline,70009,,,19600,5,,False
2020,Honda,HR-V,SPORT,4,Gasoline,87120,,,25100,6,,False
2018,Honda,Pilot,TOURING,6,Gasoline,84760,,,26600,8,,False
2017,Honda,CR-V,TOURING,4,Gasoline,203446,,,13100,9,,False
2020,Honda,CR-V,SPORT,4,Gasoline,121069,,,22100,6,,False
2015,Honda,Civic Sedan,TOURING,4,Gasoline,207375,,,7500,11,,False
2007,Honda,Odyssey,EX,6,Gasoline,136910,,,4100,19,,False
2004,Honda,Civic Sedan,no_mention,4,Gasoline,159607,,,3900,22,,False
2021,Honda,Pilot,TOURING,6,Gasoline,83300,,,35500,5,,False
2015,Honda,Fit,LX,4,Gasoline,275000,,,4300,11,,False
2015,Honda,Civic Sedan,LX,4,Gasoline,127477,,,9100,11,,False
2013,Honda,Fit,LX,4,Gasoline,112916,,,6200,13,,False
2013,Honda,CR-V,EX,4,Gasoline,130942,,,11800,13,,False
2020,Honda,Civic Sedan,SPORT,4,Gasoline,52432,,,21000,6,,False
2020,Honda,CR-V,LX,4,Gasoline,88581,,,21500,6,,False
2017,Honda,CR-V,EX,4,Gasoline,202903,,,14000,9,,False
2016,Honda,Accord Sedan,TOURING,4,Gasoline,254102,,,8500,10,,False
2006,Honda,Ridgeline,EX,6,Gasoline,305068,,,3300,20,,False
2020,Honda,CR-V,SPORT,4,Gasoline,67134,,,27000,6,,False
2017,Honda,CR-V,TOURING,4,Gasoline,139410,,,14100,9,,False
2010,Honda,Civic Sedan,SPORT,4,Gasoline,154771,,,5800,16,,False
2015,Honda,Odyssey,EX,6,Gasoline,177009,,,11800,11,,False
2016,Honda,Civic Sedan,EX,4,Gasoline,139469,,,13000,10,,False
2023,Honda,CR-V,LX,4,Gasoline,75541,,,28700,3,,False
2018,Honda,HR-V,LX,4,Gasoline,137146,,,12900,8,,False
2016,Honda,HR-V,EX,4,Gasoline,107481,,,14100,10,,False
2016,Honda,HR-V,LX,4,Gasoline,195348,,,9100,10,,False
2019,Honda,CR-V,LX,4,Gasoline,95454,,,18300,7,,False
2020,Honda,Odyssey,TOURING,6,Gasoline,117053,,,32200,6,,False
2013,Honda,Accord Sedan,EX,4,Gasoline,246389,,,4900,13,,False
2023,Honda,Civic Sedan,TOURING,4,Gasoline,55022,,,28900,3,,False
2023,Honda,Pilot,TOURING,6,Gasoline,94316,,,45000,3,,False
2018,Honda,Ridgeline,EX,6,Gasoline,146623,,,22800,8,,False
2015,Honda,CR-V,EX,4,Gasoline,272818,,,5000,11,,False
2024,Honda,Civic Sedan,SPORT,4,Gasoline,13000,,,30500,2,,False
2016,Honda,Pilot,EX,6,Gasoline,189941,,,13900,10,,False
2014,Honda,Odyssey,no_mention,6,Gasoline,154975,,,10200,12,,False
2024,Honda,Civic Sedan,SPORT,4,Gasoline,26659,,,29700,2,,False
2021,Honda,CR-V,TOURING,4,Gasoline,73275,,,32000,5,,False
2020,Honda,Fit,SPORT,4,Gasoline,52125,,,22500,6,,False
2009,Honda,Accord Sedan,EX,4,Gasoline,124604,,,5900,17,,False
2012,Honda,Pilot,EX,6,Gasoline,157563,,,7100,14,,False
2020,Honda,CR-V,SPORT,4,Gasoline,51253,,,28100,6,,False
2010,Honda,Civic Sedan,no_mention,4,Gasoline,116246,,,4300,16,,False
2024,Honda,CR-V,SPORT,4,Gasoline,35710,,,36000,2,,False
2018,Honda,Civic Sedan,LX,4,Gasoline,114388,,,13300,8,,False
2012,Honda,CR-V,EX,4,Gasoline,189446,,,7800,14,,False
2014,Honda,Accord Sedan,TOURING,6,Gasoline,187876,,,6100,12,,False
2015,Honda,Civic Sedan,EX,4,Gasoline,196028,,,6700,11,,False
2019,Honda,CR-V,EX,4,Gasoline,140766,,,19000,7,,False
2015,Honda,Civic Sedan,TOURING,4,Gasoline,154609,,,9400,11,,False
2012,Honda,CR-V,TOURING,4,Gasoline,211748,,,9500,14,,False
2014,Honda,Civic Sedan,TOURING,4,Gasoline,293326,,,4000,12,,False
2020,Honda,Accord Sedan,TOURING,4,Gasoline,66150,,,28500,6,,False
2018,Honda,Odyssey,TOURING,6,Gasoline,134336,,,24000,8,,False
2012,Honda,CR-V,LX,4,Gasoline,281907,,,3500,14,,False
2014,Honda,Accord Sedan,EX,4,Gasoline,249575,,,5700,12,,False
2017,Honda,HR-V,LX,4,Gasoline,138662,,,10200,9,,False
2016,Honda,Odyssey,EX,6,Gasoline,265395,,,6100,10,,False
2012,Honda,Civic Sedan,EX,4,Gasoline,297046,,,3600,14,,False
2012,Honda,Odyssey,TOURING,6,Gasoline,214674,,,6900,14,,False
2018,Honda,Pilot,TOURING,6,Gasoline,201042,,,13800,8,,False
2014,Honda,CR-V,LX,4,Gasoline,212412,,,4900,12,,False
2021,Honda,CR-V,SPORT,4,Gasoline,73535,,,27900,5,,False
2020,Honda,Pilot,TOURING,6,Gasoline,98682,,,31400,6,,False
2021,Honda,Ridgeline,EX,6,Gasoline,69700,,,35400,5,,False
2018,Honda,Accord Sedan,SPORT,4,Gasoline,175811,,,16000,8,,False
2020,Honda,CR-V,EX,4,Gasoline,39344,,,30400,6,,False
2021,Honda,CR-V,LX,4,Gasoline,123133,,,20700,5,,False
2018,Honda,Odyssey,no_mention,6,Gasoline,246990,,,9400,8,,False
2020,Honda,CR-V,EX,4,Gasoline,116130,,,24900,6,,False
2018,Honda,CR-V,LX,4,Gasoline,133367,,,16800,8,,False
2019,Honda,Accord Sedan,LX,4,Gasoline,118700,,,18400,7,,False
2019,Honda,Odyssey,EX,6,Gasoline,125738,,,27100,7,,False
2022,Honda,Civic Sedan,EX,4,Gasoline,42988,,,25800,4,,False
2016,Honda,HR-V,EX,4,Gasoline,146082,,,9100,10,,False
2014,Honda,CR-V,EX,4,Gasoline,277875,,,4200,12,,False
2022,Honda,Civic Sedan,EX,4,Gasoline,46378,,,25000,4,,False
2020,Honda,Accord Sedan,EX,4,Gasoline,119691,,,18500,6,,False
2015,Honda,CR-V,EX,4,Gasoline,268689,,,7500,11,,False
2019,Honda,CR-V,TOURING,4,Gasoline,66360,,,27400,7,,False
2015,Honda,CR-V,LX,4,Gasoline,64800,,,14200,11,,False
2019,Honda,Pilot,LX,6,Gasoline,141086,,,26100,7,,False
2011,Honda,CR-V,EX,4,Gasoline,319375,,,3000,15,,False
2020,Honda,Civic Sedan,LX,4,Gasoline,43444,,,21500,6,,False
2018,Honda,Odyssey,no_mention,6,Gasoline,117521,,,23000,8,,False
2007,Honda,CR-V,EX,4,Gasoline,235425,,,5100,19,,False
2018,Honda,Civic Sedan,EX,4,Gasoline,99145,,,17200,8,,False
2009,Honda,CR-V,EX,4,Gasoline,188043,,,9100,17,,False
2009,Honda,Odyssey,EX,6,Gasoline,119552,,,7900,17,,False
2023,Honda,Ridgeline,EX,6,Gasoline,24782,,,42200,3,,False
2016,Honda,Pilot,TOURING,6,Gasoline,218894,,,15100,10,,False
2020,Honda,CR-V,TOURING,4,Gasoline,49000,,,31300,6,,False
2018,Honda,Civic Sedan,LX,4,Gasoline,243263,,,10700,8,,False
2016,Honda,Civic Sedan,EX,4,Gasoline,130085,,,13900,10,,False
2013,Honda,Civic Sedan,no_mention,4,Gasoline,159156,,,10600,13,,False
2021,Honda,CR-V,EX,4,Gasoline,39995,,,31500,5,,False
2024,Honda,Pilot,TOURING,6,Gasoline,18140,,,54800,2,,False
2018,Honda,Pilot,EX,6,Gasoline,285417,,,8900,8,,False
2017,Honda,Civic Sedan,LX,4,Gasoline,178594,,,8200,9,,False
2025,Honda,CR-V,LX,4,Gasoline,26300,,,33500,1,,False
2017,Honda,Odyssey,EX,6,Gasoline,84068,,,22000,9,,False
2021,Honda,CR-V,no_mention,4,Gasoline,37185,,,34200,5,,False
2013,Honda,Civic Sedan,LX,4,Gasoline,104097,,,5500,13,,False
2018,Honda,CR-V,LX,4,Gasoline,184879,,,11000,8,,False
2005,Honda,Civic Sedan,no_mention,4,Gasoline,143264,,,4500,21,,False
2017,Honda,Pilot,TOURING,6,Gasoline,190106,,,13700,9,,False
2008,Honda,Civic Sedan,LX,4,Gasoline,135865,,,3500,18,,False
2015,Honda,Civic Sedan,LX,4,Gasoline,255781,,,5700,11,,False
2019,Honda,HR-V,SPORT,4,Gasoline,24451,,,25400,7,,False
2021,Honda,CR-V,SPORT,4,Gasoline,95769,,,26400,5,,False
2023,Honda,Civic Sedan,no_mention,4,Gasoline,27913,,,22600,3,,False
2021,Honda,CR-V,no_mention,4,Gasoline,184195,,,21000,5,,False
2022,Honda,HR-V,SPORT,4,Gasoline,76800,,,23500,4,,False
2014,Honda,Ridgeline,TOURING,6,Gasoline,232769,,,6000,12,,False
2023,Honda,Pilot,no_mention,6,Gasoline,61729,,,51900,3,,False
2020,Honda,Civic Sedan,LX,4,Gasoline,83092,,,18400,6,,False
2018,Honda,Accord Sedan,TOURING,4,Gasoline,136337,,,18700,8,,False
2016,Honda,Civic Sedan,LX,4,Gasoline,155397,,,9900,10,,False
2014,Honda,Accord Sedan,TOURING,6,Gasoline,198301,,,6300,12,,False
2019,Honda,Civic Sedan,LX,4,Gasoline,99587,,,4700,7,,False
2018,Honda,CR-V,LX,4,Gasoline,175786,,,9300,8,,False
2022,Honda,Accord Sedan,EX,4,Gasoline,25700,,,31000,4,,False
2008,Honda,Civic Sedan,no_mention,4,Gasoline,146689,,,5000,18,,False
2016,Honda,CR-V,EX,4,Gasoline,148551,,,12800,10,,False
2022,Honda,CR-V,SPORT,4,Gasoline,58967,,,30000,4,,False
2024,Honda,CR-V,SPORT,4,Gasoline,38717,,,30700,2,,False
2021,Honda,CR-V,TOURING,4,Gasoline,72776,,,29600,5,,False
2022,Honda,Civic Sedan,SPORT,4,Gasoline,58000,,,27000,4,,False
2014,Honda,Accord Sedan,SPORT,4,Gasoline,163684,,,7700,12,,False
2019,Honda,CR-V,EX,4,Gasoline,69987,,,24900,7,,False
2022,Honda,Accord Sedan,SPORT,4,Gasoline,97900,,,27100,4,,False
2015,Honda,Civic Sedan,EX,4,Gasoline,264308,,,6400,11,,False
2019,Honda,Civic Sedan,LX,4,Gasoline,141910,,,16500,7,,False
2016,Honda,Civic Sedan,LX,4,Gasoline,230166,,,7500,10,,False
2017,Honda,Civic Sedan,LX,4,Gasoline,97659,,,13700,9,,False
2007,Honda,Civic Sedan,LX,4,Gasoline,143407,,,3300,19,,False
2020,Honda,Civic Sedan,LX,4,Gasoline,120660,,,16500,6,,False
2020,Honda,Civic Sedan,SPORT,4,Gasoline,42470,,,22700,6,,False
2011,Honda,CR-V,LX,4,Gasoline,235120,,,3700,15,,False
2018,Honda,CR-V,LX,4,Gasoline,62476,,,21200,8,,False
2021,Honda,Accord Sedan,no_mention,4,Gasoline,55654,,,25500,5,,False
2013,Honda,Civic Sedan,EX,4,Gasoline,214688,,,6700,13,,False
2014,Honda,Accord Sedan,TOURING,4,Gasoline,212834,,,7100,12,,False
2023,Honda,Pilot,no_mention,6,Gasoline,61329,,,52000,3,,False
2017,Honda,CR-V,EX,4,Gasoline,159825,,,15400,9,,False
2018,Honda,Accord Sedan,SPORT,4,Gasoline,265212,,,10000,8,,False
2015,Honda,Civic Sedan,EX,4,Gasoline,61127,,,12200,11,,False
2018,Honda,CR-V,LX,4,Gasoline,45400,,,23300,8,,False
2022,Honda,Civic Sedan,TOURING,4,Gasoline,34813,,,28300,4,,False
2020,Honda,Civic Sedan,TOURING,4,Gasoline,141190,,,14900,6,,False
2014,Honda,CR-V,EX,4,Gasoline,260347,,,3500,12,,False
2016,Honda,Civic Sedan,EX,4,Gasoline,209187,,,8200,10,,False
2022,Honda,Odyssey,EX,6,Gasoline,91925,,,21300,4,,False
2008,Honda,Civic Sedan,no_mention,4,Gasoline,141135,,,5700,18,,False
2020,Honda,Civic Sedan,EX,4,Gasoline,157050,,,12800,6,,False
2022,Honda,Odyssey,EX,6,Gasoline,249056,,,18700,4,,False
2018,Honda,CR-V,EX,4,Gasoline,156438,,,14000,8,,False
2012,Honda,Civic Sedan,EX,4,Gasoline,241295,,,3000,14,,False
2023,Honda,Odyssey,TOURING,6,Gasoline,47551,,,47400,3,,False
2018,Honda,Odyssey,TOURING,6,Gasoline,172874,,,19700,8,,False
2016,Honda,Civic Sedan,LX,4,Gasoline,53479,,,12900,10,,False
2014,Honda,Accord Sedan,EX,4,Gasoline,167462,,,9300,12,,False
2015,Honda,CR-V,EX,4,Gasoline,222500,,,8600,11,,False
2013,Honda,Civic Sedan,LX,4,Gasoline,141402,,,7200,13,,False
2013,Honda,CR-V,EX,4,Gasoline,294650,,,5900,13,,False
2016,Honda,Accord Sedan,TOURING,4,Gasoline,61531,,,20700,10,,False
2018,Honda,CR-V,TOURING,4,Gasoline,228513,,,13100,8,,False
2022,Honda,Civic Sedan,EX,4,Gasoline,137709,,,18500,4,,False
2016,Honda,Odyssey,TOURING,6,Gasoline,105124,,,18800,10,,False
2017,Honda,CR-V,LX,4,Gasoline,204000,,,10500,9,,False
2023,Honda,HR-V,LX,4,Gasoline,53109,,,25500,3,,False
2012,Honda,Odyssey,EX,6,Gasoline,180853,,,5900,14,,False
2016,Honda,Odyssey,EX,6,Gasoline,149817,,,20000,10,,False
2016,Honda,Civic Sedan,EX,4,Gasoline,150527,,,11700,10,,False
2018,Honda,CR-V,TOURING,4,Gasoline,223406,,,11700,8,,False
2020,Honda,Ridgeline,EX,6,Gasoline,218425,,,14200,6,,False
2013,Honda,CR-V,TOURING,4,Gasoline,124658,,,11700,13,,False
2012,Honda,Accord Sedan,EX,6,Gasoline,140601,,,8600,14,,False
2009,Honda,Civic Sedan,SPORT,4,Gasoline,211902,,,3300,17,,False
2023,Honda,Civic Sedan,TOURING,4,Gasoline,54978,,,27700,3,,False
2020,Honda,Civic Sedan,TOURING,4,Gasoline,318000,,,7300,6,,False
2013,Honda,Civic Sedan,LX,4,Gasoline,141257,,,7300,13,,False
2012,Honda,CR-V,LX,4,Gasoline,264638,,,4000,14,,False
2018,Honda,CR-V,TOURING,4,Gasoline,124405,,,22000,8,,False
2020,Honda,Pilot,no_mention,6,Gasoline,298300,,,12000,6,,False
2012,Honda,Pilot,EX,6,Gasoline,210944,,,8500,14,,False
2010,Honda,CR-V,EX,4,Gasoline,225087,,,6600,16,,False
2018,Honda,Odyssey,EX,6,Gasoline,191266,,,15200,8,,False
2017,Honda,Pilot,EX,6,Gasoline,81579,,,20000,9,,False
2014,Honda,CR-V,EX,4,Gasoline,186295,,,8200,12,,False
2009,Honda,Civic Sedan,EX,4,Gasoline,226597,,,3700,17,,False
2013,Honda,CR-V,EX,4,Gasoline,230819,,,6800,13,,False
2019,Honda,CR-V,TOURING,4,Gasoline,84485,,,23500,7,,False
2025,Honda,CR-V,SPORT,4,Gasoline,13268,,,39100,1,,False
2013,Honda,Civic Sedan,LX,4,Gasoline,86197,,,9500,13,,False
2021,Honda,CR-V,LX,4,Gasoline,127563,,,20200,5,,False
2019,Honda,CR-V,TOURING,4,Gasoline,124319,,,21500,7,,False
2018,Honda,CR-V,EX,4,Gasoline,220251,,,10100,8,,False
2019,Honda,CR-V,EX,4,Gasoline,50403,,,26000,7,,False
2014,Honda,CR-V,EX,4,Gasoline,135219,,,11000,12,,False
2013,Honda,Accord Sedan,TOURING,4,Gasoline,194898,,,5800,13,,False
2013,Honda,CR-V,LX,4,Gasoline,148863,,,5700,13,,False
2015,Honda,Civic Sedan,EX,4,Gasoline,172600,,,8800,11,,False
2018,Honda,Civic Sedan,no_mention,4,Gasoline,106894,,,11600,8,,False
2019,Honda,Odyssey,no_mention,6,Gasoline,109117,,,25000,7,,False
2023,Honda,CR-V,no_mention,4,Gasoline,119376,,,25200,3,,False
2020,Honda,Civic Sedan,TOURING,4,Gasoline,200858,,,11600,6,,False
2017,Honda,Pilot,TOURING,6,Gasoline,61050,,,27000,9,,False
2022,Honda,Civic Sedan,LX,4,Gasoline,131924,,,19300,4,,False
2023,Honda,CR-V,SPORT,4,Gasoline,12635,,,38500,3,,False
2015,Honda,CR-V,EX,4,Gasoline,255262,,,3400,11,,False
2010,Honda,CR-V,EX,4,Gasoline,205361,,,3700,16,,False
2014,Honda,Civic Sedan,LX,4,Gasoline,176361,,,8300,12,,False
2017,Honda,CR-V,EX,4,Gasoline,218808,,,7900,9,,False
2013,Honda,Accord Sedan,EX,4,Gasoline,181777,,,6800,13,,False
2016,Honda,Civic Sedan,LX,4,Gasoline,182576,,,7500,10,,False
2023,Honda,HR-V,LX,4,Gasoline,47462,,,27100,3,,False
2015,Honda,Civic Sedan,EX,4,Gasoline,229429,,,6800,11,,False
2024,Honda,CR-V,SPORT,4,Gasoline,22850,,,37000,2,,False
2025,Honda,CR-V,SPORT,4,Gasoline,15950,,,39600,1,,False
2021,Honda,Civic Sedan,LX,4,Gasoline,86031,,,20000,5,,False
2025,Honda,CR-V,SPORT,4,Gasoline,15800,,,40000,1,,False
2017,Honda,Accord Sedan,SPORT,4,Gasoline,170162,,,13600,9,,False
2011,Honda,Civic Sedan,LX,4,Gasoline,142580,,,4200,15,,False
2018,Honda,Pilot,TOURING,6,Gasoline,193115,,,11500,8,,False
2022,Honda,Pilot,no_mention,6,Gasoline,96786,,,37100,4,,False
2005,Honda,Civic Sedan,LX,4,Gasoline,76735,,,3000,21,,False
2006,Honda,Pilot,EX,6,Gasoline,122103,,,4100,20,,False
2018,Honda,CR-V,LX,4,Gasoline,141743,,,13200,8,,False
2017,Honda,CR-V,TOURING,4,Gasoline,160191,,,13600,9,,False
2019,Honda,Accord Sedan,SPORT,4,Gasoline,61318,,,25500,7,,False
2020,Honda,Civic Sedan,LX,4,Gasoline,11253,,,21500,6,,False
2019,Honda,CR-V,TOURING,4,Gasoline,154352,,,16500,7,,False
2016,Honda,CR-V,EX,4,Gasoline,288926,,,6800,10,,False
2017,Honda,Civic Sedan,LX,4,Gasoline,124087,,,13000,9,,False
2022,Honda,Accord Sedan,SPORT,4,Gasoline,71832,,,28000,4,,False
2009,Honda,Accord Sedan,EX,6,Gasoline,126959,,,6500,17,,False
2015,Honda,Accord Sedan,TOURING,4,Gasoline,74338,,,13800,11,,False
2016,Honda,CR-V,EX,4,Gasoline,242111,,,5500,10,,False
2019,Honda,Civic Sedan,LX,4,Gasoline,109799,,,16500,7,,False
2011,Honda,CR-V,EX,4,Gasoline,168874,,,9600,15,,False
2018,Honda,CR-V,EX,4,Gasoline,249703,,,12900,8,,False
2007,Honda,CR-V,EX,4,Gasoline,245418,,,3500,19,,False
2013,Honda,Civic Sedan,LX,4,Gasoline,162583,,,8000,13,,False
2021,Honda,Civic Sedan,LX,4,Gasoline,130271,,,17300,5,,False
2019,Honda,CR-V,LX,4,Gasoline,86519,,,21000,7,,False
2013,Honda,CR-V,LX,4,Gasoline,271655,,,3100,13,,False
2024,Honda,Civic Sedan,EX,4,Gasoline,103936,,,20700,2,,False
2023,Honda,Pilot,TOURING,6,Gasoline,43382,,,44200,3,,False
2017,Honda,CR-V,EX,4,Gasoline,131550,,,17800,9,,False
2023,Honda,Ridgeline,TOURING,6,Gasoline,65281,,,44000,3,,False
2016,Honda,HR-V,LX,4,Gasoline,225021,,,7100,10,,False
2016,Honda,Civic Sedan,LX,4,Gasoline,167704,,,9800,10,,False
2011,Honda,CR-V,EX,4,Gasoline,193905,,,6900,15,,False
2020,Honda,CR-V,SPORT,4,Gasoline,88918,,,25000,6,,False
2017,Honda,Odyssey,no_mention,6,Gasoline,229313,,,6500,9,,False
2017,Honda,CR-V,EX,4,Gasoline,277159,,,10400,9,,False
2022,Honda,Civic Sedan,TOURING,4,Gasoline,64599,,,26600,4,,False
2023,Honda,Odyssey,EX,6,Gasoline,42500,,,41800,3,,False
2023,Honda,HR-V,EX,4,Gasoline,29084,,,32200,3,,False
2023,Honda,Civic Sedan,no_mention,4,Gasoline,115705,,,19200,3,,False
2023,Honda,CR-V,no_mention,4,Gasoline,31685,,,38500,3,,False
2013,Honda,Civic Sedan,TOURING,4,Gasoline,274067,,,3900,13,,False
2016,Honda,Civic Sedan,LX,4,Gasoline,83244,,,10000,10,,False
2015,Honda,Fit,no_mention,4,Gasoline,160017,,,9500,11,,False
2013,Honda,Ridgeline,TOURING,6,Gasoline,271827,,,5300,13,,False
2018,Honda,CR-V,LX,4,Gasoline,135022,,,15200,8,,False
2021,Honda,Civic Sedan,LX,4,Gasoline,70023,,,21100,5,,False
2018,Honda,Accord Sedan,SPORT,4,Gasoline,213665,,,12700,8,,False
2009,Honda,Fit,LX,4,Gasoline,176400,,,5000,17,,False
2024,Honda,HR-V,SPORT,4,Gasoline,35200,,,30000,2,,False
2024,Honda,HR-V,EX,4,Gasoline,7273,,,34200,2,,False
2015,Honda,CR-V,EX,4,Gasoline,292992,,,5000,11,,False
2019,Honda,Pilot,TOURING,6,Gasoline,108564,,,25200,7,,False
2021,Honda,CR-V,SPORT,4,Gasoline,71019,,,28200,5,,False
2022,Honda,Civic Sedan,LX,4,Gasoline,121032,,,15000,4,,False
2022,Honda,CR-V,no_mention,4,Gasoline,109548,,,24900,4,,False
2021,Honda,CR-V,LX,4,Gasoline,59948,,,25000,5,,False
2013,Honda,Civic Sedan,EX,4,Gasoline,237950,,,4700,13,,False
2020,Honda,Civic Sedan,EX,4,Gasoline,62698,,,24000,6,,False
2007,Honda,CR-V,LX,4,Gasoline,218441,,,3700,19,,False
2017,Honda,Civic Sedan,LX,4,Gasoline,128718,,,14600,9,,False
2016,Honda,Odyssey,TOURING,6,Gasoline,159855,,,10700,10,,False
2013,Honda,Civic Sedan,EX,4,Gasoline,266313,,,4700,13,,False
2022,Honda,Civic Sedan,SPORT,4,Gasoline,91892,,,24800,4,,False
2019,Honda,Civic Sedan,TOURING,4,Gasoline,24672,,,24600,7,,False
2015,Honda,Pilot,TOURING,6,Gasoline,143156,,,16600,11,,False
2018,Honda,Odyssey,TOURING,6,Gasoline,109761,,,23900,8,,False
2011,Honda,Odyssey,LX,6,Gasoline,279553,,,3100,15,,False
2021,Honda,CR-V,LX,4,Gasoline,98277,,,21500,5,,False
2013,Honda,Ridgeline,SPORT,6,Gasoline,297027,,,6700,13,,False
2019,Honda,Civic Sedan,LX,4,Gasoline,113834,,,16000,7,,False
2015,Honda,CR-V,EX,4,Gasoline,253481,,,8600,11,,False
2024,Honda,Pilot,no_mention,6,Gasoline,31533,,,54000,2,,False
2013,Honda,Odyssey,EX,6,Gasoline,154756,,,8800,13,,False
2024,Honda,Odyssey,EX,6,Gasoline,17318,,,48600,2,,False
2021,Honda,CR-V,LX,4,Gasoline,101417,,,24000,5,,False
2019,Honda,CR-V,TOURING,4,Gasoline,69929,,,26400,7,,False
2024,Honda,HR-V,EX,4,Gasoline,60088,,,29800,2,,False
2012,Honda,Civic Sedan,EX,4,Gasoline,247943,,,3700,14,,False
2016,Honda,Odyssey,LX,6,Gasoline,183755,,,9700,10,,False
2019,Honda,Odyssey,no_mention,6,Gasoline,217714,,,14500,7,,False
2022,Honda,Civic Sedan,LX,4,Gasoline,55934,,,22500,4,,False
2018,Honda,CR-V,LX,4,Gasoline,187215,,,11900,8,,False
2018,Honda,CR-V,LX,4,Gasoline,210725,,,9800,8,,False
2021,Honda,CR-V,EX,4,Gasoline,54500,,,29900,5,,False
2022,Honda,Civic Sedan,EX,4,Gasoline,84824,,,24000,4,,False
2022,Honda,Civic Sedan,EX,4,Gasoline,57382,,,25000,4,,False
2015,Honda,Civic Sedan,EX,4,Gasoline,213331,,,6100,11,,False
2018,Honda,CR-V,EX,4,Gasoline,198032,,,10200,8,,False
2019,Honda,Pilot,TOURING,6,Gasoline,176942,,,18500,7,,False
2010,Honda,Pilot,TOURING,6,Gasoline,215611,,,4600,16,,False
2011,Honda,Pilot,TOURING,6,Gasoline,213452,,,4700,15,,False
2020,Honda,CR-V,SPORT,4,Gasoline,92380,,,24200,6,,False
2017,Honda,CR-V,EX,4,Gasoline,131045,,,13000,9,,False
2018,Honda,Civic Sedan,no_mention,4,Gasoline,124973,,,17000,8,,False
2013,Honda,Odyssey,EX,6,Gasoline,224269,,,5400,13,,False
2018,Honda,Civic Sedan,no_mention,4,Gasoline,112150,,,16300,8,,False
2013,Honda,Civic Sedan,EX,4,Gasoline,132585,,,8100,13,,False
2025,Honda,Pilot,no_mention,6,Gasoline,26457,,,59000,1,,False
2011,Honda,Accord Sedan,EX,4,Gasoline,221759,,,5000,15,,False
2014,Honda,CR-V,LX,4,Gasoline,247723,,,6200,12,,False
2018,Honda,Accord Sedan,SPORT,4,Gasoline,196459,,,12800,8,,False
2012,Honda,CR-V,EX,4,Gasoline,222396,,,6200,14,,False
2015,Honda,CR-V,EX,4,Gasoline,150723,,,12700,11,,False
2022,Honda,Pilot,TOURING,6,Gasoline,91487,,,33300,4,,False
2022,Honda,CR-V,EX,4,Gasoline,42573,,,30700,4,,False
2012,Honda,Civic Sedan,LX,4,Gasoline,214828,,,3000,14,,False
2013,Honda,Civic Sedan,EX,4,Gasoline,159045,,,6700,13,,False
2014,Honda,Odyssey,EX,6,Gasoline,281610,,,4200,12,,False
2020,Honda,Odyssey,EX,6,Gasoline,61685,,,35500,6,,False
2005,Honda,CR-V,EX,4,Gasoline,290845,,,3000,21,,False
2010,Honda,CR-V,LX,4,Gasoline,243938,,,3300,16,,False
2019,Honda,CR-V,TOURING,4,Gasoline,60788,,,26600,7,,False
2024,Honda,CR-V,SPORT,4,Gasoline,67462,,,27100,2,,False
2024,Honda,HR-V,SPORT,4,Gasoline,60458,,,28100,2,,False
2017,Honda,Civic Sedan,no_mention,4,Gasoline,147375,,,12800,9,,False
2025,Honda,CR-V,SPORT,4,Gasoline,17845,,,39000,1,,False
2007,Honda,Civic Sedan,LX,4,Gasoline,68199,,,4700,19,,False
2022,Honda,CR-V,SPORT,4,Gasoline,40392,,,30800,4,,False
2017,Honda,CR-V,TOURING,4,Gasoline,83770,,,22400,9,,False
2016,Honda,CR-V,TOURING,4,Gasoline,181923,,,14200,10,,False
2013,Honda,Accord Sedan,TOURING,6,Gasoline,137867,,,12500,13,,False
2024,Honda,Civic Sedan,SPORT,4,Gasoline,25449,,,27500,2,,False
2017,Honda,Civic Sedan,EX,4,Gasoline,240441,,,7800,9,,False
2015,Honda,CR-V,LX,4,Gasoline,106698,,,11500,11,,False
2021,Honda,Pilot,no_mention,6,Gasoline,122397,,,30800,5,,False
2015,Honda,Civic Sedan,LX,4,Gasoline,209250,,,6500,11,,False
2008,Honda,Civic Sedan,no_mention,4,Gasoline,160890,,,4600,18,,False
2017,Honda,CR-V,EX,4,Gasoline,193607,,,8600,9,,False
2006,Honda,Odyssey,EX,6,Gasoline,172043,,,5300,20,,False
2012,Honda,CR-V,LX,4,Gasoline,247690,,,5000,14,,False
2018,Honda,CR-V,LX,4,Gasoline,92354,,,16800,8,,False
2019,Honda,Odyssey,no_mention,6,Gasoline,321589,,,4200,7,,False
2022,Honda,Pilot,SPORT,6,Gasoline,77377,,,36200,4,,False
2023,Honda,HR-V,SPORT,4,Gasoline,13999,,,31500,3,,False
2019,Honda,HR-V,SPORT,4,Gasoline,176097,,,10900,7,,False
2021,Honda,CR-V,SPORT,4,Gasoline,100043,,,25100,5,,False
2014,Honda,CR-V,EX,4,Gasoline,390296,,,4700,12,,False
2024,Honda,Civic Sedan,SPORT,4,Gasoline,17170,,,30300,2,,False
2016,Honda,HR-V,LX,4,Gasoline,131938,,,11600,10,,False
2019,Honda,Civic Sedan,EX,4,Gasoline,118500,,,16600,7,,False
2024,Honda,Odyssey,TOURING,6,Gasoline,14035,,,51800,2,,False
2016,Honda,CR-V,EX,4,Gasoline,195321,,,12000,10,,False
2020,Honda,Civic Sedan,EX,4,Gasoline,75215,,,20000,6,,False
2023,Honda,Ridgeline,TOURING,6,Gasoline,108208,,,38000,3,,False
2015,Honda,CR-V,no_mention,4,Gasoline,320887,,,3600,11,,False
2018,Honda,Accord Sedan,TOURING,4,Gasoline,181312,,,12200,8,,False
2021,Honda,Accord Sedan,no_mention,4,Gasoline,55653,,,24100,5,,False
2018,Honda,Odyssey,TOURING,6,Gasoline,219988,,,16100,8,,False
2020,Honda,CR-V,SPORT,4,Gasoline,81886,,,26500,6,,False
2015,Honda,CR-V,TOURING,4,Gasoline,110371,,,15400,11,,False
2025,Honda,HR-V,LX,4,Gasoline,10061,,,29300,1,,False
2012,Honda,CR-V,EX,4,Gasoline,221219,,,4000,14,,False
2024,Honda,Civic Sedan,SPORT,4,Gasoline,77044,,,28800,2,,False
2009,Honda,CR-V,EX,4,Gasoline,252564,,,4700,17,,False
2025,Honda,Accord Sedan,no_mention,4,Gasoline,7030,,,35100,1,,False
2014,Honda,Civic Sedan,TOURING,4,Gasoline,158895,,,9700,12,,False
2018,Honda,Odyssey,EX,6,Gasoline,173556,,,21200,8,,False
2022,Honda,Ridgeline,no_mention,6,Gasoline,62500,,,42700,4,,False
2021,Honda,Accord Sedan,SPORT,4,Gasoline,185342,,,13700,5,,False
2023,Honda,CR-V,SPORT,4,Gasoline,77121,,,33300,3,,False
2016,Honda,Odyssey,TOURING,6,Gasoline,212272,,,10700,10,,False
2017,Honda,CR-V,TOURING,4,Gasoline,188134,,,12800,9,,False
2015,Honda,Odyssey,EX,6,Gasoline,273877,,,6400,11,,False
2018,Honda,CR-V,EX,4,Gasoline,238143,,,9200,8,,False
2022,Honda,Civic Sedan,EX,4,Gasoline,36960,,,25100,4,,False
2016,Honda,Odyssey,TOURING,6,Gasoline,130274,,,15700,10,,False
2019,Honda,Odyssey,EX,6,Gasoline,132922,,,24900,7,,False
2016,Honda,Accord Sedan,TOURING,4,Gasoline,165163,,,13000,10,,False
2021,Honda,CR-V,TOURING,4,Gasoline,88869,,,28000,5,,False
2019,Honda,Odyssey,no_mention,6,Gasoline,178611,,,8300,7,,False
2020,Honda,CR-V,LX,4,Gasoline,256389,,,12200,6,,False
2021,Honda,CR-V,EX,4,Gasoline,124805,,,24100,5,,False
2016,Honda,Civic Sedan,EX,4,Gasoline,179138,,,10900,10,,False
2017,Honda,Civic Sedan,EX,4,Gasoline,98568,,,11600,9,,False
2016,Honda,Pilot,TOURING,6,Gasoline,299809,,,3200,10,,False
2021,Honda,Pilot,TOURING,6,Gasoline,87184,,,33500,5,,False
2019,Honda,Pilot,TOURING,6,Gasoline,122232,,,23300,7,,False
2017,Honda,Accord Sedan,SPORT,4,Gasoline,118588,,,15800,9,,False
2021,Honda,CR-V,LX,4,Gasoline,80670,,,24800,5,,False
2023,Honda,Pilot,TOURING,6,Gasoline,43731,,,51000,3,,False
2021,Honda,Civic Sedan,SPORT,4,Gasoline,48535,,,23600,5,,False
2020,Honda,Civic Sedan,LX,4,Gasoline,59192,,,20200,6,,False
2013,Honda,Accord Sedan,TOURING,4,Gasoline,238504,,,6000,13,,False
2008,Honda,CR-V,EX,4,Gasoline,142026,,,8000,18,,False
2013,Honda,Pilot,LX,6,Gasoline,176248,,,9700,13,,False
2019,Honda,Accord Sedan,SPORT,4,Gasoline,223561,,,13500,7,,False
2019,Honda,Odyssey,TOURING,6,Gasoline,122652,,,30000,7,,False
2013,Honda,Pilot,EX,6,Gasoline,240209,,,6700,13,,False
2012,Honda,CR-V,LX,4,Gasoline,237525,,,3900,14,,False
2014,Honda,Ridgeline,TOURING,6,Gasoline,227210,,,10500,12,,False
2021,Honda,CR-V,SPORT,4,Gasoline,65571,,,28000,5,,False
2011,Honda,Odyssey,EX,6,Gasoline,158800,,,6600,15,,False
2016,Honda,Pilot,TOURING,6,Gasoline,210361,,,13300,10,,False
2019,Honda,Civic Sedan,LX,4,Gasoline,33321,,,19600,7,,False
2022,Honda,Odyssey,EX,6,Gasoline,71329,,,38100,4,,False
2023,Honda,Civic Sedan,no_mention,4,Gasoline,33105,,,28200,3,,False
2022,Honda,Civic Sedan,LX,4,Gasoline,123877,,,17400,4,,False
2022,Honda,Odyssey,EX,6,Gasoline,81609,,,33200,4,,False
2017,Honda,HR-V,EX,4,Gasoline,163190,,,11900,9,,False
2016,Honda,Accord Sedan,TOURING,4,Gasoline,216160,,,10000,10,,False
2015,Honda,Accord Sedan,TOURING,4,Gasoline,212915,,,8500,11,,False
2017,Honda,Civic Sedan,EX,4,Gasoline,136310,,,13900,9,,False
2019,Honda,Pilot,TOURING,6,Gasoline,156624,,,24600,7,,False
2017,Honda,Civic Sedan,EX,4,Gasoline,202924,,,8700,9,,False
2013,Honda,Civic Sedan,no_mention,4,Gasoline,120691,,,10300,13,,False
2011,Honda,CR-V,EX,4,Gasoline,207155,,,6800,15,,False
2023,Honda,HR-V,SPORT,4,Gasoline,83562,,,26000,3,,False
2014,Honda,CR-V,EX,4,Gasoline,196118,,,9700,12,,False
2022,Honda,Pilot,TOURING,6,Gasoline,87841,,,38000,4,,False
2016,Honda,Odyssey,EX,6,Gasoline,165982,,,13600,10,,False
2012,Honda,Civic Sedan,EX,4,Gasoline,171225,,,7200,14,,False
2015,Honda,Civic Sedan,EX,4,Gasoline,227842,,,5000,11,,False
2020,Honda,CR-V,SPORT,4,Gasoline,51232,,,27700,6,,False
2008,Honda,Civic Sedan,no_mention,4,Gasoline,175366,,,3300,18,,False
2012,Honda,Civic Sedan,EX,4,Gasoline,137340,,,6500,14,,False
2018,Honda,CR-V,TOURING,4,Gasoline,84206,,,24500,8,,False
2018,Honda,Civic Sedan,no_mention,4,Gasoline,207613,,,10500,8,,False
2021,Honda,CR-V,LX,4,Gasoline,76080,,,19900,5,,False
2017,Honda,Civic Sedan,LX,4,Gasoline,328566,,,5300,9,,False
2017,Honda,Ridgeline,no_mention,6,Gasoline,145792,,,23400,9,,False
2021,Honda,Ridgeline,no_mention,6,Gasoline,58584,,,41500,5,,False
2019,Honda,Ridgeline,TOURING,6,Gasoline,91676,,,30200,7,,False
2016,Honda,Civic Sedan,EX,4,Gasoline,233280,,,7000,10,,False
2015,Honda,Civic Sedan,LX,4,Gasoline,245802,,,5700,11,,False
2023,Honda,Accord Sedan,EX,4,Gasoline,18080,,,29200,3,,False
2024,Honda,HR-V,SPORT,4,Gasoline,23614,,,28200,2,,False
2008,Honda,CR-V,LX,4,Gasoline,191149,,,6600,18,,False
2019,Honda,Civic Sedan,TOURING,4,Gasoline,116865,,,17000,7,,False
2020,Honda,CR-V,EX,4,Gasoline,55270,,,28700,6,,False
2014,Honda,CR-V,EX,4,Gasoline,136540,,,9700,12,,False
2022,Honda,CR-V,SPORT,4,Gasoline,70422,,,27500,4,,False
2013,Honda,Civic Sedan,EX,4,Gasoline,239176,,,5600,13,,False
2019,Honda,HR-V,SPORT,4,Gasoline,234495,,,8700,7,,False
2023,Honda,CR-V,LX,4,Gasoline,50779,,,32300,3,,False
2023,Honda,CR-V,LX,4,Gasoline,42216,,,30200,3,,False
2018,Honda,CR-V,EX,4,Gasoline,122559,,,15000,8,,False
2017,Honda,Civic Sedan,LX,4,Gasoline,140407,,,12500,9,,False
2017,Honda,CR-V,LX,4,Gasoline,199036,,,9100,9,,False
2016,Honda,Pilot,EX,6,Gasoline,119070,,,12500,10,,False
2018,Honda,HR-V,EX,4,Gasoline,235515,,,4600,8,,False
2014,Honda,CR-V,LX,4,Gasoline,146025,,,8300,12,,False
2020,Honda,CR-V,TOURING,4,Gasoline,137133,,,24000,6,,False
2023,Honda,CR-V,SPORT,4,Gasoline,33538,,,35500,3,,False
2025,Honda,HR-V,LX,4,Gasoline,8995,,,30500,1,,False
2012,Honda,CR-V,EX,4,Gasoline,216196,,,9000,14,,False
2022,Honda,Pilot,no_mention,6,Gasoline,88996,,,33300,4,,False
2024,Honda,HR-V,SPORT,4,Gasoline,25206,,,31500,2,,False
2023,Honda,HR-V,EX,4,Gasoline,23586,,,30100,3,,False
2018,Honda,Civic Sedan,EX,4,Gasoline,126112,,,14800,8,,False
2008,Honda,CR-V,LX,4,Gasoline,262496,,,4600,18,,False
2020,Honda,CR-V,no_mention,4,Gasoline,77809,,,26500,6,,False
2014,Honda,Odyssey,LX,6,Gasoline,241516,,,6100,12,,False
2018,Honda,HR-V,EX,4,Gasoline,235515,,,4500,8,,False
2022,Honda,Civic Sedan,LX,4,Gasoline,163771,,,17000,4,,False
2023,Honda,CR-V,no_mention,4,Gasoline,50616,,,34600,3,,False
2017,Honda,CR-V,EX,4,Gasoline,119393,,,18000,9,,False
2013,Honda,Odyssey,EX,6,Gasoline,192771,,,10400,13,,False
2018,Honda,Civic Sedan,EX,4,Gasoline,229588,,,9500,8,,False
2016,Honda,CR-V,TOURING,4,Gasoline,57262,,,19800,10,,False
2023,Honda,CR-V,SPORT,4,Gasoline,42600,,,34600,3,,False
2023,Honda,Pilot,TOURING,6,Gasoline,63355,,,47300,3,,False
2024,Honda,HR-V,LX,4,Gasoline,44064,,,28200,2,,False
2018,Honda,Civic Sedan,LX,4,Gasoline,152994,,,12500,8,,False
2016,Honda,Civic Sedan,EX,4,Gasoline,208805,,,8400,10,,False
2018,Honda,Civic Sedan,EX,4,Gasoline,89716,,,16500,8,,False
2019,Honda,Civic Sedan,SPORT,4,Gasoline,151134,,,16200,7,,False
2022,Honda,Odyssey,EX,6,Gasoline,160878,,,26200,4,,False
2019,Honda,CR-V,TOURING,4,Gasoline,99396,,,24800,7,,False
2019,Honda,Odyssey,no_mention,6,Gasoline,114431,,,29300,7,,False
2022,Honda,CR-V,LX,4,Gasoline,77302,,,27000,4,,False
2021,Honda,CR-V,LX,4,Gasoline,61327,,,26700,5,,False
2022,Honda,Civic Sedan,SPORT,4,Gasoline,149645,,,19700,4,,False
2018,Honda,Accord Sedan,LX,4,Gasoline,64790,,,18900,8,,False
2021,Honda,CR-V,SPORT,4,Gasoline,132856,,,22000,5,,False
2018,Honda,Pilot,TOURING,6,Gasoline,149828,,,21900,8,,False
2022,Honda,CR-V,SPORT,4,Gasoline,50377,,,30500,4,,False
2021,Honda,Accord Sedan,TOURING,4,Gasoline,62081,,,27800,5,,False
2019,Honda,CR-V,EX,4,Gasoline,94831,,,22800,7,,False
2015,Honda,CR-V,no_mention,4,Gasoline,266067,,,4700,11,,False
2023,Honda,Ridgeline,TOURING,6,Gasoline,10549,,,49000,3,,False
2017,Honda,Civic Sedan,TOURING,4,Gasoline,220343,,,9500,9,,False
2018,Honda,CR-V,LX,4,Gasoline,265700,,,10200,8,,False
2017,Honda,Civic Sedan,LX,4,Gasoline,138500,,,10200,9,,False
2003,Honda,CR-V,EX,4,Gasoline,197633,,,3200,23,,False
2014,Honda,CR-V,TOURING,4,Gasoline,213402,,,5300,12,,False
2013,Honda,Accord Sedan,SPORT,4,Gasoline,102900,,,11000,13,,False
2017,Honda,CR-V,EX,4,Gasoline,133900,,,16900,9,,False
2019,Honda,Accord Sedan,TOURING,4,Gasoline,103850,,,22700,7,,False
2016,Honda,CR-V,TOURING,4,Gasoline,118641,,,17800,10,,False
2021,Honda,CR-V,SPORT,4,Gasoline,40949,,,30500,5,,False
2017,Honda,Civic Sedan,LX,4,Gasoline,138340,,,10400,9,,False
2022,Honda,Civic Sedan,LX,4,Gasoline,38897,,,24100,4,,False
2009,Honda,Accord Sedan,EX,4,Gasoline,235000,,,3100,17,,False
2023,Honda,Civic Sedan,SPORT,4,Gasoline,29058,,,28000,3,,False
2022,Honda,CR-V,SPORT,4,Gasoline,74826,,,28000,4,,False
2024,Honda,Odyssey,no_mention,6,Gasoline,41500,,,50100,2,,False
2019,Honda,CR-V,TOURING,4,Gasoline,84448,,,26300,7,,False
2012,Honda,Civic Sedan,LX,4,Gasoline,92346,,,7300,14,,False
2022,Honda,Civic Sedan,SPORT,4,Gasoline,75302,,,23000,4,,False
2012,Honda,Odyssey,TOURING,6,Gasoline,237989,,,8300,14,,False
2007,Honda,CR-V,EX,4,Gasoline,182167,,,8600,19,,False
2022,Honda,HR-V,LX,4,Gasoline,92394,,,19300,4,,False
2020,Honda,Civic Sedan,LX,4,Gasoline,45606,,,18400,6,,False
2013,Honda,CR-V,TOURING,4,Gasoline,303645,,,3700,13,,False
2009,Honda,Civic Sedan,no_mention,4,Gasoline,194078,,,3600,17,,False
2022,Honda,CR-V,EX,4,Gasoline,90073,,,28200,4,,False
2024,Honda,Civic Sedan,EX,4,Gasoline,34600,,,26500,2,,False
2015,Honda,Civic Sedan,EX,4,Gasoline,288522,,,3500,11,,False
2024,Honda,HR-V,SPORT,4,Gasoline,43262,,,29000,2,,False
2014,Honda,CR-V,EX,4,Gasoline,191842,,,5700,12,,False
2016,Honda,Pilot,EX,6,Gasoline,246834,,,10800,10,,False
2014,Honda,Accord Sedan,EX,4,Gasoline,110059,,,8800,12,,False
2018,Honda,Civic Sedan,EX,4,Gasoline,72172,,,14500,8,,False
2008,Honda,CR-V,LX,4,Gasoline,203149,,,4200,18,,False
2015,Honda,Civic Sedan,TOURING,4,Gasoline,126523,,,7300,11,,False
2018,Honda,Civic Sedan,no_mention,4,Gasoline,106000,,,14300,8,,False
2016,Honda,Odyssey,EX,6,Gasoline,116159,,,16500,10,,False
2022,Honda,Pilot,EX,6,Gasoline,48959,,,41600,4,,False
2013,Honda,Civic Sedan,EX,4,Gasoline,117169,,,10500,13,,False
2012,Honda,CR-V,EX,4,Gasoline,309879,,,3100,14,,False
2019,Honda,CR-V,LX,4,Gasoline,109421,,,20300,7,,False
2023,Honda,CR-V,no_mention,4,Gasoline,56427,,,34100,3,,False
2024,Honda,CR-V,SPORT,4,Gasoline,22813,,,36800,2,,False
2012,Honda,Civic Sedan,EX,4,Gasoline,140614,,,6200,14,,False
2019,Honda,CR-V,LX,4,Gasoline,144074,,,15300,7,,False
2012,Honda,CR-V,LX,4,Gasoline,225402,,,7200,14,,False
2003,Honda,Civic Sedan,no_mention,4,Gasoline,88462,,,4200,23,,False
2016,Honda,Civic Sedan,EX,4,Gasoline,219024,,,10200,10,,False
2021,Honda,HR-V,TOURING,4,Gasoline,72066,,,27500,5,,False
2013,Honda,Accord Sedan,SPORT,4,Gasoline,317935,,,3100,13,,False
2018,Honda,Fit,SPORT,4,Gasoline,44549,,,19800,8,,False
2018,Honda,CR-V,TOURING,4,Gasoline,123300,,,21000,8,,False
2020,Honda,CR-V,SPORT,4,Gasoline,98720,,,24200,6,,False
2014,Honda,CR-V,EX,4,Gasoline,257624,,,4900,12,,False
2022,Honda,Civic Sedan,EX,4,Gasoline,31741,,,25200,4,,False
2014,Honda,CR-V,LX,4,Gasoline,308129,,,3200,12,,False
2016,Honda,Accord Sedan,EX,4,Gasoline,180475,,,11800,10,,False
2024,Honda,CR-V,LX,4,Gasoline,31558,,,35000,2,,False
2012,Honda,CR-V,TOURING,4,Gasoline,201310,,,7800,14,,False
2022,Honda,Civic Sedan,LX,4,Gasoline,96803,,,22800,4,,False
2025,Honda,HR-V,LX,4,Gasoline,30625,,,29400,1,,False
2012,Honda,Civic Sedan,LX,4,Gasoline,178728,,,8200,14,,False
2022,Honda,CR-V,SPORT,4,Gasoline,52000,,,31100,4,,False
2018,Honda,CR-V,LX,4,Gasoline,78343,,,22300,8,,False
2012,Honda,Odyssey,EX,6,Gasoline,260632,,,4900,14,,False
2024,Honda,Civic Sedan,TOURING,4,Gasoline,34732,,,32600,2,,False
2016,Honda,Civic Sedan,EX,4,Gasoline,231700,,,7500,10,,False
2019,Honda,HR-V,TOURING,4,Gasoline,38309,,,26200,7,,False
2017,Honda,Civic Sedan,LX,4,Gasoline,178167,,,10100,9,,False
2020,Honda,Accord Sedan,SPORT,4,Gasoline,69211,,,24000,6,,False
2019,Honda,CR-V,LX,4,Gasoline,108616,,,21000,7,,False
2012,Honda,Accord Sedan,EX,4,Gasoline,209883,,,5200,14,,False
2020,Honda,CR-V,TOURING,4,Gasoline,85646,,,28800,6,,False
2011,Honda,Civic Sedan,EX,4,Gasoline,224181,,,5800,15,,False
2016,Honda,HR-V,EX,4,Gasoline,258953,,,4000,10,,False
2014,Honda,Odyssey,EX,6,Gasoline,287333,,,5900,12,,False
2014,Honda,CR-V,EX,4,Gasoline,179459,,,9000,12,,False
2019,Honda,Civic Sedan,TOURING,4,Gasoline,159769,,,12700,7,,False
2014,Honda,Odyssey,EX,6,Gasoline,202942,,,10800,12,,False
2017,Honda,CR-V,LX,4,Gasoline,197900,,,9200,9,,False
2016,Honda,Civic Sedan,TOURING,4,Gasoline,172141,,,10800,10,,False
2021,Honda,CR-V,LX,4,Gasoline,90062,,,22000,5,,False
2021,Honda,CR-V,SPORT,4,Gasoline,44023,,,31000,5,,False
2021,Honda,Accord Sedan,SPORT,4,Gasoline,50909,,,27600,5,,False
2022,Honda,Civic Sedan,SPORT,4,Gasoline,52000,,,26000,4,,False
2019,Honda,Odyssey,TOURING,6,Gasoline,70468,,,37300,7,,False
2015,Honda,Fit,LX,4,Gasoline,50328,,,13800,11,,False
2010,Honda,Odyssey,EX,6,Gasoline,160908,,,5400,16,,False
2017,Honda,Ridgeline,TOURING,6,Gasoline,114075,,,25000,9,,False
2013,Honda,Civic Sedan,LX,4,Gasoline,207966,,,6500,13,,False
2022,Honda,Pilot,TOURING,6,Gasoline,69897,,,40200,4,,False
2017,Honda,Civic Sedan,LX,4,Gasoline,139697,,,9000,9,,False
2023,Honda,HR-V,EX,4,Gasoline,29082,,,31500,3,,False
2013,Honda,Fit,SPORT,4,Gasoline,229329,,,4000,13,,False
2018,Honda,Civic Sedan,EX,4,Gasoline,83933,,,17900,8,,False
2020,Honda,CR-V,SPORT,4,Gasoline,125811,,,20000,6,,False
2011,Honda,CR-V,EX,4,Gasoline,154499,,,9500,15,,False
2019,Honda,HR-V,SPORT,4,Gasoline,95821,,,15900,7,,False
2016,Honda,Fit,LX,4,Gasoline,88603,,,12000,10,,False
2024,Honda,Civic Sedan,SPORT,4,Gasoline,41226,,,29300,2,,False
2020,Honda,Civic Sedan,SPORT,4,Gasoline,33901,,,21000,6,,False
2016,Honda,Pilot,EX,6,Gasoline,222525,,,12300,10,,False
2023,Honda,Accord Sedan,EX,4,Gasoline,33170,,,30500,3,,False
2018,Honda,CR-V,EX,4,Gasoline,86908,,,20000,8,,False
2020,Honda,Accord Sedan,SPORT,4,Gasoline,95689,,,18600,6,,False
2018,Honda,CR-V,LX,4,Gasoline,197345,,,11500,8,,False
2023,Honda,Ridgeline,TOURING,6,Gasoline,52171,,,43200,3,,False
2013,Honda,Accord Sedan,SPORT,4,Gasoline,138598,,,8000,13,,False
2014,Honda,Odyssey,EX,6,Gasoline,247705,,,5900,12,,False
2018,Honda,Pilot,EX,6,Gasoline,182362,,,10500,8,,False
2019,Honda,CR-V,TOURING,4,Gasoline,29650,,,30000,7,,False
2019,Honda,CR-V,LX,4,Gasoline,166323,,,15100,7,,False
2021,Honda,Pilot,TOURING,6,Gasoline,153009,,,27800,5,,False
2014,Honda,CR-V,LX,4,Gasoline,183673,,,11000,12,,False
2013,Honda,CR-V,EX,4,Gasoline,211106,,,9000,13,,False
2019,Honda,CR-V,TOURING,4,Gasoline,167865,,,16900,7,,False
2017,Honda,Ridgeline,SPORT,6,Gasoline,119753,,,24200,9,,False
2019,Honda,Civic Sedan,LX,4,Gasoline,60995,,,15600,7,,False
2017,Honda,HR-V,LX,4,Gasoline,161784,,,11800,9,,False
2016,Honda,CR-V,no_mention,4,Gasoline,190005,,,10900,10,,False
2022,Honda,CR-V,SPORT,4,Gasoline,40337,,,31100,4,,False
2014,Honda,Civic Sedan,no_mention,4,Gasoline,148851,,,9100,12,,False
2018,Honda,CR-V,EX,4,Gasoline,125332,,,19200,8,,False
2016,Honda,Odyssey,EX,6,Gasoline,114922,,,17000,10,,False
2020,Honda,CR-V,no_mention,4,Gasoline,138484,,,24200,6,,False
2014,Honda,CR-V,LX,4,Gasoline,313611,,,4000,12,,False
2020,Honda,CR-V,EX,4,Gasoline,91471,,,26600,6,,False
2012,Honda,CR-V,TOURING,4,Gasoline,354760,,,4500,14,,False
2018,Honda,CR-V,LX,4,Gasoline,115296,,,20100,8,,False
2018,Honda,Civic Sedan,EX,4,Gasoline,77800,,,17200,8,,False
2016,Honda,Civic Sedan,LX,4,Gasoline,148152,,,12600,10,,False
2023,Honda,Civic Sedan,EX,4,Gasoline,55743,,,26400,3,,False
2020,Honda,Civic Sedan,LX,4,Gasoline,100352,,,17800,6,,False
2022,Honda,Accord Sedan,SPORT,4,Gasoline,39435,,,29400,4,,False
2019,Honda,Odyssey,EX,6,Gasoline,132319,,,24300,7,,False
2018,Honda,Accord Sedan,SPORT,4,Gasoline,260544,,,8100,8,,False
2014,Honda,Odyssey,EX,6,Gasoline,211449,,,9100,12,,False
2016,Honda,Civic Sedan,LX,4,Gasoline,67583,,,13400,10,,False
2023,Honda,HR-V,EX,4,Gasoline,38427,,,32000,3,,False
2017,Honda,Civic Sedan,TOURING,4,Gasoline,287414,,,7500,9,,False
2018,Honda,Accord Sedan,TOURING,4,Gasoline,134880,,,16000,8,,False
2020,Honda,Civic Sedan,LX,4,Gasoline,371267,,,7100,6,,False
2013,Honda,CR-V,TOURING,4,Gasoline,229685,,,6100,13,,False
2018,Honda,CR-V,LX,4,Gasoline,114509,,,13300,8,,False
2021,Honda,Accord Sedan,SPORT,4,Gasoline,68560,,,24200,5,,False
2011,Honda,Fit,LX,4,Gasoline,103884,,,4700,15,,False
2014,Honda,CR-V,EX,4,Gasoline,92663,,,14100,12,,False
2018,Honda,CR-V,TOURING,4,Gasoline,74252,,,22700,8,,False
2012,Honda,CR-V,EX,4,Gasoline,286451,,,5700,14,,False
2016,Honda,HR-V,EX,4,Gasoline,119363,,,11600,10,,False
2023,Honda,CR-V,EX,4,Gasoline,30872,,,36700,3,,False
2012,Honda,CR-V,TOURING,4,Gasoline,208287,,,9900,14,,False
2021,Honda,Pilot,LX,6,Gasoline,126716,,,24800,5,,False
2019,Honda,CR-V,TOURING,4,Gasoline,118894,,,21000,7,,False
2016,Honda,Fit,EX,4,Gasoline,112386,,,8100,10,,False
2019,Honda,Civic Sedan,LX,4,Gasoline,131359,,,13700,7,,False
2008,Honda,Civic Sedan,no_mention,4,Gasoline,257556,,,3100,18,,False
2020,Honda,Pilot,no_mention,6,Gasoline,55522,,,37200,6,,False
2019,Honda,Civic Sedan,EX,4,Gasoline,136914,,,17200,7,,False
2011,Honda,CR-V,LX,4,Gasoline,218025,,,4000,15,,False
2024,Honda,Civic Sedan,TOURING,4,Gasoline,24000,,,31000,2,,False
2010,Honda,CR-V,EX,4,Gasoline,162548,,,6600,16,,False
2022,Honda,Civic Sedan,LX,4,Gasoline,55204,,,22800,4,,False
2021,Honda,Accord Sedan,no_mention,4,Gasoline,78459,,,23200,5,,False
2017,Honda,CR-V,TOURING,4,Gasoline,133304,,,15000,9,,False
2020,Honda,Civic Sedan,EX,4,Gasoline,144154,,,16000,6,,False
2021,Honda,CR-V,SPORT,4,Gasoline,61300,,,29000,5,,False
2020,Honda,Pilot,no_mention,6,Gasoline,140700,,,29000,6,,False
2014,Honda,Accord Sedan,SPORT,4,Gasoline,111466,,,12000,12,,False
2022,Honda,Civic Sedan,EX,4,Gasoline,178372,,,15100,4,,False
2017,Honda,Pilot,EX,6,Gasoline,175043,,,13600,9,,False
2021,Honda,CR-V,SPORT,4,Gasoline,92308,,,24200,5,,False
2022,Honda,Civic Sedan,TOURING,4,Gasoline,44202,,,27500,4,,False
2023,Honda,Civic Sedan,no_mention,4,Gasoline,12850,,,26300,3,,False
2014,Honda,Pilot,EX,6,Gasoline,157280,,,11700,12,,False
2014,Honda,CR-V,LX,4,Gasoline,144848,,,11200,12,,False
2014,Honda,CR-V,TOURING,4,Gasoline,258181,,,6900,12,,False
2021,Honda,Accord Sedan,SPORT,4,Gasoline,39151,,,28300,5,,False
2024,Honda,CR-V,SPORT,4,Gasoline,45137,,,34100,2,,False
2018,Honda,CR-V,EX,4,Gasoline,286497,,,11400,8,,False
2016,Honda,Accord Sedan,EX,4,Gasoline,157493,,,11300,10,,False
2018,Honda,Odyssey,TOURING,6,Gasoline,249146,,,12300,8,,False
2008,Honda,CR-V,LX,4,Gasoline,162059,,,4900,18,,False
2014,Honda,Civic Sedan,TOURING,4,Gasoline,81503,,,12300,12,,False
2013,Honda,CR-V,LX,4,Gasoline,219929,,,5000,13,,False
2020,Honda,CR-V,SPORT,4,Gasoline,87157,,,24500,6,,False
2012,Honda,CR-V,EX,4,Gasoline,152368,,,7600,14,,False
2018,Honda,HR-V,EX,4,Gasoline,108679,,,15400,8,,False
2024,Honda,CR-V,SPORT,4,Gasoline,58116,,,34000,2,,False
2020,Honda,Pilot,EX,6,Gasoline,85458,,,32400,6,,False
2017,Honda,Fit,no_mention,4,Gasoline,52818,,,15400,9,,False
2024,Honda,Ridgeline,SPORT,6,Gasoline,21551,,,48000,2,,False
2022,Honda,Civic Sedan,EX,4,Gasoline,66060,,,25700,4,,False
2024,Honda,Civic Sedan,EX,4,Gasoline,26607,,,22200,2,,False
2022,Honda,Ridgeline,TOURING,6,Gasoline,67751,,,40600,4,,False
2014,Honda,Civic Sedan,EX,4,Gasoline,216929,,,5100,12,,False
2016,Honda,Odyssey,EX,6,Gasoline,254389,,,5500,10,,False
2021,Honda,CR-V,SPORT,4,Gasoline,63099,,,27200,5,,False
2015,Honda,Civic Sedan,EX,4,Gasoline,196000,,,8100,11,,False
2014,Honda,Pilot,EX,6,Gasoline,156661,,,13900,12,,False
2021,Honda,Pilot,EX,6,Gasoline,75998,,,32700,5,,False
2021,Honda,Civic Sedan,EX,4,Gasoline,68006,,,19000,5,,False
2018,Honda,Odyssey,EX,6,Gasoline,87416,,,24600,8,,False
2018,Honda,Accord Sedan,SPORT,4,Gasoline,222674,,,10600,8,,False
2024,Honda,CR-V,SPORT,4,Gasoline,9345,,,37100,2,,False
2013,Honda,Fit,SPORT,4,Gasoline,104930,,,5100,13,,False
2023,Honda,Odyssey,TOURING,6,Gasoline,80893,,,38000,3,,False
2014,Honda,Pilot,EX,6,Gasoline,170531,,,12900,12,,False
2013,Honda,CR-V,EX,4,Gasoline,133525,,,9200,13,,False
2009,Honda,Civic Sedan,no_mention,4,Gasoline,216723,,,3100,17,,False
2020,Honda,Civic Sedan,EX,4,Gasoline,192634,,,12800,6,,False
2010,Honda,Accord Sedan,LX,4,Gasoline,226898,,,3600,16,,False
2022,Honda,CR-V,SPORT,4,Gasoline,83700,,,29000,4,,False
2024,Honda,Civic Sedan,SPORT,4,Gasoline,26631,,,29100,2,,False
2016,Honda,CR-V,EX,4,Gasoline,189640,,,11700,10,,False
2019,Honda,Accord Sedan,TOURING,4,Gasoline,196306,,,12800,7,,False
2012,Honda,Civic Sedan,LX,4,Gasoline,162062,,,4500,14,,False
2015,Honda,Odyssey,EX,6,Gasoline,144562,,,16000,11,,False
2018,Honda,Odyssey,EX,6,Gasoline,110592,,,23100,8,,False
2015,Honda,Civic Sedan,LX,4,Gasoline,240542,,,3000,11,,False
2011,Honda,Pilot,LX,6,Gasoline,148363,,,13300,15,,False
2022,Honda,Civic Sedan,SPORT,4,Gasoline,104400,,,22300,4,,False
2016,Honda,Civic Sedan,TOURING,4,Gasoline,127689,,,13300,10,,False
2020,Honda,Civic Sedan,LX,4,Gasoline,72162,,,20700,6,,False
2019,Honda,CR-V,EX,4,Gasoline,123755,,,12100,7,,False
2021,Honda,CR-V,LX,4,Gasoline,46214,,,26200,5,,False
2018,Honda,Odyssey,no_mention,6,Gasoline,143479,,,23400,8,,False
2017,Honda,Ridgeline,TOURING,6,Gasoline,207922,,,11500,9,,False
2021,Honda,CR-V,TOURING,4,Gasoline,58000,,,31300,5,,False
2022,Honda,Pilot,no_mention,6,Gasoline,54999,,,42100,4,,False
2019,Honda,Accord Sedan,SPORT,4,Gasoline,167005,,,14900,7,,False
2013,Honda,CR-V,EX,4,Gasoline,272460,,,5300,13,,False
2020,Honda,CR-V,SPORT,4,Gasoline,84920,,,26500,6,,False
2022,Honda,Pilot,EX,6,Gasoline,72500,,,38100,4,,False
2015,Honda,Civic Sedan,LX,4,Gasoline,138544,,,9500,11,,False
2019,Honda,Odyssey,EX,6,Gasoline,44028,,,31600,7,,False
2018,Honda,CR-V,LX,4,Gasoline,170751,,,12000,8,,False
2015,Honda,Fit,LX,4,Gasoline,140038,,,6000,11,,False
2019,Honda,CR-V,LX,4,Gasoline,130928,,,21000,7,,False
2022,Honda,CR-V,EX,4,Gasoline,86016,,,28500,4,,False
2017,Honda,CR-V,TOURING,4,Gasoline,148660,,,13200,9,,False
2009,Honda,CR-V,EX,4,Gasoline,368681,,,3800,17,,False
2025,Honda,Pilot,no_mention,6,Gasoline,11789,,,60100,1,,False
2015,Honda,Odyssey,EX,6,Gasoline,111024,,,16300,11,,False
2023,Honda,Civic Sedan,TOURING,4,Gasoline,60762,,,27500,3,,False
2021,Honda,CR-V,no_mention,4,Gasoline,23451,,,33800,5,,False
2017,Honda,CR-V,EX,4,Gasoline,199179,,,13200,9,,False
2012,Honda,Civic Sedan,LX,4,Gasoline,172158,,,4600,14,,False
2020,Honda,Civic Sedan,SPORT,4,Gasoline,67584,,,21500,6,,False
2014,Honda,CR-V,EX,4,Gasoline,174303,,,9500,12,,False
2013,Honda,Fit,no_mention,4,Gasoline,103564,,,8400,13,,False
2023,Honda,Ridgeline,TOURING,6,Gasoline,31500,,,47100,3,,False
2022,Honda,Civic Sedan,TOURING,4,Gasoline,23651,,,28900,4,,False
2021,Honda,Accord Sedan,no_mention,4,Gasoline,125863,,,17700,5,,False
2014,Honda,CR-V,EX,4,Gasoline,157397,,,10800,12,,False
2023,Honda,Accord Sedan,EX,4,Gasoline,23265,,,30200,3,,False
2017,Honda,Civic Sedan,TOURING,4,Gasoline,285605,,,7500,9,,False
2013,Honda,Civic Sedan,LX,4,Gasoline,101679,,,8400,13,,False
2024,Honda,Civic Sedan,TOURING,4,Gasoline,8047,,,31800,2,,False
2014,Honda,CR-V,TOURING,4,Gasoline,350332,,,4300,12,,False
2013,Honda,CR-V,EX,4,Gasoline,154682,,,7900,13,,False
2024,Honda,Odyssey,TOURING,6,Gasoline,54085,,,48500,2,,False
2024,Honda,Odyssey,no_mention,6,Gasoline,22140,,,52000,2,,False
2008,Honda,CR-V,LX,4,Gasoline,224573,,,3800,18,,False
2024,Honda,CR-V,LX,4,Gasoline,57200,,,33500,2,,False
2013,Honda,Accord Sedan,EX,4,Gasoline,170425,,,8400,13,,False
2022,Honda,CR-V,SPORT,4,Gasoline,45581,,,31600,4,,False
2015,Honda,Civic Sedan,LX,4,Gasoline,99638,,,10900,11,,False
2017,Honda,Civic Sedan,EX,4,Gasoline,118826,,,15500,9,,False
2016,Honda,CR-V,LX,4,Gasoline,224295,,,6400,10,,False
2019,Honda,Accord Sedan,SPORT,4,Gasoline,150853,,,18300,7,,False
2007,Honda,Ridgeline,LX,6,Gasoline,184200,,,5500,19,,False
2016,Honda,Odyssey,EX,6,Gasoline,164984,,,12000,10,,False
2018,Honda,Civic Sedan,TOURING,4,Gasoline,275302,,,8100,8,,False
2017,Honda,CR-V,EX,4,Gasoline,141628,,,17000,9,,False
2025,Honda,CR-V,SPORT,4,Gasoline,13232,,,39700,1,,False
2016,Honda,Fit,LX,4,Gasoline,82671,,,12100,10,,False
2016,Honda,CR-V,LX,4,Gasoline,140890,,,10600,10,,False
2017,Honda,HR-V,EX,4,Gasoline,200803,,,9500,9,,False
2013,Honda,CR-V,EX,4,Gasoline,312707,,,4300,13,,False
2011,Honda,CR-V,EX,4,Gasoline,168758,,,6900,15,,False
2023,Honda,Civic Sedan,no_mention,4,Gasoline,28000,,,27500,3,,False
2017,Honda,Pilot,EX,6,Gasoline,87071,,,26200,9,,False
2023,Honda,HR-V,LX,4,Gasoline,51314,,,24500,3,,False
2017,Honda,Civic Sedan,LX,4,Gasoline,126716,,,10300,9,,False
2020,Honda,CR-V,LX,4,Gasoline,78900,,,22200,6,,False
2016,Honda,Civic Sedan,LX,4,Gasoline,123042,,,11700,10,,False
2020,Honda,HR-V,SPORT,4,Gasoline,69520,,,24500,6,,False
2012,Honda,CR-V,EX,4,Gasoline,173474,,,10600,14,,False
2018,Honda,Ridgeline,TOURING,6,Gasoline,144773,,,26000,8,,False
2020,Honda,CR-V,TOURING,4,Gasoline,136871,,,22500,6,,False
2016,Honda,Pilot,EX,6,Gasoline,238990,,,11500,10,,False
2015,Honda,Civic Sedan,EX,4,Gasoline,158702,,,9600,11,,False
2013,Honda,Civic Sedan,EX,4,Gasoline,108000,,,9800,13,,False
2013,Honda,Civic Sedan,LX,4,Gasoline,168555,,,5200,13,,False
2022,Honda,CR-V,SPORT,4,Gasoline,53392,,,27000,4,,False
2015,Honda,Fit,LX,4,Gasoline,145500,,,8000,11,,False
2016,Honda,Odyssey,no_mention,6,Gasoline,75165,,,13800,10,,False
2021,Honda,Accord Sedan,TOURING,4,Gasoline,109258,,,26400,5,,False
2017,Honda,Fit,no_mention,4,Gasoline,38000,,,17700,9,,False
2020,Honda,Civic Sedan,EX,4,Gasoline,130421,,,11100,6,,False
2011,Honda,Odyssey,EX,6,Gasoline,201304,,,7000,15,,False
2023,Honda,HR-V,EX,4,Gasoline,38425,,,31700,3,,False
2015,Honda,Civic Sedan,EX,4,Gasoline,170743,,,9600,11,,False
2020,Honda,Civic Sedan,EX,4,Gasoline,90938,,,15500,6,,False
2017,Honda,Civic Sedan,EX,4,Gasoline,243809,,,7100,9,,False
2013,Honda,Civic Sedan,LX,4,Gasoline,215557,,,4900,13,,False
2020,Honda,CR-V,TOURING,4,Gasoline,110662,,,24900,6,,False
2005,Honda,CR-V,EX,4,Gasoline,117624,,,3800,21,,False
2012,Honda,Pilot,EX,6,Gasoline,220397,,,3600,14,,False
2022,Honda,Civic Sedan,EX,4,Gasoline,75302,,,24200,4,,False
2016,Honda,Accord Sedan,EX,4,Gasoline,127161,,,14500,10,,False
2015,Honda,CR-V,EX,4,Gasoline,190846,,,11800,11,,False
2016,Honda,CR-V,EX,4,Gasoline,292823,,,6100,10,,False
2018,Honda,CR-V,TOURING,4,Gasoline,46922,,,24100,8,,False
2016,Honda,Fit,EX,4,Gasoline,144652,,,9300,10,,False
2021,Honda,Accord Sedan,SPORT,4,Gasoline,50807,,,28500,5,,False
2012,Honda,Odyssey,EX,6,Gasoline,172651,,,6800,14,,False
2010,Honda,Accord Sedan,EX,4,Gasoline,168382,,,5200,16,,False
2023,Honda,Odyssey,no_mention,6,Gasoline,63921,,,45100,3,,False
2020,Honda,CR-V,EX,4,Gasoline,112862,,,19600,6,,False
2018,Honda,Civic Sedan,LX,4,Gasoline,60886,,,16700,8,,False
2010,Honda,Civic Sedan,no_mention,4,Gasoline,139770,,,5300,16,,False
2012,Honda,Civic Sedan,EX,4,Gasoline,233335,,,3500,14,,False
2012,Honda,Civic Sedan,LX,4,Gasoline,273238,,,3000,14,,False
2016,Honda,Civic Sedan,EX,4,Gasoline,151214,,,12000,10,,False
2012,Honda,CR-V,EX,4,Gasoline,266761,,,4500,14,,False
2018,Honda,Odyssey,no_mention,6,Gasoline,220291,,,15500,8,,False
2013,Honda,Odyssey,EX,6,Gasoline,222472,,,8500,13,,False
2022,Honda,Civic Sedan,LX,4,Gasoline,43695,,,23200,4,,False
2019,Honda,Civic Sedan,LX,4,Gasoline,200809,,,9100,7,,False
2010,Honda,CR-V,EX,4,Gasoline,293513,,,3000,16,,False
2018,Honda,Civic Sedan,no_mention,4,Gasoline,111301,,,14300,8,,False
2016,Honda,Pilot,EX,6,Gasoline,53410,,,24200,10,,False
2013,Honda,Accord Sedan,TOURING,4,Gasoline,238947,,,5300,13,,False
2015,Honda,Odyssey,EX,6,Gasoline,157781,,,10500,11,,False
2021,Honda,Civic Sedan,LX,4,Gasoline,64245,,,21100,5,,False
2011,Honda,Ridgeline,no_mention,6,Gasoline,181181,,,8000,15,,False
2020,Honda,CR-V,TOURING,4,Gasoline,49885,,,30300,6,,False
2016,Honda,HR-V,EX,4,Gasoline,50952,,,17200,10,,False
2020,Honda,Civic Sedan,LX,4,Gasoline,50732,,,21400,6,,False
2018,Honda,Accord Sedan,SPORT,4,Gasoline,114240,,,18100,8,,False
2023,Honda,Civic Sedan,TOURING,4,Gasoline,50340,,,29500,3,,False
2016,Honda,HR-V,EX,4,Gasoline,102759,,,13900,10,,False
2023,Honda,CR-V,SPORT,4,Gasoline,43954,,,30300,3,,False
2010,Honda,Fit,LX,4,Gasoline,80618,,,3400,16,,False
2020,Honda,Civic Sedan,SPORT,4,Gasoline,104815,,,22100,6,,False
2018,Honda,Ridgeline,EX,6,Gasoline,106417,,,23000,8,,False
2022,Honda,HR-V,LX,4,Gasoline,39701,,,25800,4,,False
2024,Honda,Civic Sedan,EX,4,Gasoline,37093,,,28000,2,,False
2017,Honda,CR-V,EX,4,Gasoline,201554,,,11700,9,,False
2018,Honda,Civic Sedan,EX,4,Gasoline,181955,,,7900,8,,False
2024,Honda,HR-V,SPORT,4,Gasoline,33157,,,31000,2,,False
2024,Honda,Civic Sedan,SPORT,4,Gasoline,26631,,,29800,2,,False
2009,Honda,CR-V,LX,4,Gasoline,115463,,,8000,17,,False
2013,Honda,Accord Sedan,TOURING,6,Gasoline,146596,,,6700,13,,False
2024,Honda,Civic Sedan,SPORT,4,Gasoline,41226,,,29000,2,,False
2025,Honda,Pilot,no_mention,6,Gasoline,24503,,,61500,1,,False
2009,Honda,Pilot,TOURING,6,Gasoline,279464,,,3100,17,,False
2010,Honda,CR-V,EX,4,Gasoline,251564,,,4200,16,,False
2018,Honda,Civic Sedan,no_mention,4,Gasoline,56519,,,16700,8,,False
2024,Honda,HR-V,SPORT,4,Gasoline,38853,,,32000,2,,False
2022,Honda,Accord Sedan,SPORT,4,Gasoline,83200,,,27200,4,,False
2014,Honda,Accord Sedan,SPORT,4,Gasoline,136500,,,9000,12,,False
2025,Honda,Civic Sedan,LX,4,Gasoline,10828,,,29200,1,,False
2019,Honda,Civic Sedan,LX,4,Gasoline,161073,,,13600,7,,False
2021,Honda,CR-V,LX,4,Gasoline,90750,,,23000,5,,False
2016,Honda,Pilot,EX,6,Gasoline,154984,,,19100,10,,False
2010,Honda,Odyssey,EX,6,Gasoline,314003,,,3400,16,,False
2007,Honda,Civic Sedan,no_mention,4,Gasoline,116923,,,6100,19,,False
2013,Honda,CR-V,EX,4,Gasoline,160323,,,9000,13,,False
2018,Honda,Accord Sedan,SPORT,4,Gasoline,112883,,,18100,8,,False
2014,Honda,CR-V,LX,4,Gasoline,142151,,,11300,12,,False
2022,Honda,Civic Sedan,EX,4,Gasoline,63865,,,26500,4,,False
2022,Honda,Civic Sedan,EX,4,Gasoline,70250,,,22500,4,,False
2018,Honda,Accord Sedan,TOURING,4,Gasoline,123500,,,18100,8,,False
2016,Honda,Civic Sedan,TOURING,4,Gasoline,360000,,,5800,10,,False
2014,Honda,Ridgeline,TOURING,6,Gasoline,293428,,,3600,12,,False
2023,Honda,CR-V,EX,4,Gasoline,104234,,,32200,3,,False
2017,Honda,Accord Sedan,SPORT,4,Gasoline,39698,,,15500,9,,False
2017,Honda,CR-V,TOURING,4,Gasoline,161907,,,11400,9,,False
2020,Honda,Civic Sedan,LX,4,Gasoline,182418,,,15100,6,,False
2016,Honda,Civic Sedan,TOURING,4,Gasoline,249651,,,6700,10,,False
2020,Honda,CR-V,no_mention,4,Gasoline,74486,,,27900,6,,False
2020,Honda,CR-V,SPORT,4,Gasoline,56000,,,28600,6,,False
2013,Honda,CR-V,EX,4,Gasoline,154290,,,10400,13,,False
2017,Honda,HR-V,EX,4,Gasoline,126027,,,14100,9,,False
2022,Honda,Civic Sedan,SPORT,4,Gasoline,79463,,,24000,4,,False
2018,Honda,Civic Sedan,no_mention,4,Gasoline,137240,,,14700,8,,False
2021,Honda,CR-V,LX,4,Gasoline,50768,,,26000,5,,False
2018,Honda,Accord Sedan,TOURING,4,Gasoline,127930,,,18600,8,,False
2023,Honda,CR-V,SPORT,4,Gasoline,33937,,,35600,3,,False
2020,Honda,Civic Sedan,EX,4,Gasoline,54699,,,21800,6,,False
2020,Honda,CR-V,TOURING,4,Gasoline,76520,,,27900,6,,False
2020,Honda,CR-V,SPORT,4,Gasoline,200760,,,16500,6,,False
2016,Honda,HR-V,LX,4,Gasoline,247939,,,6400,10,,False
2020,Honda,Ridgeline,SPORT,6,Gasoline,76496,,,33700,6,,False
2013,Honda,Fit,LX,4,Gasoline,185707,,,4700,13,,False
2020,Honda,Civic Sedan,SPORT,4,Gasoline,52423,,,20500,6,,False
2008,Honda,CR-V,LX,4,Gasoline,202540,,,3700,18,,False
2019,Honda,Civic Sedan,LX,4,Gasoline,92092,,,17000,7,,False
2021,Honda,Pilot,TOURING,6,Gasoline,101937,,,34300,5,,False
2020,Honda,CR-V,LX,4,Gasoline,124603,,,21200,6,,False
2022,Honda,CR-V,LX,4,Gasoline,91019,,,25300,4,,False
2011,Honda,CR-V,EX,4,Gasoline,204059,,,3700,15,,False
2015,Honda,Civic Sedan,EX,4,Gasoline,198532,,,5600,11,,False
2018,Honda,CR-V,TOURING,4,Gasoline,74124,,,25000,8,,False
2023,Honda,CR-V,EX,4,Gasoline,49913,,,35800,3,,False
2020,Honda,HR-V,LX,4,Gasoline,53122,,,22500,6,,False
2008,Honda,CR-V,EX,4,Gasoline,204754,,,4500,18,,False
2023,Honda,CR-V,no_mention,4,Gasoline,23101,,,32800,3,,False
2020,Honda,CR-V,SPORT,4,Gasoline,78415,,,26700,6,,False
2020,Honda,CR-V,SPORT,4,Gasoline,140950,,,20300,6,,False
2016,Honda,Odyssey,EX,6,Gasoline,232209,,,9500,10,,False
2018,Honda,Civic Sedan,TOURING,4,Gasoline,311158,,,5200,8,,False
2017,Honda,Civic Sedan,LX,4,Gasoline,333464,,,6200,9,,False
2021,Honda,CR-V,EX,4,Gasoline,40544,,,30700,5,,False
2021,Honda,HR-V,SPORT,4,Gasoline,41373,,,25000,5,,False
2025,Honda,HR-V,SPORT,4,Gasoline,22800,,,32200,1,,False
2014,Honda,Civic Sedan,LX,4,Gasoline,203442,,,4900,12,,False
2017,Honda,Ridgeline,EX,6,Gasoline,88150,,,28600,9,,False
2018,Honda,CR-V,LX,4,Gasoline,179500,,,13000,8,,False
2015,Honda,Civic Sedan,TOURING,4,Gasoline,180654,,,10500,11,,False
2011,Honda,Odyssey,TOURING,6,Gasoline,227232,,,5800,15,,False
2014,Honda,Civic Sedan,EX,4,Gasoline,283580,,,4000,12,,False
2022,Honda,CR-V,TOURING,4,Gasoline,51349,,,33100,4,,False
2007,Honda,CR-V,EX,4,Gasoline,146012,,,5700,19,,False
2015,Honda,Civic Sedan,EX,4,Gasoline,111916,,,10100,11,,False
2016,Honda,CR-V,EX,4,Gasoline,247445,,,8600,10,,False
2024,Honda,Civic Sedan,LX,4,Gasoline,26328,,,29500,2,,False
2015,Honda,Odyssey,EX,6,Gasoline,202637,,,9600,11,,False
2020,Honda,Civic Sedan,EX,4,Gasoline,84336,,,21100,6,,False
2014,Honda,Pilot,TOURING,6,Gasoline,179983,,,12500,12,,False
2015,Honda,Odyssey,EX,6,Gasoline,259117,,,5500,11,,False
2019,Honda,Civic Sedan,EX,4,Gasoline,95518,,,12600,7,,False
2018,Honda,Civic Sedan,LX,4,Gasoline,119766,,,15000,8,,False
2017,Honda,Pilot,TOURING,6,Gasoline,228797,,,12100,9,,False
2023,Honda,CR-V,no_mention,4,Gasoline,114408,,,29000,3,,False
2017,Honda,CR-V,EX,4,Gasoline,111698,,,20300,9,,False
2014,Honda,Civic Sedan,EX,4,Gasoline,197860,,,6500,12,,False
2019,Honda,Pilot,LX,6,Gasoline,164084,,,17000,7,,False
2011,Honda,CR-V,EX,4,Gasoline,197403,,,5300,15,,False
2015,Honda,CR-V,LX,4,Gasoline,296187,,,5700,11,,False
2019,Honda,Pilot,TOURING,6,Gasoline,65891,,,31800,7,,False
2020,Honda,Civic Sedan,SPORT,4,Gasoline,89469,,,21500,6,,False
2020,Honda,Odyssey,TOURING,6,Gasoline,122770,,,33100,6,,False
2019,Honda,Accord Sedan,EX,4,Gasoline,88199,,,23100,7,,False
2024,Honda,Civic Sedan,SPORT,4,Gasoline,21782,,,31300,2,,False
2024,Honda,Civic Sedan,EX,4,Gasoline,26539,,,28100,2,,False
2022,Honda,Pilot,TOURING,6,Gasoline,40585,,,42800,4,,False
2023,Honda,CR-V,EX,4,Gasoline,25800,,,37400,3,,False
2015,Honda,Civic Sedan,EX,4,Gasoline,187211,,,4800,11,,False
2023,Honda,CR-V,no_mention,4,Gasoline,36713,,,34300,3,,False
2014,Honda,Accord Sedan,EX,6,Gasoline,125987,,,11000,12,,False
2022,Honda,Civic Sedan,EX,4,Gasoline,14881,,,27500,4,,False
2016,Honda,CR-V,no_mention,4,Gasoline,222790,,,8700,10,,False
2014,Honda,Accord Sedan,EX,4,Gasoline,272050,,,4300,12,,False
2017,Honda,Accord Sedan,SPORT,4,Gasoline,128624,,,15700,9,,False
2021,Honda,Civic Sedan,EX,4,Gasoline,63041,,,22800,5,,False
2016,Honda,Odyssey,EX,6,Gasoline,304806,,,5700,10,,False
2014,Honda,CR-V,EX,4,Gasoline,187777,,,9500,12,,False
2011,Honda,Pilot,LX,6,Gasoline,246118,,,3600,15,,False
2017,Honda,Pilot,TOURING,6,Gasoline,88679,,,22500,9,,False
2023,Honda,Pilot,no_mention,6,Gasoline,51548,,,53000,3,,False
2021,Honda,CR-V,EX,4,Gasoline,70743,,,28800,5,,False
2019,Honda,CR-V,TOURING,4,Gasoline,198123,,,15000,7,,False
2014,Honda,Pilot,EX,6,Gasoline,247522,,,5300,12,,False
2017,Honda,Pilot,EX,6,Gasoline,172420,,,15000,9,,False
2012,Honda,CR-V,LX,4,Gasoline,130324,,,11000,14,,False
2015,Honda,CR-V,LX,4,Gasoline,139660,,,11000,11,,False
2023,Honda,Pilot,no_mention,6,Gasoline,42693,,,52300,3,,False
2019,Honda,CR-V,EX,4,Gasoline,185635,,,15300,7,,False
2017,Honda,Civic Sedan,LX,4,Gasoline,158964,,,9900,9,,False
2020,Honda,HR-V,LX,4,Gasoline,52502,,,20900,6,,False
2016,Honda,CR-V,no_mention,4,Gasoline,121670,,,16700,10,,False
2021,Honda,CR-V,SPORT,4,Gasoline,91854,,,26100,5,,False
2009,Honda,Civic Sedan,no_mention,4,Gasoline,77432,,,4000,17,,False
2022,Honda,CR-V,no_mention,4,Gasoline,46204,,,33200,4,,False
2015,Honda,Civic Sedan,TOURING,4,Gasoline,170839,,,9000,11,,False
2015,Honda,Accord Sedan,SPORT,4,Gasoline,154470,,,10300,11,,False
2009,Honda,Odyssey,EX,6,Gasoline,248165,,,4500,17,,False
2020,Honda,Ridgeline,SPORT,6,Gasoline,255860,,,14000,6,,False
2015,Honda,Odyssey,EX,6,Gasoline,136150,,,12600,11,,False
2023,Honda,Civic Sedan,no_mention,4,Gasoline,56229,,,23000,3,,False
2017,Honda,Pilot,TOURING,6,Gasoline,92000,,,24400,9,,False
2020,Honda,Civic Sedan,EX,4,Gasoline,137137,,,15500,6,,False
2016,Honda,Accord Sedan,SPORT,4,Gasoline,134791,,,14700,10,,False
2020,Honda,Fit,SPORT,4,Gasoline,87370,,,19400,6,,False
2017,Honda,CR-V,LX,4,Gasoline,221660,,,5500,9,,False
2017,Honda,CR-V,LX,4,Gasoline,167980,,,12000,9,,False
2016,Honda,CR-V,TOURING,4,Gasoline,160536,,,15000,10,,False
2012,Honda,Civic Sedan,EX,4,Gasoline,128979,,,6900,14,,False
2024,Honda,CR-V,LX,4,Gasoline,15049,,,36100,2,,False
2012,Honda,CR-V,EX,4,Gasoline,190636,,,8300,14,,False
2017,Honda,HR-V,LX,4,Gasoline,144461,,,13500,9,,False
2022,Honda,Civic Sedan,SPORT,4,Gasoline,29308,,,25100,4,,False
2013,Honda,Accord Sedan,TOURING,6,Gasoline,169357,,,7000,13,,False
2012,Honda,CR-V,EX,4,Gasoline,270134,,,5000,14,,False
2023,Honda,Pilot,no_mention,6,Gasoline,42693,,,54500,3,,False
2023,Honda,HR-V,LX,4,Gasoline,38040,,,26300,3,,False
2009,Honda,Civic Sedan,no_mention,4,Gasoline,134533,,,3300,17,,False
2022,Honda,Civic Sedan,SPORT,4,Gasoline,56388,,,25500,4,,False
2022,Honda,Civic Sedan,EX,4,Gasoline,55257,,,25000,4,,False
2015,Honda,CR-V,TOURING,4,Gasoline,157546,,,14500,11,,False
2014,Honda,CR-V,EX,4,Gasoline,266668,,,8200,12,,False
2012,Honda,Civic Sedan,LX,4,Gasoline,130231,,,8300,14,,False
2019,Honda,Civic Sedan,LX,4,Gasoline,101633,,,14000,7,,False
2014,Honda,Civic Sedan,LX,4,Gasoline,206680,,,5700,12,,False
2017,Honda,Civic Sedan,EX,4,Gasoline,175846,,,9800,9,,False
2014,Honda,Civic Sedan,EX,4,Gasoline,184381,,,8500,12,,False
2017,Honda,CR-V,EX,4,Gasoline,302881,,,7400,9,,False
2008,Honda,Civic Sedan,no_mention,4,Gasoline,271376,,,3000,18,,False
2007,Honda,Civic Sedan,EX,4,Gasoline,166667,,,4200,19,,False
2011,Honda,CR-V,LX,4,Gasoline,239905,,,3000,15,,False
2012,Honda,CR-V,EX,4,Gasoline,197376,,,7500,14,,False
2015,Honda,Odyssey,EX,6,Gasoline,236348,,,10000,11,,False
2023,Honda,Civic Sedan,no_mention,4,Gasoline,44518,,,26000,3,,False
2009,Honda,Accord Sedan,EX,4,Gasoline,303365,,,3200,17,,False
2022,Honda,Civic Sedan,TOURING,4,Gasoline,54104,,,26200,4,,False
2016,Honda,CR-V,EX,4,Gasoline,184681,,,10500,10,,False
2021,Honda,CR-V,LX,4,Gasoline,42200,,,28400,5,,False
2011,Honda,Odyssey,EX,6,Gasoline,233338,,,4000,15,,False
2020,Honda,CR-V,LX,4,Gasoline,60969,,,23000,6,,False
2018,Honda,CR-V,EX,4,Gasoline,118264,,,19000,8,,False
2010,Honda,CR-V,EX,4,Gasoline,133957,,,6700,16,,False
2016,Honda,Civic Sedan,LX,4,Gasoline,252032,,,5200,10,,False
2022,Honda,Pilot,no_mention,6,Gasoline,100989,,,37200,4,,False
2019,Honda,Civic Sedan,LX,4,Gasoline,100322,,,16600,7,,False
2022,Honda,Civic Sedan,LX,4,Gasoline,65144,,,20200,4,,False
2010,Honda,CR-V,LX,4,Gasoline,180133,,,6100,16,,False
2019,Honda,Civic Sedan,EX,4,Gasoline,144500,,,14300,7,,False
2021,Honda,Civic Sedan,LX,4,Gasoline,107808,,,19500,5,,False
2024,Honda,CR-V,SPORT,4,Gasoline,38500,,,32300,2,,False
2015,Honda,Civic Sedan,LX,4,Gasoline,270325,,,4600,11,,False
2014,Honda,CR-V,EX,4,Gasoline,256765,,,5300,12,,False
2020,Honda,Civic Sedan,LX,4,Gasoline,108163,,,19100,6,,False
2017,Honda,Civic Sedan,LX,4,Gasoline,149177,,,8800,9,,False
2022,Honda,Ridgeline,no_mention,6,Gasoline,84300,,,40000,4,,False
2018,Honda,Civic Sedan,LX,4,Gasoline,191638,,,10800,8,,False
2017,Honda,Civic Sedan,LX,4,Gasoline,147745,,,8000,9,,False
2018,Honda,Ridgeline,no_mention,6,Gasoline,136878,,,28500,8,,False
2023,Honda,Accord Sedan,EX,4,Gasoline,29335,,,30800,3,,False
2016,Honda,HR-V,EX,4,Gasoline,138754,,,10600,10,,False
2020,Honda,Civic Sedan,EX,4,Gasoline,79949,,,21600,6,,False
2012,Honda,Civic Sedan,EX,4,Gasoline,179473,,,5700,14,,False
2017,Honda,Ridgeline,EX,6,Gasoline,169838,,,17500,9,,False
2025,Honda,CR-V,LX,4,Gasoline,24360,,,34700,1,,False
2011,Honda,CR-V,LX,4,Gasoline,246135,,,4000,15,,False
2022,Honda,CR-V,no_mention,4,Gasoline,64903,,,33300,4,,False
2022,Honda,Civic Sedan,LX,4,Gasoline,54712,,,23500,4,,False
2021,Honda,CR-V,LX,4,Gasoline,51255,,,24900,5,,False
2022,Honda,Civic Sedan,SPORT,4,Gasoline,77890,,,24400,4,,False
2014,Honda,Accord Sedan,EX,6,Gasoline,114434,,,9900,12,,False
2015,Honda,Civic Sedan,EX,4,Gasoline,247077,,,6500,11,,False
2020,Honda,HR-V,TOURING,4,Gasoline,142435,,,16900,6,,False
2022,Honda,Civic Sedan,SPORT,4,Gasoline,92887,,,22300,4,,False
2017,Honda,Civic Sedan,EX,4,Gasoline,125771,,,14200,9,,False
2024,Honda,Odyssey,TOURING,6,Gasoline,31826,,,50400,2,,False
2019,Honda,Civic Sedan,LX,4,Gasoline,82719,,,17700,7,,False
2025,Honda,Civic Sedan,LX,4,Gasoline,10826,,,28900,1,,False
2022,Honda,Civic Sedan,EX,4,Gasoline,42080,,,23100,4,,False
2017,Honda,Accord Sedan,TOURING,4,Gasoline,95315,,,21900,9,,False
2021,Honda,CR-V,no_mention,4,Gasoline,64725,,,31100,5,,False
2016,Honda,CR-V,no_mention,4,Gasoline,199351,,,9100,10,,False
2014,Honda,Odyssey,EX,6,Gasoline,159917,,,11500,12,,False
2021,Honda,Civic Sedan,EX,4,Gasoline,101675,,,15000,5,,False
2020,Honda,Civic Sedan,TOURING,4,Gasoline,169772,,,16200,6,,False
2021,Honda,CR-V,EX,4,Gasoline,144626,,,22100,5,,False
2016,Honda,Civic Sedan,TOURING,4,Gasoline,136636,,,9500,10,,False
2021,Honda,CR-V,LX,4,Gasoline,55091,,,26500,5,,False
2021,Honda,CR-V,SPORT,4,Gasoline,88686,,,26000,5,,False
2021,Honda,CR-V,no_mention,4,Gasoline,63641,,,28000,5,,False
2021,Honda,CR-V,LX,4,Gasoline,72316,,,25600,5,,False
2015,Honda,Civic Sedan,EX,4,Gasoline,161873,,,10900,11,,False
2018,Honda,Civic Sedan,LX,4,Gasoline,147109,,,13000,8,,False
2022,Honda,Accord Sedan,TOURING,4,Gasoline,27000,,,33500,4,,False
2020,Honda,CR-V,no_mention,4,Gasoline,67073,,,30700,6,,False
2018,Honda,Accord Sedan,SPORT,4,Gasoline,186161,,,12600,8,,False
2011,Honda,CR-V,EX,4,Gasoline,222876,,,5600,15,,False
2018,Honda,Civic Sedan,TOURING,4,Gasoline,191000,,,11000,8,,False
2017,Honda,CR-V,LX,4,Gasoline,216217,,,8300,9,,False
2014,Honda,CR-V,EX,4,Gasoline,202485,,,8400,12,,False
2022,Honda,Civic Sedan,LX,4,Gasoline,59570,,,23100,4,,False
2022,Honda,HR-V,SPORT,4,Gasoline,28330,,,22600,4,,False
2013,Honda,Civic Sedan,EX,4,Gasoline,166517,,,6100,13,,False
2023,Honda,HR-V,EX,4,Gasoline,32829,,,31900,3,,False
2012,Honda,Civic Sedan,LX,4,Gasoline,123835,,,6900,14,,False
2015,Honda,Pilot,LX,6,Gasoline,236000,,,6000,11,,False
2024,Honda,HR-V,SPORT,4,Gasoline,102377,,,26300,2,,False
2021,Honda,CR-V,SPORT,4,Gasoline,163374,,,13700,5,,False
2012,Honda,CR-V,LX,4,Gasoline,193464,,,7700,14,,False
2022,Honda,Civic Sedan,EX,4,Gasoline,73787,,,23500,4,,False
2024,Honda,Odyssey,TOURING,6,Gasoline,31826,,,52000,2,,False
2012,Honda,CR-V,EX,4,Gasoline,188856,,,7600,14,,False
2015,Honda,Fit,LX,4,Gasoline,76004,,,10800,11,,False
2025,Honda,CR-V,SPORT,4,Gasoline,7148,,,39100,1,,False
2021,Honda,Civic Sedan,EX,4,Gasoline,60584,,,19800,5,,False
2017,Honda,Odyssey,EX,6,Gasoline,239265,,,10500,9,,False
2012,Honda,Pilot,EX,6,Gasoline,131900,,,5200,14,,False
2017,Honda,Pilot,EX,6,Gasoline,187197,,,11700,9,,False
2013,Honda,CR-V,EX,4,Gasoline,207378,,,6600,13,,False
2011,Honda,Accord Sedan,no_mention,4,Gasoline,141615,,,4800,15,,False
2022,Honda,CR-V,LX,4,Gasoline,92896,,,24700,4,,False
2024,Honda,CR-V,SPORT,4,Gasoline,47700,,,37000,2,,False
2014,Honda,Civic Sedan,EX,4,Gasoline,241322,,,3300,12,,False
2022,Honda,Civic Sedan,LX,4,Gasoline,38310,,,17900,4,,False
2021,Honda,CR-V,LX,4,Gasoline,49106,,,27700,5,,False
2022,Honda,Ridgeline,no_mention,6,Gasoline,30323,,,44200,4,,False
2020,Honda,Civic Sedan,LX,4,Gasoline,60946,,,18000,6,,False
2020,Honda,Accord Sedan,SPORT,4,Gasoline,207010,,,13600,6,,False
2017,Honda,CR-V,LX,4,Gasoline,228527,,,9700,9,,False
2017,Honda,Odyssey,no_mention,6,Gasoline,154339,,,13000,9,,False
2019,Honda,CR-V,EX,4,Gasoline,197121,,,14000,7,,False
2014,Honda,Civic Sedan,LX,4,Gasoline,119090,,,6800,12,,False
2012,Honda,Pilot,TOURING,6,Gasoline,239276,,,5000,14,,False
2016,Honda,Civic Sedan,TOURING,4,Gasoline,11044,,,19100,10,,False
2024,Honda,CR-V,EX,4,Gasoline,24900,,,39100,2,,False
2021,Honda,Civic Sedan,LX,4,Gasoline,94202,,,20000,5,,False
2016,Honda,Civic Sedan,EX,4,Gasoline,229759,,,7500,10,,False
2013,Honda,Odyssey,EX,6,Gasoline,265731,,,3500,13,,False
2017,Honda,CR-V,LX,4,Gasoline,188233,,,12100,9,,False
2022,Honda,Accord Sedan,SPORT,4,Gasoline,77279,,,22200,4,,False
2022,Honda,Civic Sedan,TOURING,4,Gasoline,44084,,,25100,4,,False
2003,Honda,CR-V,LX,4,Gasoline,151674,,,3400,23,,False
2018,Honda,HR-V,LX,4,Gasoline,184058,,,9500,8,,False
2015,Honda,CR-V,LX,4,Gasoline,276846,,,5700,11,,False
2023,Honda,CR-V,EX,4,Gasoline,29120,,,36900,3,,False
2013,Honda,CR-V,EX,4,Gasoline,279127,,,5300,13,,False
2015,Honda,CR-V,EX,4,Gasoline,145512,,,12700,11,,False
2022,Honda,Pilot,TOURING,6,Gasoline,35646,,,41000,4,,False
2020,Honda,Accord Sedan,SPORT,4,Gasoline,43163,,,25100,6,,False
2017,Honda,Ridgeline,SPORT,6,Gasoline,263806,,,10900,9,,False
2022,Honda,Pilot,TOURING,6,Gasoline,101715,,,35000,4,,False
2018,Honda,CR-V,EX,4,Gasoline,248112,,,11100,8,,False
2022,Honda,CR-V,LX,4,Gasoline,56043,,,28200,4,,False
2021,Honda,Civic Sedan,LX,4,Gasoline,37131,,,22900,5,,False
2022,Honda,Civic Sedan,TOURING,4,Gasoline,29251,,,28200,4,,False
2016,Honda,CR-V,EX,4,Gasoline,151328,,,13000,10,,False
2020,Honda,Civic Sedan,SPORT,4,Gasoline,78101,,,21600,6,,False
2016,Honda,Pilot,EX,6,Gasoline,198797,,,13800,10,,False
2020,Honda,CR-V,SPORT,4,Gasoline,78361,,,27600,6,,False
2020,Honda,HR-V,LX,4,Gasoline,211160,,,8300,6,,False
2022,Honda,Civic Sedan,EX,4,Gasoline,37530,,,25900,4,,False
2020,Honda,CR-V,EX,4,Gasoline,197108,,,10500,6,,False
2012,Honda,Civic Sedan,LX,4,Gasoline,259063,,,3900,14,,False
2021,Honda,Civic Sedan,EX,4,Gasoline,145684,,,16900,5,,False
2024,Honda,Civic Sedan,SPORT,4,Gasoline,12800,,,29800,2,,False
2017,Honda,Civic Sedan,LX,4,Gasoline,150763,,,12600,9,,False
2008,Honda,Civic Sedan,no_mention,4,Gasoline,115718,,,4000,18,,False
2024,Honda,Civic Sedan,SPORT,4,Gasoline,21179,,,30500,2,,False
2021,Honda,CR-V,LX,4,Gasoline,50053,,,26400,5,,False
2022,Honda,Civic Sedan,LX,4,Gasoline,56003,,,23800,4,,False
2023,Honda,HR-V,LX,4,Gasoline,61796,,,26400,3,,False
2016,Honda,CR-V,TOURING,4,Gasoline,281000,,,6900,10,,False
2017,Honda,Pilot,TOURING,6,Gasoline,247057,,,10100,9,,False
2022,Honda,Civic Sedan,EX,4,Gasoline,141960,,,20000,4,,False
2017,Honda,CR-V,EX,4,Gasoline,177676,,,13700,9,,False
2012,Honda,CR-V,TOURING,4,Gasoline,172942,,,7200,14,,False
2018,Honda,CR-V,LX,4,Gasoline,75952,,,20600,8,,False
2019,Honda,Civic Sedan,TOURING,4,Gasoline,208959,,,12000,7,,False
2015,Honda,Fit,EX,4,Gasoline,128981,,,9800,11,,False
2017,Honda,CR-V,EX,4,Gasoline,227412,,,11700,9,,False
2011,Honda,Odyssey,EX,6,Gasoline,209261,,,4500,15,,False
2017,Honda,Accord Sedan,EX,4,Gasoline,132119,,,18300,9,,False
2020,Honda,CR-V,EX,4,Gasoline,213699,,,15600,6,,False
2018,Honda,Civic Sedan,LX,4,Gasoline,109936,,,13700,8,,False
2023,Honda,Pilot,no_mention,6,Gasoline,66682,,,52600,3,,False
2009,Honda,CR-V,EX,4,Gasoline,203749,,,5200,17,,False
2012,Honda,Accord Sedan,EX,4,Gasoline,138437,,,7900,14,,False
2010,Honda,CR-V,LX,4,Gasoline,194049,,,6500,16,,False
2013,Honda,Accord Sedan,TOURING,6,Gasoline,202072,,,4300,13,,False
2021,Honda,CR-V,LX,4,Gasoline,34423,,,27900,5,,False
2016,Honda,CR-V,EX,4,Gasoline,332054,,,4000,10,,False
2021,Honda,CR-V,LX,4,Gasoline,88153,,,24600,5,,False
2017,Honda,Civic Sedan,LX,4,Gasoline,98048,,,16400,9,,False
2022,Honda,Civic Sedan,TOURING,4,Gasoline,26381,,,29700,4,,False
2019,Honda,Ridgeline,TOURING,6,Gasoline,89800,,,33600,7,,False
2013,Honda,CR-V,TOURING,4,Gasoline,184338,,,10400,13,,False
2021,Honda,Pilot,TOURING,6,Gasoline,88903,,,37000,5,,False
2013,Honda,Civic Sedan,no_mention,4,Gasoline,150454,,,12100,13,,False
2023,Honda,CR-V,no_mention,4,Gasoline,25063,,,33500,3,,False
2015,Honda,Fit,LX,4,Gasoline,86065,,,10800,11,,False
2022,Honda,Pilot,no_mention,6,Gasoline,52108,,,43500,4,,False
2021,Honda,Ridgeline,no_mention,6,Gasoline,90541,,,31500,5,,False
2020,Honda,Civic Sedan,EX,4,Gasoline,139921,,,16800,6,,False
2014,Honda,Odyssey,EX,6,Gasoline,186512,,,9200,12,,False
2023,Honda,Pilot,no_mention,6,Gasoline,51544,,,53900,3,,False
2024,Honda,HR-V,SPORT,4,Gasoline,38814,,,31000,2,,False
2015,Honda,Civic Sedan,LX,4,Gasoline,182725,,,6100,11,,False
2023,Honda,CR-V,no_mention,4,Gasoline,57943,,,33300,3,,False
2025,Honda,Pilot,no_mention,6,Gasoline,24240,,,60300,1,,False
2017,Honda,CR-V,TOURING,4,Gasoline,132891,,,15200,9,,False
2009,Honda,Odyssey,EX,6,Gasoline,156193,,,6900,17,,False
2016,Honda,Fit,EX,4,Gasoline,176383,,,7600,10,,False
2018,Honda,Civic Sedan,TOURING,4,Gasoline,83305,,,19800,8,,False
2020,Honda,CR-V,no_mention,4,Gasoline,120500,,,25100,6,,False
2021,Honda,Civic Sedan,LX,4,Gasoline,60499,,,22000,5,,False
2019,Honda,CR-V,TOURING,4,Gasoline,120540,,,19900,7,,False
2022,Honda,Civic Sedan,TOURING,4,Gasoline,48989,,,27000,4,,False
2016,Honda,Pilot,TOURING,6,Gasoline,132196,,,19100,10,,False
2013,Honda,CR-V,EX,4,Gasoline,211031,,,9000,13,,False
2019,Honda,Accord Sedan,SPORT,4,Gasoline,106000,,,21500,7,,False
2015,Honda,Civic Sedan,LX,4,Gasoline,197300,,,8000,11,,False
2014,Honda,Civic Sedan,EX,4,Gasoline,98735,,,5200,12,,False
2017,Honda,CR-V,LX,4,Gasoline,186828,,,10100,9,,False
2020,Honda,Civic Sedan,EX,4,Gasoline,117520,,,14700,6,,False
2015,Honda,CR-V,EX,4,Gasoline,224557,,,8100,11,,False
2019,Honda,CR-V,TOURING,4,Gasoline,290440,,,9800,7,,False
2013,Honda,CR-V,EX,4,Gasoline,159117,,,9100,13,,False
2009,Honda,CR-V,EX,4,Gasoline,161828,,,8400,17,,False
2010,Honda,Civic Sedan,no_mention,4,Gasoline,160475,,,4500,16,,False
2012,Honda,Civic Sedan,EX,4,Gasoline,214137,,,3600,14,,False
2014,Honda,Ridgeline,SPORT,6,Gasoline,202769,,,8700,12,,False
2020,Honda,Civic Sedan,SPORT,4,Gasoline,106557,,,20200,6,,False
2013,Honda,Accord Sedan,TOURING,4,Gasoline,256660,,,5400,13,,False
2010,Honda,CR-V,LX,4,Gasoline,160562,,,9500,16,,False
2018,Honda,Civic Sedan,EX,4,Gasoline,273673,,,5800,8,,False
2020,Honda,CR-V,no_mention,4,Gasoline,209955,,,14700,6,,False
2008,Honda,Civic Sedan,EX,4,Gasoline,135933,,,3200,18,,False
2024,Honda,Civic Sedan,TOURING,4,Gasoline,22623,,,32100,2,,False
2009,Honda,Accord Sedan,EX,4,Gasoline,191000,,,3700,17,,False
2022,Honda,Accord Sedan,no_mention,4,Gasoline,17819,,,29100,4,,False
2018,Honda,CR-V,LX,4,Gasoline,147121,,,16500,8,,False
2017,Honda,Civic Sedan,no_mention,4,Gasoline,241134,,,4100,9,,False
2013,Honda,Fit,LX,4,Gasoline,141094,,,7000,13,,False
2015,Honda,Pilot,TOURING,6,Gasoline,167665,,,15500,11,,False
2016,Honda,CR-V,EX,4,Gasoline,118827,,,16300,10,,False
2013,Honda,Civic Sedan,LX,4,Gasoline,96028,,,7700,13,,False
2017,Honda,CR-V,LX,4,Gasoline,167738,,,13900,9,,False
2017,Honda,Civic Sedan,EX,4,Gasoline,120700,,,10900,9,,False
2012,Honda,Civic Sedan,LX,4,Gasoline,202655,,,5600,14,,False
2019,Honda,Civic Sedan,LX,4,Gasoline,159261,,,14200,7,,False
2017,Honda,Civic Sedan,TOURING,4,Gasoline,136125,,,16200,9,,False
2013,Honda,Civic Sedan,EX,4,Gasoline,132954,,,7500,13,,False
2020,Honda,Civic Sedan,SPORT,4,Gasoline,116843,,,18100,6,,False
2021,Honda,Pilot,EX,6,Gasoline,81285,,,30500,5,,False
2025,Honda,Pilot,SPORT,6,Gasoline,28390,,,55100,1,,False
2013,Honda,Civic Sedan,LX,4,Gasoline,254524,,,3100,13,,False
2013,Honda,Civic Sedan,TOURING,4,Gasoline,281515,,,4100,13,,False
2023,Honda,Pilot,TOURING,6,Gasoline,48700,,,51000,3,,False
2014,Honda,Odyssey,no_mention,6,Gasoline,305117,,,3000,12,,False
2017,Honda,Civic Sedan,EX,4,Gasoline,148968,,,14500,9,,False
2019,Honda,Civic Sedan,LX,4,Gasoline,75609,,,18600,7,,False
2012,Honda,CR-V,LX,4,Gasoline,247608,,,3800,14,,False
2006,Honda,Ridgeline,EX,6,Gasoline,281290,,,3700,20,,False
2017,Honda,Civic Sedan,LX,4,Gasoline,131361,,,11000,9,,False
2013,Honda,Civic Sedan,LX,4,Gasoline,226521,,,3700,13,,False
2016,Honda,Civic Sedan,EX,4,Gasoline,291343,,,7400,10,,False
2018,Honda,Accord Sedan,SPORT,4,Gasoline,116986,,,18100,8,,False
2016,Honda,Accord Sedan,SPORT,4,Gasoline,240920,,,8100,10,,False
2018,Honda,Civic Sedan,LX,4,Gasoline,76228,,,16800,8,,False
2020,Honda,HR-V,SPORT,4,Gasoline,94800,,,20100,6,,False
2012,Honda,Civic Sedan,LX,4,Gasoline,139196,,,6700,14,,False
2018,Honda,Odyssey,EX,6,Gasoline,163780,,,14800,8,,False
2022,Honda,Civic Sedan,LX,4,Gasoline,94343,,,21100,4,,False
2019,Honda,Civic Sedan,LX,4,Gasoline,55000,,,17500,7,,False
2021,Honda,CR-V,EX,4,Gasoline,78084,,,26100,5,,False
2022,Honda,Civic Sedan,LX,4,Gasoline,46316,,,24000,4,,False
2022,Honda,CR-V,LX,4,Gasoline,32593,,,28300,4,,False
2009,Honda,Ridgeline,no_mention,6,Gasoline,297405,,,4000,17,,False
2017,Honda,CR-V,EX,4,Gasoline,214328,,,12000,9,,False
2017,Honda,CR-V,TOURING,4,Gasoline,225588,,,13100,9,,False
2016,Honda,Civic Sedan,EX,4,Gasoline,81451,,,16700,10,,False
2019,Honda,Odyssey,EX,6,Gasoline,58996,,,31800,7,,False
2019,Honda,Pilot,EX,6,Gasoline,69317,,,31000,7,,False
2012,Honda,Pilot,TOURING,6,Gasoline,280685,,,3000,14,,False
2019,Honda,Civic Sedan,TOURING,4,Gasoline,66397,,,20500,7,,False
2015,Honda,Accord Sedan,SPORT,4,Gasoline,122496,,,11300,11,,False
2024,Honda,Civic Sedan,SPORT,4,Gasoline,30899,,,29400,2,,False
2014,Honda,CR-V,EX,4,Gasoline,163933,,,10100,12,,False
2012,Honda,CR-V,EX,4,Gasoline,243224,,,5000,14,,False
2012,Honda,Civic Sedan,EX,4,Gasoline,258591,,,3700,14,,False
2015,Honda,CR-V,no_mention,4,Gasoline,255086,,,6500,11,,False
2023,Honda,CR-V,no_mention,4,Gasoline,24380,,,36400,3,,False
2017,Honda,Civic Sedan,TOURING,4,Gasoline,56661,,,19200,9,,False
2024,Honda,HR-V,SPORT,4,Gasoline,40138,,,32200,2,,False
2018,Honda,Accord Sedan,TOURING,4,Gasoline,106120,,,19900,8,,False
2022,Honda,Civic Sedan,LX,4,Gasoline,63980,,,22700,4,,False
2018,Honda,Accord Sedan,LX,4,Gasoline,89930,,,18600,8,,False
2013,Honda,Civic Sedan,LX,4,Gasoline,297866,,,3000,13,,False
2018,Honda,Civic Sedan,LX,4,Gasoline,168773,,,8300,8,,False
2011,Honda,CR-V,EX,4,Gasoline,203460,,,6000,15,,False
2018,Honda,Civic Sedan,EX,4,Gasoline,99603,,,18600,8,,False
2022,Honda,Civic Sedan,SPORT,4,Gasoline,88954,,,25200,4,,False
2023,Honda,CR-V,no_mention,4,Gasoline,44186,,,34700,3,,False
2023,Honda,Civic Sedan,no_mention,4,Gasoline,37320,,,26500,3,,False
2025,Honda,Civic Sedan,LX,4,Gasoline,8187,,,32400,1,,False
2011,Honda,Odyssey,LX,6,Gasoline,266232,,,3800,15,,False
2016,Honda,Pilot,LX,6,Gasoline,175078,,,11000,10,,False
2015,Honda,Odyssey,EX,6,Gasoline,186086,,,9500,11,,False
2020,Honda,Civic Sedan,EX,4,Gasoline,76660,,,21700,6,,False
2019,Honda,Civic Sedan,LX,4,Gasoline,200881,,,9000,7,,False
2022,Honda,CR-V,SPORT,4,Gasoline,46225,,,31300,4,,False
2020,Honda,Civic Sedan,EX,4,Gasoline,162380,,,14700,6,,False
2013,Honda,Civic Sedan,LX,4,Gasoline,278995,,,3300,13,,False
2016,Honda,Pilot,TOURING,6,Gasoline,233638,,,13600,10,,False
2012,Honda,Odyssey,EX,6,Gasoline,150686,,,8300,14,,False
2020,Honda,Civic Sedan,TOURING,4,Gasoline,85169,,,20800,6,,False
2009,Honda,Fit,LX,4,Gasoline,171295,,,6200,17,,False
2016,Honda,Civic Sedan,LX,4,Gasoline,186532,,,11400,10,,False
2014,Honda,Pilot,TOURING,6,Gasoline,164168,,,16000,12,,False
2022,Honda,CR-V,no_mention,4,Gasoline,74502,,,34200,4,,False
2013,Honda,Fit,LX,4,Gasoline,77003,,,11100,13,,False
2019,Honda,Pilot,TOURING,6,Gasoline,137974,,,24700,7,,False
2019,Honda,Odyssey,no_mention,6,Gasoline,119033,,,24700,7,,False
2025,Honda,Civic Sedan,SPORT,4,Gasoline,15059,,,32000,1,,False
2011,Honda,CR-V,LX,4,Gasoline,231598,,,3900,15,,False
2022,Honda,Civic Sedan,SPORT,4,Gasoline,88371,,,23800,4,,False
2024,Honda,Accord Sedan,EX,4,Gasoline,7403,,,34200,2,,False
2013,Honda,Civic Sedan,EX,4,Gasoline,251398,,,4600,13,,False
2024,Honda,CR-V,SPORT,4,Gasoline,15240,,,37700,2,,False
2019,Honda,Odyssey,no_mention,6,Gasoline,196045,,,16600,7,,False
2015,Honda,Accord Sedan,SPORT,4,Gasoline,138735,,,11200,11,,False
2015,Honda,Pilot,TOURING,6,Gasoline,178668,,,10900,11,,False
2019,Honda,CR-V,EX,4,Gasoline,148663,,,17900,7,,False
2024,Honda,HR-V,EX,4,Gasoline,54681,,,33100,2,,False
2011,Honda,CR-V,LX,4,Gasoline,218802,,,3300,15,,False
2013,Honda,CR-V,EX,4,Gasoline,144748,,,12000,13,,False
2012,Honda,Civic Sedan,LX,4,Gasoline,201594,,,4500,14,,False
2021,Honda,CR-V,TOURING,4,Gasoline,80181,,,30400,5,,False
2015,Honda,Civic Sedan,LX,4,Gasoline,136257,,,6100,11,,False
2022,Honda,Civic Sedan,LX,4,Gasoline,59564,,,22500,4,,False
2021,Honda,CR-V,SPORT,4,Gasoline,64195,,,28900,5,,False
2018,Honda,Civic Sedan,LX,4,Gasoline,66293,,,18400,8,,False
2022,Honda,Pilot,TOURING,6,Gasoline,34080,,,41600,4,,False
2019,Honda,Civic Sedan,LX,4,Gasoline,105681,,,17000,7,,False
2013,Honda,Accord Sedan,LX,4,Gasoline,160889,,,6800,13,,False
2014,Honda,Civic Sedan,EX,4,Gasoline,170370,,,6600,12,,False
2021,Honda,CR-V,LX,4,Gasoline,71985,,,25400,5,,False
2012,Honda,Accord Sedan,EX,4,Gasoline,169655,,,7900,14,,False
2023,Honda,CR-V,SPORT,4,Gasoline,57598,,,34500,3,,False
2024,Honda,HR-V,EX,4,Gasoline,9112,,,34400,2,,False
2008,Honda,CR-V,EX,4,Gasoline,130871,,,5500,18,,False
2019,Honda,HR-V,LX,4,Gasoline,98315,,,19400,7,,False
2012,Honda,Pilot,LX,6,Gasoline,99288,,,7200,14,,False
2020,Honda,CR-V,SPORT,4,Gasoline,154762,,,20500,6,,False
2021,Honda,Pilot,TOURING,6,Gasoline,83167,,,32000,5,,False
2013,Honda,Fit,LX,4,Gasoline,128745,,,6500,13,,False
2022,Honda,Odyssey,TOURING,6,Gasoline,30963,,,43300,4,,False
2018,Honda,HR-V,EX,4,Gasoline,131767,,,13300,8,,False
2016,Honda,Accord Sedan,EX,4,Gasoline,254690,,,7900,10,,False
2013,Honda,Accord Sedan,LX,4,Gasoline,184571,,,8400,13,,False
2017,Honda,CR-V,TOURING,4,Gasoline,145671,,,18200,9,,False
2009,Honda,Pilot,TOURING,6,Gasoline,288256,,,3300,17,,False
2018,Honda,Civic Sedan,LX,4,Gasoline,94793,,,14600,8,,False
2023,Honda,CR-V,LX,4,Gasoline,97442,,,28200,3,,False
2010,Honda,Accord Sedan,EX,4,Gasoline,124521,,,6700,16,,False
2012,Honda,Civic Sedan,EX,4,Gasoline,141938,,,9700,14,,False
2015,Honda,Odyssey,EX,6,Gasoline,176821,,,12600,11,,False
2020,Honda,CR-V,SPORT,4,Gasoline,259847,,,11800,6,,False
2017,Honda,CR-V,LX,4,Gasoline,314459,,,9200,9,,False
2018,Honda,Civic Sedan,LX,4,Gasoline,120135,,,10500,8,,False
2013,Honda,Civic Sedan,LX,4,Gasoline,168451,,,8800,13,,False
2025,Honda,Civic Sedan,LX,4,Gasoline,23351,,,28500,1,,False
2014,Honda,Civic Sedan,EX,4,Gasoline,207083,,,5500,12,,False
2021,Honda,CR-V,LX,4,Gasoline,65955,,,25400,5,,False
2008,Honda,Fit,no_mention,4,Gasoline,150520,,,3600,18,,False
2014,Honda,CR-V,TOURING,4,Gasoline,152336,,,15100,12,,False
2009,Honda,CR-V,EX,4,Gasoline,212949,,,7700,17,,False
2017,Honda,Pilot,TOURING,6,Gasoline,231127,,,11800,9,,False
2017,Honda,Odyssey,EX,6,Gasoline,169350,,,21800,9,,False
2014,Honda,Civic Sedan,LX,4,Gasoline,284719,,,5400,12,,False
2019,Honda,CR-V,LX,4,Gasoline,161998,,,14700,7,,False
2014,Honda,CR-V,TOURING,4,Gasoline,188349,,,4200,12,,False
2022,Honda,Pilot,SPORT,6,Gasoline,67050,,,31800,4,,False
2020,Honda,Civic Sedan,SPORT,4,Gasoline,71445,,,21000,6,,False
2016,Honda,CR-V,TOURING,4,Gasoline,168507,,,12800,10,,False
2020,Honda,HR-V,LX,4,Gasoline,90493,,,19900,6,,False
2016,Honda,Civic Sedan,EX,4,Gasoline,63019,,,14500,10,,False
2011,Honda,Odyssey,EX,6,Gasoline,242717,,,3400,15,,False
2018,Honda,Civic Sedan,EX,4,Gasoline,210291,,,10100,8,,False
2016,Honda,Fit,LX,4,Gasoline,95103,,,11200,10,,False
2013,Honda,Civic Sedan,LX,4,Gasoline,132918,,,9300,13,,False
2016,Honda,HR-V,EX,4,Gasoline,176715,,,5300,10,,False
2022,Honda,Civic Sedan,SPORT,4,Gasoline,79459,,,25000,4,,False
2024,Honda,CR-V,SPORT,4,Gasoline,49248,,,35800,2,,False
2017,Honda,Civic Sedan,TOURING,4,Gasoline,304445,,,4300,9,,False
2014,Honda,Ridgeline,TOURING,6,Gasoline,103332,,,16000,12,,False
2019,Honda,CR-V,TOURING,4,Gasoline,86191,,,24600,7,,False
2017,Honda,CR-V,EX,4,Gasoline,80736,,,22000,9,,False
2015,Honda,Civic Sedan,TOURING,4,Gasoline,191568,,,10100,11,,False
2015,Honda,Civic Sedan,EX,4,Gasoline,129089,,,8300,11,,False
2015,Honda,CR-V,LX,4,Gasoline,269067,,,5100,11,,False
2024,Honda,HR-V,EX,4,Gasoline,15923,,,33500,2,,False
2020,Honda,Civic Sedan,SPORT,4,Gasoline,51129,,,18800,6,,False
2022,Honda,Civic Sedan,EX,4,Gasoline,18654,,,25800,4,,False
2020,Honda,Odyssey,EX,6,Gasoline,67892,,,32000,6,,False
2022,Honda,Civic Sedan,SPORT,4,Gasoline,79450,,,24700,4,,False
2025,Honda,CR-V,SPORT,4,Gasoline,8937,,,39200,1,,False
2015,Honda,CR-V,LX,4,Gasoline,71975,,,18300,11,,False
2011,Honda,CR-V,LX,4,Gasoline,183120,,,5600,15,,False
2017,Honda,Ridgeline,EX,6,Gasoline,229878,,,11100,9,,False
2012,Honda,Civic Sedan,LX,4,Gasoline,147878,,,5000,14,,False
2021,Honda,Civic Sedan,LX,4,Gasoline,34672,,,20800,5,,False
2013,Honda,Civic Sedan,EX,4,Gasoline,201113,,,5000,13,,False
2017,Honda,CR-V,EX,4,Gasoline,236813,,,10000,9,,False
2018,Honda,CR-V,EX,4,Gasoline,103477,,,13100,8,,False
2020,Honda,CR-V,SPORT,4,Gasoline,55591,,,28600,6,,False
2012,Honda,Civic Sedan,LX,4,Gasoline,245400,,,3500,14,,False
2023,Honda,Pilot,no_mention,6,Gasoline,67765,,,51000,3,,False
2018,Honda,Civic Sedan,EX,4,Gasoline,113065,,,14600,8,,False
2022,Honda,CR-V,SPORT,4,Gasoline,56663,,,30700,4,,False
2012,Honda,CR-V,EX,4,Gasoline,224139,,,6700,14,,False
2024,Honda,Pilot,SPORT,6,Gasoline,15000,,,53600,2,,False
2013,Honda,Ridgeline,SPORT,6,Gasoline,175360,,,12500,13,,False
2018,Honda,Accord Sedan,TOURING,4,Gasoline,117755,,,20500,8,,False
2025,Honda,Civic Sedan,LX,4,Gasoline,13539,,,29000,1,,False
2024,Honda,CR-V,SPORT,4,Gasoline,64820,,,35000,2,,False
2023,Honda,Pilot,EX,6,Gasoline,93499,,,41500,3,,False
2012,Honda,CR-V,TOURING,4,Gasoline,249808,,,6800,14,,False
2010,Honda,Ridgeline,no_mention,6,Gasoline,156517,,,12300,16,,False
2014,Honda,Odyssey,EX,6,Gasoline,109640,,,9200,12,,False
2011,Honda,CR-V,EX,4,Gasoline,242303,,,3300,15,,False
2018,Honda,Civic Sedan,LX,4,Gasoline,240276,,,6600,8,,False
2023,Honda,Pilot,no_mention,6,Gasoline,63382,,,52000,3,,False
2014,Honda,CR-V,TOURING,4,Gasoline,202346,,,11500,12,,False
2017,Honda,CR-V,EX,4,Gasoline,185000,,,12500,9,,False
2019,Honda,Accord Sedan,TOURING,4,Gasoline,90671,,,22100,7,,False
2012,Honda,CR-V,TOURING,4,Gasoline,155195,,,9000,14,,False
2016,Honda,Civic Sedan,EX,4,Gasoline,181435,,,10200,10,,False
2023,Honda,Pilot,SPORT,6,Gasoline,55854,,,47900,3,,False
2018,Honda,Civic Sedan,LX,4,Gasoline,112406,,,15500,8,,False
2018,Honda,CR-V,LX,4,Gasoline,282657,,,9400,8,,False
2015,Honda,CR-V,no_mention,4,Gasoline,203257,,,8400,11,,False
2019,Honda,Odyssey,EX,6,Gasoline,98796,,,21500,7,,False
2018,Honda,Odyssey,EX,6,Gasoline,150751,,,23000,8,,False
2023,Honda,Pilot,SPORT,6,Gasoline,55854,,,47500,3,,False
2021,Honda,Civic Sedan,EX,4,Gasoline,54086,,,23700,5,,False
2020,Honda,Civic Sedan,SPORT,4,Gasoline,78101,,,22000,6,,False
2017,Honda,Civic Sedan,EX,4,Gasoline,112800,,,14600,9,,False
2024,Honda,CR-V,SPORT,4,Gasoline,49730,,,38100,2,,False
2020,Honda,Ridgeline,EX,6,Gasoline,243952,,,17000,6,,False
2020,Honda,CR-V,SPORT,4,Gasoline,60797,,,29400,6,,False
2013,Honda,Odyssey,EX,6,Gasoline,201165,,,10400,13,,False
2017,Honda,CR-V,TOURING,4,Gasoline,152228,,,17500,9,,False
2016,Honda,CR-V,LX,4,Gasoline,91347,,,14800,10,,False
2023,Honda,Civic Sedan,TOURING,4,Gasoline,44817,,,29500,3,,False
2021,Honda,CR-V,no_mention,4,Gasoline,202860,,,18100,5,,False
2019,Honda,Civic Sedan,SPORT,4,Gasoline,86597,,,15000,7,,False
2012,Honda,CR-V,TOURING,4,Gasoline,204758,,,7800,14,,False
2018,Honda,Accord Sedan,SPORT,4,Gasoline,152326,,,15900,8,,False
2022,Honda,CR-V,SPORT,4,Gasoline,45546,,,31700,4,,False
2016,Honda,Odyssey,EX,6,Gasoline,155752,,,12400,10,,False
2018,Honda,Odyssey,TOURING,6,Gasoline,90420,,,30800,8,,False
2019,Honda,Accord Sedan,SPORT,4,Gasoline,60203,,,24000,7,,False
2015,Honda,Odyssey,LX,6,Gasoline,254150,,,6300,11,,False
2021,Honda,CR-V,no_mention,4,Gasoline,44177,,,31800,5,,False
2024,Honda,Civic Sedan,EX,4,Gasoline,13442,,,29500,2,,False
2020,Honda,CR-V,LX,4,Gasoline,76100,,,25500,6,,False
2012,Honda,Odyssey,EX,6,Gasoline,169176,,,9200,14,,False
2010,Honda,Civic Sedan,SPORT,4,Gasoline,154500,,,5100,16,,False
2023,Honda,HR-V,LX,4,Gasoline,48682,,,27000,3,,False
2018,Honda,CR-V,TOURING,4,Gasoline,119822,,,20500,8,,False
2020,Honda,CR-V,LX,4,Gasoline,117239,,,22200,6,,False
2014,Honda,CR-V,EX,4,Gasoline,75408,,,11500,12,,False
2018,Honda,CR-V,LX,4,Gasoline,195808,,,12000,8,,False
2012,Honda,Civic Sedan,LX,4,Gasoline,148502,,,5700,14,,False
2020,Honda,Accord Sedan,LX,4,Gasoline,284900,,,10000,6,,False
2009,Honda,Fit,SPORT,4,Gasoline,235573,,,3100,17,,False
2014,Honda,Accord Sedan,TOURING,4,Gasoline,129752,,,9900,12,,False
2011,Honda,Pilot,TOURING,6,Gasoline,257058,,,3200,15,,False
2019,Honda,Accord Sedan,SPORT,4,Gasoline,65800,,,25000,7,,False
2022,Honda,Civic Sedan,TOURING,4,Gasoline,32576,,,28000,4,,False
2016,Honda,Odyssey,TOURING,6,Gasoline,248671,,,5100,10,,False
2011,Honda,Odyssey,TOURING,6,Gasoline,218634,,,8300,15,,False
2020,Honda,Civic Sedan,EX,4,Gasoline,122053,,,18300,6,,False
2013,Honda,Civic Sedan,LX,4,Gasoline,226500,,,3500,13,,False
2021,Honda,CR-V,SPORT,4,Gasoline,82898,,,22800,5,,False
2014,Honda,CR-V,LX,4,Gasoline,190130,,,8000,12,,False
2020,Honda,Accord Sedan,EX,4,Gasoline,154771,,,14400,6,,False
2022,Honda,Odyssey,TOURING,6,Gasoline,86998,,,41000,4,,False
2019,Honda,HR-V,LX,4,Gasoline,93758,,,16000,7,,False
2012,Honda,Civic Sedan,EX,4,Gasoline,162955,,,10700,14,,False
2018,Honda,Accord Sedan,TOURING,4,Gasoline,147590,,,12100,8,,False
2019,Honda,HR-V,TOURING,4,Gasoline,122172,,,18400,7,,False
2011,Honda,CR-V,EX,4,Gasoline,229919,,,6400,15,,False
2008,Honda,CR-V,EX,4,Gasoline,180355,,,5500,18,,False
2022,Honda,Accord Sedan,SPORT,4,Gasoline,83247,,,28100,4,,False
2018,Honda,CR-V,TOURING,4,Gasoline,235007,,,11900,8,,False
2015,Honda,CR-V,LX,4,Gasoline,231022,,,5500,11,,False
2024,Honda,Civic Sedan,SPORT,4,Gasoline,62290,,,28500,2,,False
2018,Honda,CR-V,LX,4,Gasoline,380279,,,9700,8,,False
2019,Honda,Odyssey,TOURING,6,Gasoline,201300,,,20400,7,,False
2019,Honda,Odyssey,no_mention,6,Gasoline,91850,,,15000,7,,False
2013,Honda,Civic Sedan,no_mention,4,Gasoline,210144,,,8900,13,,False
2017,Honda,Fit,no_mention,4,Gasoline,167833,,,8200,9,,False
2018,Honda,Civic Sedan,LX,4,Gasoline,118598,,,13100,8,,False
2012,Honda,CR-V,EX,4,Gasoline,241591,,,5300,14,,False
2020,Honda,Civic Sedan,LX,4,Gasoline,96607,,,15700,6,,False
2019,Honda,Civic Sedan,LX,4,Gasoline,139407,,,12700,7,,False
2019,Honda,CR-V,EX,4,Gasoline,174028,,,15100,7,,False
2016,Honda,HR-V,LX,4,Gasoline,203844,,,7600,10,,False
2022,Honda,Odyssey,TOURING,6,Gasoline,86998,,,41900,4,,False
2013,Honda,Civic Sedan,LX,4,Gasoline,226386,,,3200,13,,False
2013,Honda,Civic Sedan,EX,4,Gasoline,254138,,,4100,13,,False
2018,Honda,Civic Sedan,LX,4,Gasoline,123806,,,15000,8,,False
2020,Honda,CR-V,SPORT,4,Gasoline,54912,,,29000,6,,False
2020,Honda,Civic Sedan,SPORT,4,Gasoline,107301,,,19300,6,,False
2013,Honda,Accord Sedan,SPORT,4,Gasoline,99059,,,9700,13,,False
2012,Honda,Accord Sedan,no_mention,4,Gasoline,229180,,,4700,14,,False
2014,Honda,CR-V,LX,4,Gasoline,180161,,,8200,12,,False
2021,Honda,Civic Sedan,SPORT,4,Gasoline,115918,,,20800,5,,False
2022,Honda,Ridgeline,no_mention,6,Gasoline,84147,,,35100,4,,False
2021,Honda,Pilot,TOURING,6,Gasoline,88557,,,35200,5,,False
2022,Honda,CR-V,SPORT,4,Gasoline,92224,,,27500,4,,False
2014,Honda,CR-V,LX,4,Gasoline,158890,,,9800,12,,False
2019,Honda,HR-V,TOURING,4,Gasoline,202557,,,13000,7,,False
2017,Honda,HR-V,EX,4,Gasoline,189541,,,6500,9,,False
2017,Honda,Ridgeline,SPORT,6,Gasoline,101192,,,27000,9,,False
2010,Honda,CR-V,EX,4,Gasoline,273826,,,3000,16,,False
2025,Honda,Pilot,SPORT,6,Gasoline,14144,,,55500,1,,False
2019,Honda,Civic Sedan,TOURING,4,Gasoline,245786,,,10100,7,,False
2003,Honda,CR-V,EX,4,Gasoline,271016,,,3400,23,,False
2020,Honda,Pilot,TOURING,6,Gasoline,80621,,,34500,6,,False
2020,Honda,CR-V,EX,4,Gasoline,94855,,,24100,6,,False
2020,Honda,Odyssey,no_mention,6,Gasoline,370492,,,10500,6,,False
2008,Honda,Civic Sedan,EX,4,Gasoline,282045,,,3200,18,,False
2012,Honda,Civic Sedan,EX,4,Gasoline,228997,,,3200,14,,False
2012,Honda,Civic Sedan,EX,4,Gasoline,211855,,,4900,14,,False
2023,Honda,CR-V,EX,4,Gasoline,63950,,,31500,3,,False
2004,Honda,Pilot,LX,6,Gasoline,134169,,,7700,22,,False
2016,Honda,Accord Sedan,TOURING,4,Gasoline,281255,,,7000,10,,False
2020,Honda,CR-V,SPORT,4,Gasoline,123396,,,23600,6,,False
2015,Honda,Accord Sedan,TOURING,4,Gasoline,372412,,,5000,11,,False
2017,Honda,Civic Sedan,EX,4,Gasoline,100055,,,16500,9,,False
2013,Honda,CR-V,EX,4,Gasoline,179326,,,9300,13,,False
2019,Honda,Odyssey,no_mention,6,Gasoline,88146,,,29600,7,,False
2012,Honda,CR-V,EX,4,Gasoline,159088,,,5000,14,,False
2021,Honda,CR-V,no_mention,4,Gasoline,73919,,,30100,5,,False
2017,Honda,CR-V,LX,4,Gasoline,150141,,,14300,9,,False
2009,Honda,CR-V,EX,4,Gasoline,146295,,,6700,17,,False
2023,Honda,CR-V,no_mention,4,Gasoline,19500,,,36500,3,,False
2013,Honda,Civic Sedan,LX,4,Gasoline,38499,,,11800,13,,False
2022,Honda,Civic Sedan,SPORT,4,Gasoline,78015,,,25100,4,,False
2021,Honda,CR-V,SPORT,4,Gasoline,63195,,,29300,5,,False
2011,Honda,CR-V,EX,4,Gasoline,208264,,,5000,15,,False
2016,Honda,Civic Sedan,EX,4,Gasoline,212767,,,7000,10,,False
2012,Honda,Odyssey,EX,6,Gasoline,191643,,,5100,14,,False
2016,Honda,CR-V,no_mention,4,Gasoline,218141,,,8100,10,,False
2022,Honda,Pilot,no_mention,6,Gasoline,44000,,,42700,4,,False
2018,Honda,CR-V,LX,4,Gasoline,267845,,,9700,8,,False
2016,Honda,Odyssey,TOURING,6,Gasoline,206681,,,13100,10,,False
2018,Honda,Accord Sedan,TOURING,4,Gasoline,200358,,,12600,8,,False
2014,Honda,Civic Sedan,LX,4,Gasoline,138822,,,9100,12,,False
2021,Honda,CR-V,LX,4,Gasoline,103795,,,21100,5,,False
2020,Honda,CR-V,LX,4,Gasoline,34150,,,23400,6,,False
2020,Honda,Accord Sedan,TOURING,4,Gasoline,74000,,,25800,6,,False
2011,Honda,Odyssey,TOURING,6,Gasoline,261000,,,5200,15,,False
2022,Honda,CR-V,SPORT,4,Gasoline,87674,,,29700,4,,False
2021,Honda,Accord Sedan,no_mention,4,Gasoline,18700,,,27000,5,,False
2021,Honda,Civic Sedan,TOURING,4,Gasoline,71303,,,22000,5,,False
2015,Honda,Civic Sedan,LX,4,Gasoline,135465,,,8900,11,,False
2021,Honda,HR-V,LX,4,Gasoline,66736,,,21700,5,,False
2019,Honda,Ridgeline,EX,6,Gasoline,116450,,,23700,7,,False
2013,Honda,Odyssey,TOURING,6,Gasoline,144646,,,11000,13,,False
2018,Honda,Civic Sedan,EX,4,Gasoline,91050,,,17100,8,,False
2011,Honda,Civic Sedan,no_mention,4,Gasoline,194135,,,3600,15,,False
2022,Honda,CR-V,SPORT,4,Gasoline,33445,,,32200,4,,False
2016,Honda,HR-V,LX,4,Gasoline,153815,,,11500,10,,False
2022,Honda,Civic Sedan,EX,4,Gasoline,50306,,,21000,4,,False
2023,Honda,Odyssey,TOURING,6,Gasoline,67625,,,45500,3,,False
2010,Honda,Accord Sedan,EX,4,Gasoline,211789,,,5900,16,,False
2018,Honda,HR-V,LX,4,Gasoline,136206,,,14800,8,,False
2012,Honda,Civic Sedan,LX,4,Gasoline,105238,,,3000,14,,False
2015,Honda,Odyssey,EX,6,Gasoline,123295,,,13000,11,,False
2008,Honda,Civic Sedan,no_mention,4,Gasoline,208536,,,4100,18,,False
2020,Honda,Odyssey,TOURING,6,Gasoline,192663,,,26600,6,,False
2010,Honda,Civic Sedan,EX,4,Gasoline,250725,,,3600,16,,False
2018,Honda,CR-V,TOURING,4,Gasoline,131000,,,21500,8,,False
2020,Honda,Civic Sedan,EX,4,Gasoline,52907,,,22900,6,,False
2012,Honda,Accord Sedan,no_mention,4,Gasoline,186742,,,6800,14,,False
2012,Honda,CR-V,EX,4,Gasoline,170147,,,9000,14,,False
2019,Honda,Civic Sedan,EX,4,Gasoline,139676,,,15700,7,,False
2014,Honda,CR-V,EX,4,Gasoline,168618,,,10700,12,,False
2013,Honda,Civic Sedan,LX,4,Gasoline,195563,,,4500,13,,False
2017,Honda,CR-V,EX,4,Gasoline,193421,,,12900,9,,False
2020,Honda,CR-V,LX,4,Gasoline,110725,,,21100,6,,False
2015,Honda,Fit,EX,4,Gasoline,282006,,,4100,11,,False
2017,Honda,Civic Sedan,LX,4,Gasoline,158203,,,9800,9,,False
2013,Honda,CR-V,EX,4,Gasoline,349273,,,4200,13,,False
2021,Honda,Pilot,no_mention,6,Gasoline,113831,,,32800,5,,False
2011,Honda,CR-V,LX,4,Gasoline,222487,,,4100,15,,False
2015,Honda,CR-V,EX,4,Gasoline,234042,,,7000,11,,False
2005,Honda,CR-V,EX,4,Gasoline,279741,,,3400,21,,False
2024,Honda,Odyssey,TOURING,6,Gasoline,25500,,,52300,2,,False
2014,Honda,CR-V,TOURING,4,Gasoline,153489,,,13900,12,,False
2013,Honda,CR-V,EX,4,Gasoline,107188,,,13700,13,,False
2016,Honda,Civic Sedan,EX,4,Gasoline,251161,,,7000,10,,False
2021,Honda,CR-V,LX,4,Gasoline,90820,,,24000,5,,False
2011,Honda,Pilot,EX,6,Gasoline,191188,,,3800,15,,False
2017,Honda,Odyssey,EX,6,Gasoline,223483,,,13000,9,,False
2011,Honda,Odyssey,EX,6,Gasoline,208575,,,4500,15,,False
2018,Honda,CR-V,EX,4,Gasoline,151492,,,16700,8,,False
2023,Honda,Accord Sedan,EX,4,Gasoline,23219,,,31900,3,,False
2024,Honda,CR-V,SPORT,4,Gasoline,41975,,,36300,2,,False
2010,Honda,Odyssey,no_mention,6,Gasoline,200969,,,3700,16,,False
2012,Honda,Civic Sedan,LX,4,Gasoline,188484,,,5600,14,,False
2015,Honda,Fit,LX,4,Gasoline,81568,,,10500,11,,False
2011,Honda,Ridgeline,no_mention,6,Gasoline,59605,,,16200,15,,False
2025,Honda,Civic Sedan,SPORT,4,Gasoline,7097,,,31500,1,,False
2020,Honda,Civic Sedan,LX,4,Gasoline,46049,,,21000,6,,False
2010,Honda,Civic Sedan,no_mention,4,Gasoline,215721,,,3600,16,,False
2019,Honda,CR-V,LX,4,Gasoline,71480,,,23500,7,,False
2019,Honda,Civic Sedan,TOURING,4,Gasoline,60364,,,20500,7,,False
2020,Honda,Odyssey,no_mention,6,Gasoline,93643,,,30000,6,,False
2015,Honda,Accord Sedan,SPORT,4,Gasoline,148899,,,9400,11,,False
2021,Honda,CR-V,SPORT,4,Gasoline,63850,,,29400,5,,False
2023,Honda,Pilot,no_mention,6,Gasoline,56500,,,52200,3,,False
2013,Honda,Accord Sedan,EX,4,Gasoline,149125,,,7800,13,,False
2015,Honda,Fit,EX,4,Gasoline,145414,,,6400,11,,False
2021,Honda,CR-V,SPORT,4,Gasoline,100725,,,22900,5,,False
2019,Honda,CR-V,LX,4,Gasoline,184617,,,13700,7,,False
2018,Honda,Civic Sedan,no_mention,4,Gasoline,140821,,,16800,8,,False
2011,Honda,CR-V,LX,4,Gasoline,189280,,,6100,15,,False
2020,Honda,Pilot,TOURING,6,Gasoline,86526,,,33000,6,,False
2020,Honda,Civic Sedan,LX,4,Gasoline,45985,,,21100,6,,False
2022,Honda,Civic Sedan,LX,4,Gasoline,99965,,,21200,4,,False
2022,Honda,Civic Sedan,TOURING,4,Gasoline,10966,,,29400,4,,False
2012,Honda,CR-V,LX,4,Gasoline,319775,,,3100,14,,False
2022,Honda,Civic Sedan,TOURING,4,Gasoline,76372,,,26700,4,,False
2015,Honda,Pilot,TOURING,6,Gasoline,184601,,,12000,11,,False
2015,Honda,Odyssey,EX,6,Gasoline,135984,,,16600,11,,False
2017,Honda,Civic Sedan,TOURING,4,Gasoline,93660,,,17400,9,,False
2024,Honda,CR-V,SPORT,4,Gasoline,29355,,,38000,2,,False
2022,Honda,CR-V,LX,4,Gasoline,55725,,,28600,4,,False
2021,Honda,CR-V,SPORT,4,Gasoline,85878,,,25600,5,,False
2017,Honda,Pilot,EX,6,Gasoline,86927,,,23700,9,,False
2019,Honda,Civic Sedan,EX,4,Gasoline,66748,,,20100,7,,False
2024,Honda,CR-V,LX,4,Gasoline,48375,,,34500,2,,False
2016,Honda,HR-V,EX,4,Gasoline,140548,,,13400,10,,False
2019,Honda,Civic Sedan,TOURING,4,Gasoline,222535,,,12200,7,,False
2024,Honda,CR-V,EX,4,Gasoline,34092,,,39800,2,,False
2016,Honda,Civic Sedan,TOURING,4,Gasoline,220729,,,7000,10,,False
2022,Honda,Civic Sedan,TOURING,4,Gasoline,40869,,,28900,4,,False
2018,Honda,Odyssey,no_mention,6,Gasoline,330785,,,6100,8,,False
2019,Honda,Ridgeline,EX,6,Gasoline,138280,,,26300,7,,False
2024,Honda,Civic Sedan,SPORT,4,Gasoline,25188,,,29900,2,,False
2018,Honda,Civic Sedan,no_mention,4,Gasoline,131993,,,13100,8,,False
2023,Honda,Accord Sedan,EX,4,Gasoline,46972,,,30600,3,,False
2019,Honda,Ridgeline,SPORT,6,Gasoline,118262,,,25000,7,,False
2017,Honda,CR-V,TOURING,4,Gasoline,214275,,,12300,9,,False
2019,Honda,CR-V,TOURING,4,Gasoline,138069,,,22200,7,,False
2010,Honda,Civic Sedan,SPORT,4,Gasoline,90221,,,5300,16,,False
2019,Honda,CR-V,EX,4,Gasoline,109164,,,22700,7,,False
2017,Honda,CR-V,TOURING,4,Gasoline,183310,,,13400,9,,False
2008,Honda,CR-V,LX,4,Gasoline,178987,,,4100,18,,False
2017,Honda,Fit,LX,4,Gasoline,42711,,,18000,9,,False
2017,Honda,Civic Sedan,LX,4,Gasoline,161944,,,11400,9,,False
2025,Honda,Pilot,no_mention,6,Gasoline,33616,,,58400,1,,False
2021,Honda,Civic Sedan,LX,4,Gasoline,42082,,,21500,5,,False
2010,Honda,CR-V,EX,4,Gasoline,179780,,,6200,16,,False
2022,Honda,Civic Sedan,EX,4,Gasoline,65752,,,25600,4,,False
2020,Honda,Ridgeline,SPORT,6,Gasoline,73576,,,32900,6,,False
2017,Honda,Civic Sedan,LX,4,Gasoline,138964,,,12400,9,,False
2014,Honda,Civic Sedan,no_mention,4,Gasoline,177617,,,9400,12,,False
2022,Honda,Civic Sedan,LX,4,Gasoline,30743,,,23200,4,,False
2012,Honda,CR-V,LX,4,Gasoline,201074,,,5600,14,,False
2022,Honda,Pilot,TOURING,6,Gasoline,104443,,,33900,4,,False
2018,Honda,Odyssey,no_mention,6,Gasoline,292215,,,7100,8,,False
2025,Honda,Pilot,TOURING,6,Gasoline,12735,,,58000,1,,False
2022,Honda,HR-V,LX,4,Gasoline,25551,,,28000,4,,False
2016,Honda,CR-V,LX,4,Gasoline,202341,,,10300,10,,False
2021,Honda,CR-V,SPORT,4,Gasoline,89300,,,28000,5,,False
2017,Honda,Civic Sedan,EX,4,Gasoline,67897,,,18000,9,,False
2024,Honda,Civic Sedan,SPORT,4,Gasoline,39031,,,28100,2,,False
2022,Honda,CR-V,SPORT,4,Gasoline,43373,,,32000,4,,False
2014,Honda,Civic Sedan,LX,4,Gasoline,86836,,,8200,12,,False
2012,Honda,Civic Sedan,EX,4,Gasoline,240763,,,4600,14,,False
2021,Honda,CR-V,SPORT,4,Gasoline,86743,,,27300,5,,False
2015,Honda,Civic Sedan,EX,4,Gasoline,196000,,,7500,11,,False
2012,Honda,Civic Sedan,EX,4,Gasoline,216648,,,4000,14,,False
2019,Honda,Accord Sedan,SPORT,4,Gasoline,195349,,,14000,7,,False
2012,Honda,CR-V,EX,4,Gasoline,283009,,,3900,14,,False
2023,Honda,Civic Sedan,no_mention,4,Gasoline,99869,,,24000,3,,False
2022,Honda,Civic Sedan,TOURING,4,Gasoline,71409,,,27100,4,,False
2014,Honda,Ridgeline,SPORT,6,Gasoline,297957,,,4200,12,,False
2013,Honda,Pilot,TOURING,6,Gasoline,293734,,,4000,13,,False
2023,Honda,Civic Sedan,no_mention,4,Gasoline,15449,,,26600,3,,False
2010,Honda,Accord Sedan,EX,6,Gasoline,186598,,,5000,16,,False
2017,Honda,CR-V,EX,4,Gasoline,209207,,,9200,9,,False
2023,Honda,CR-V,EX,4,Gasoline,99961,,,32100,3,,False
2023,Honda,Civic Sedan,EX,4,Gasoline,138341,,,20000,3,,False
2013,Honda,Civic Sedan,EX,4,Gasoline,237654,,,5100,13,,False
2022,Honda,Civic Sedan,SPORT,4,Gasoline,110040,,,22800,4,,False
2016,Honda,CR-V,TOURING,4,Gasoline,229942,,,9900,10,,False
2010,Honda,CR-V,EX,4,Gasoline,318000,,,3100,16,,False
2019,Honda,Civic Sedan,EX,4,Gasoline,79993,,,19200,7,,False
2022,Honda,Odyssey,EX,6,Gasoline,51791,,,38000,4,,False
2016,Honda,CR-V,EX,4,Gasoline,168700,,,13400,10,,False
2014,Honda,CR-V,TOURING,4,Gasoline,276924,,,5100,12,,False
2014,Honda,CR-V,EX,4,Gasoline,371753,,,3600,12,,False
2019,Honda,Civic Sedan,LX,4,Gasoline,262735,,,7000,7,,False
2016,Honda,Pilot,EX,6,Gasoline,257649,,,8800,10,,False
2021,Honda,CR-V,EX,4,Gasoline,88400,,,27700,5,,False
2020,Honda,Civic Sedan,LX,4,Gasoline,91384,,,18000,6,,False
2011,Honda,Civic Sedan,no_mention,4,Gasoline,100552,,,7300,15,,False
2014,Honda,CR-V,EX,4,Gasoline,163955,,,8000,12,,False
2013,Honda,Accord Sedan,EX,4,Gasoline,234111,,,3800,13,,False
2017,Honda,CR-V,LX,4,Gasoline,140802,,,15000,9,,False
2000,Honda,CR-V,EX,4,Gasoline,232568,,,3000,26,,False
2018,Honda,Pilot,TOURING,6,Gasoline,165651,,,25200,8,,False
2011,Honda,Odyssey,LX,6,Gasoline,119865,,,3900,15,,False
2010,Honda,CR-V,EX,4,Gasoline,208246,,,6100,16,,False
2017,Honda,Civic Sedan,EX,4,Gasoline,72845,,,12100,9,,False
2020,Honda,CR-V,EX,4,Gasoline,49009,,,28500,6,,False
2011,Honda,Civic Sedan,no_mention,4,Gasoline,152319,,,4200,15,,False
2014,Honda,Fit,no_mention,4,Gasoline,90345,,,7500,12,,False
2020,Honda,Accord Sedan,SPORT,4,Gasoline,129363,,,18600,6,,False
2025,Honda,Civic Sedan,LX,4,Gasoline,20258,,,29000,1,,False
2015,Honda,CR-V,no_mention,4,Gasoline,264596,,,5700,11,,False
2013,Honda,Pilot,EX,6,Gasoline,94448,,,11600,13,,False
2023,Honda,Civic Sedan,EX,4,Gasoline,35628,,,24300,3,,False
2018,Honda,Odyssey,EX,6,Gasoline,158666,,,22200,8,,False
2015,Honda,Accord Sedan,SPORT,4,Gasoline,174047,,,9600,11,,False
2017,Honda,Civic Sedan,EX,4,Gasoline,207472,,,8600,9,,False
2020,Honda,Civic Sedan,EX,4,Gasoline,140430,,,17300,6,,False
2018,Honda,Civic Sedan,TOURING,4,Gasoline,118899,,,16700,8,,False
2024,Honda,CR-V,SPORT,4,Gasoline,42703,,,35900,2,,False
2022,Honda,Accord Sedan,no_mention,4,Gasoline,57370,,,28100,4,,False
2015,Honda,CR-V,EX,4,Gasoline,138130,,,11000,11,,False
2018,Honda,Accord Sedan,TOURING,4,Gasoline,326025,,,9200,8,,False
2016,Honda,CR-V,TOURING,4,Gasoline,202554,,,10000,10,,False
2017,Honda,Odyssey,EX,6,Gasoline,115860,,,18900,9,,False
2020,Honda,CR-V,SPORT,4,Gasoline,69300,,,26800,6,,False
2022,Honda,HR-V,SPORT,4,Gasoline,67461,,,26100,4,,False
2015,Honda,Civic Sedan,LX,4,Gasoline,68907,,,11100,11,,False
2013,Honda,Civic Sedan,LX,4,Gasoline,191344,,,4000,13,,False
2018,Honda,CR-V,EX,4,Gasoline,199373,,,13500,8,,False
2010,Honda,CR-V,LX,4,Gasoline,170054,,,3300,16,,False
2010,Honda,Civic Sedan,no_mention,4,Gasoline,115312,,,4100,16,,False
2012,Honda,CR-V,EX,4,Gasoline,173000,,,9500,14,,False
2015,Honda,CR-V,LX,4,Gasoline,87230,,,10000,11,,False
2019,Honda,Odyssey,TOURING,6,Gasoline,78289,,,36500,7,,False
2008,Honda,Ridgeline,LX,6,Gasoline,168543,,,4500,18,,False
2018,Honda,Accord Sedan,SPORT,4,Gasoline,116208,,,17100,8,,False
2016,Honda,Civic Sedan,EX,4,Gasoline,99564,,,14500,10,,False
2012,Honda,Odyssey,TOURING,6,Gasoline,274484,,,4200,14,,False
2019,Honda,Pilot,TOURING,6,Gasoline,202531,,,18600,7,,False
2021,Honda,Civic Sedan,TOURING,4,Gasoline,27522,,,21600,5,,False
2017,Honda,CR-V,EX,4,Gasoline,125923,,,13500,9,,False
2021,Honda,CR-V,LX,4,Gasoline,33663,,,28000,5,,False
2017,Honda,CR-V,TOURING,4,Gasoline,107885,,,21600,9,,False
2023,Honda,Ridgeline,no_mention,6,Gasoline,18450,,,48200,3,,False
2024,Honda,Pilot,TOURING,6,Gasoline,43003,,,52600,2,,False
2017,Honda,CR-V,LX,4,Gasoline,212334,,,11700,9,,False
2014,Honda,Civic Sedan,EX,4,Gasoline,310153,,,3500,12,,False
2015,Honda,Odyssey,TOURING,6,Gasoline,240754,,,6500,11,,False
2023,Honda,CR-V,no_mention,4,Gasoline,63146,,,33000,3,,False
2019,Honda,Civic Sedan,LX,4,Gasoline,225399,,,8900,7,,False
2012,Honda,Civic Sedan,EX,4,Gasoline,227724,,,3900,14,,False
2014,Honda,CR-V,TOURING,4,Gasoline,306716,,,4000,12,,False
2022,Honda,Civic Sedan,LX,4,Gasoline,51882,,,24900,4,,False
2018,Honda,Fit,SPORT,4,Gasoline,79867,,,13000,8,,False
2021,Honda,CR-V,EX,4,Gasoline,182545,,,18500,5,,False
2024,Honda,Civic Sedan,SPORT,4,Gasoline,50446,,,28200,2,,False
2022,Honda,HR-V,SPORT,4,Gasoline,87153,,,24000,4,,False
2012,Honda,Pilot,EX,6,Gasoline,229095,,,6500,14,,False
2020,Honda,CR-V,SPORT,4,Gasoline,98780,,,23200,6,,False
2016,Honda,Civic Sedan,EX,4,Gasoline,50986,,,16900,10,,False
2021,Honda,CR-V,SPORT,4,Gasoline,115655,,,25600,5,,False
2021,Honda,Civic Sedan,LX,4,Gasoline,158053,,,12800,5,,False
2019,Honda,Fit,EX,4,Gasoline,46764,,,23700,7,,False
2011,Honda,CR-V,LX,4,Gasoline,178585,,,5000,15,,False
2017,Honda,CR-V,LX,4,Gasoline,199032,,,9300,9,,False
2016,Honda,Civic Sedan,LX,4,Gasoline,139681,,,12300,10,,False
2016,Honda,Odyssey,LX,6,Gasoline,139494,,,13000,10,,False
2015,Honda,Fit,EX,4,Gasoline,228926,,,4400,11,,False
2015,Honda,Accord Sedan,TOURING,4,Gasoline,147386,,,12200,11,,False
2011,Honda,CR-V,EX,4,Gasoline,181444,,,5800,15,,False
2005,Honda,Odyssey,EX,6,Gasoline,185355,,,4200,21,,False
2016,Honda,Pilot,EX,6,Gasoline,158665,,,16400,10,,False
2021,Honda,CR-V,LX,4,Gasoline,141476,,,18500,5,,False
2015,Honda,Odyssey,EX,6,Gasoline,349948,,,4200,11,,False
2020,Honda,Civic Sedan,EX,4,Gasoline,103589,,,17000,6,,False
2021,Honda,Civic Sedan,TOURING,4,Gasoline,80862,,,23100,5,,False
2021,Honda,CR-V,TOURING,4,Gasoline,29339,,,33500,5,,False
2021,Honda,CR-V,TOURING,4,Gasoline,71101,,,30000,5,,False
2022,Honda,CR-V,SPORT,4,Gasoline,58479,,,30200,4,,False
2021,Honda,CR-V,LX,4,Gasoline,54035,,,28200,5,,False
2020,Honda,CR-V,LX,4,Gasoline,103026,,,20700,6,,False
2018,Honda,Civic Sedan,LX,4,Gasoline,111501,,,17600,8,,False
2021,Honda,Pilot,TOURING,6,Gasoline,81437,,,29600,5,,False
2019,Honda,HR-V,TOURING,4,Gasoline,64100,,,25700,7,,False
2023,Honda,Civic Sedan,LX,4,Gasoline,25843,,,26900,3,,False
2013,Honda,Civic Sedan,LX,4,Gasoline,137480,,,7200,13,,False
2019,Honda,Pilot,LX,6,Gasoline,107315,,,26000,7,,False
2016,Honda,HR-V,EX,4,Gasoline,135318,,,12500,10,,False
2018,Honda,Civic Sedan,LX,4,Gasoline,81974,,,14600,8,,False
2019,Honda,HR-V,LX,4,Gasoline,143525,,,15500,7,,False
2024,Honda,CR-V,EX,4,Gasoline,16950,,,40100,2,,False
2010,Honda,Fit,LX,4,Gasoline,88123,,,6300,16,,False
2019,Honda,HR-V,SPORT,4,Gasoline,137814,,,16400,7,,False
2008,Honda,CR-V,EX,4,Gasoline,192370,,,4600,18,,False
2015,Honda,Odyssey,EX,6,Gasoline,127666,,,13000,11,,False
2017,Honda,Civic Sedan,LX,4,Gasoline,200046,,,6100,9,,False
2018,Honda,Accord Sedan,SPORT,4,Gasoline,193259,,,12400,8,,False
2015,Honda,Civic Sedan,LX,4,Gasoline,60516,,,5500,11,,False
2017,Honda,CR-V,TOURING,4,Gasoline,119089,,,21600,9,,False
2021,Honda,Civic Sedan,LX,4,Gasoline,114691,,,19500,5,,False
2022,Honda,CR-V,no_mention,4,Gasoline,83844,,,25000,4,,False
2020,Honda,CR-V,SPORT,4,Gasoline,80181,,,19300,6,,False
2009,Honda,Accord Sedan,EX,4,Gasoline,68497,,,6300,17,,False
2012,Honda,CR-V,EX,4,Gasoline,148894,,,10200,14,,False
2020,Honda,Civic Sedan,EX,4,Gasoline,116979,,,14700,6,,False
2022,Honda,Accord Sedan,TOURING,4,Gasoline,54372,,,25000,4,,False
2022,Honda,CR-V,EX,4,Gasoline,29047,,,32200,4,,False
2021,Honda,Accord Sedan,SPORT,4,Gasoline,51518,,,29000,5,,False
2014,Honda,Civic Sedan,EX,4,Gasoline,103373,,,9300,12,,False
2022,Honda,Ridgeline,SPORT,6,Gasoline,82135,,,35400,4,,False
2023,Honda,CR-V,EX,4,Gasoline,63328,,,35100,3,,False
2019,Honda,Civic Sedan,LX,4,Gasoline,89830,,,16500,7,,False
2015,Honda,CR-V,LX,4,Gasoline,232346,,,6500,11,,False
2017,Honda,Civic Sedan,LX,4,Gasoline,117887,,,9200,9,,False
2020,Honda,HR-V,SPORT,4,Gasoline,109850,,,20500,6,,False
2016,Honda,Pilot,TOURING,6,Gasoline,122461,,,19400,10,,False
2023,Honda,CR-V,EX,4,Gasoline,15764,,,37000,3,,False
2018,Honda,Civic Sedan,no_mention,4,Gasoline,100226,,,15400,8,,False
2014,Honda,Odyssey,TOURING,6,Gasoline,162782,,,13000,12,,False
2016,Honda,Civic Sedan,TOURING,4,Gasoline,136983,,,14500,10,,False
2016,Honda,CR-V,EX,4,Gasoline,280972,,,6000,10,,False
2017,Honda,CR-V,EX,4,Gasoline,163386,,,16900,9,,False
2011,Honda,CR-V,EX,4,Gasoline,204970,,,4000,15,,False
2012,Honda,Civic Sedan,LX,4,Gasoline,230527,,,3200,14,,False
2014,Honda,CR-V,EX,4,Gasoline,207157,,,7100,12,,False
2016,Honda,Pilot,TOURING,6,Gasoline,316312,,,6500,10,,False
2016,Honda,Pilot,EX,6,Gasoline,199090,,,15000,10,,False
2018,Honda,CR-V,LX,4,Gasoline,187117,,,16000,8,,False
2013,Honda,CR-V,TOURING,4,Gasoline,271917,,,6000,13,,False
2010,Honda,CR-V,EX,4,Gasoline,136984,,,7400,16,,False
2018,Honda,HR-V,LX,4,Gasoline,210648,,,6700,8,,False
2022,Honda,HR-V,LX,4,Gasoline,23974,,,25100,4,,False
2018,Honda,Odyssey,EX,6,Gasoline,208458,,,15600,8,,False
2009,Honda,Accord Sedan,EX,4,Gasoline,187516,,,3100,17,,False
2022,Honda,Odyssey,TOURING,6,Gasoline,76839,,,43000,4,,False
2022,Honda,CR-V,LX,4,Gasoline,145148,,,23000,4,,False
2019,Honda,CR-V,EX,4,Gasoline,138252,,,20200,7,,False
2020,Honda,Odyssey,EX,6,Gasoline,102506,,,24600,6,,False
2023,Honda,Civic Sedan,no_mention,4,Gasoline,45359,,,27900,3,,False
2022,Honda,CR-V,SPORT,4,Gasoline,83959,,,27100,4,,False
2024,Honda,CR-V,SPORT,4,Gasoline,33674,,,35400,2,,False
2015,Honda,Civic Sedan,EX,4,Gasoline,203225,,,6800,11,,False
2012,Honda,CR-V,EX,4,Gasoline,200842,,,6900,14,,False
2015,Honda,Pilot,EX,6,Gasoline,169055,,,11100,11,,False
2018,Honda,Civic Sedan,LX,4,Gasoline,81751,,,15300,8,,False
2022,Honda,CR-V,EX,4,Gasoline,42540,,,33200,4,,False
2019,Honda,Odyssey,no_mention,6,Gasoline,94500,,,27900,7,,False
2019,Honda,Accord Sedan,SPORT,4,Gasoline,166988,,,14200,7,,False
2019,Honda,Accord Sedan,SPORT,4,Gasoline,57620,,,21100,7,,False
2015,Honda,Odyssey,EX,6,Gasoline,190243,,,9800,11,,False
2015,Honda,Odyssey,EX,6,Gasoline,153374,,,14100,11,,False
2019,Honda,Civic Sedan,SPORT,4,Gasoline,376517,,,5400,7,,False
2012,Honda,CR-V,TOURING,4,Gasoline,136246,,,13700,14,,False
2023,Honda,CR-V,no_mention,4,Gasoline,31640,,,32500,3,,False
2013,Honda,Pilot,LX,6,Gasoline,47235,,,12100,13,,False
2017,Honda,CR-V,TOURING,4,Gasoline,211109,,,14100,9,,False
2012,Honda,Pilot,EX,6,Gasoline,136800,,,13100,14,,False
2020,Honda,Civic Sedan,LX,4,Gasoline,139626,,,17300,6,,False
2016,Honda,Odyssey,EX,6,Gasoline,179114,,,11200,10,,False
2021,Honda,Pilot,TOURING,6,Gasoline,82780,,,34700,5,,False
2019,Honda,Pilot,EX,6,Gasoline,70850,,,32000,7,,False
2023,Honda,CR-V,no_mention,4,Gasoline,47585,,,33700,3,,False
2018,Honda,HR-V,EX,4,Gasoline,188483,,,11100,8,,False
2022,Honda,CR-V,SPORT,4,Gasoline,87655,,,28600,4,,False
2025,Honda,CR-V,LX,4,Gasoline,29600,,,36600,1,,False
2011,Honda,CR-V,LX,4,Gasoline,257961,,,3200,15,,False
2020,Honda,HR-V,SPORT,4,Gasoline,110439,,,14900,6,,False
2019,Honda,Civic Sedan,EX,4,Gasoline,157904,,,14600,7,,False
2015,Honda,Civic Sedan,EX,4,Gasoline,192700,,,7800,11,,False
2015,Honda,Civic Sedan,EX,4,Gasoline,124202,,,11700,11,,False
2023,Honda,HR-V,SPORT,4,Gasoline,56240,,,27500,3,,False
2007,Honda,Civic Sedan,EX,4,Gasoline,113131,,,5200,19,,False
2018,Honda,Accord Sedan,LX,4,Gasoline,193858,,,8800,8,,False
2018,Honda,CR-V,EX,4,Gasoline,97857,,,23200,8,,False
2016,Honda,Civic Sedan,LX,4,Gasoline,245106,,,8100,10,,False
2020,Honda,Pilot,TOURING,6,Gasoline,140708,,,27000,6,,False
2016,Honda,Civic Sedan,TOURING,4,Gasoline,133647,,,16300,10,,False
2023,Honda,CR-V,no_mention,4,Gasoline,43924,,,34000,3,,False
2014,Honda,CR-V,EX,4,Gasoline,191085,,,9400,12,,False
2019,Honda,CR-V,LX,4,Gasoline,186720,,,12200,7,,False
2017,Honda,Civic Sedan,TOURING,4,Gasoline,106239,,,16100,9,,False
2023,Honda,Civic Sedan,no_mention,4,Gasoline,43019,,,26500,3,,False
2012,Honda,Civic Sedan,LX,4,Gasoline,183103,,,3400,14,,False
2018,Honda,Odyssey,no_mention,6,Gasoline,163798,,,18400,8,,False
2018,Honda,Civic Sedan,no_mention,4,Gasoline,61085,,,17600,8,,False
2018,Honda,CR-V,LX,4,Gasoline,104915,,,18300,8,,False
2024,Honda,Ridgeline,SPORT,6,Gasoline,9330,,,50500,2,,False
2021,Honda,Civic Sedan,TOURING,4,Gasoline,10646,,,25500,5,,False
2021,Honda,CR-V,TOURING,4,Gasoline,78937,,,29500,5,,False
2014,Honda,Odyssey,EX,6,Gasoline,121746,,,8700,12,,False
2015,Honda,Civic Sedan,LX,4,Gasoline,74068,,,10300,11,,False
2019,Honda,Civic Sedan,LX,4,Gasoline,136336,,,15800,7,,False
2021,Honda,CR-V,SPORT,4,Gasoline,74368,,,28700,5,,False
2016,Honda,Civic Sedan,EX,4,Gasoline,188750,,,10400,10,,False
2019,Honda,Civic Sedan,LX,4,Gasoline,136843,,,14400,7,,False
2014,Honda,CR-V,EX,4,Gasoline,216911,,,7000,12,,False
2011,Honda,Accord Sedan,no_mention,4,Gasoline,194357,,,7000,15,,False
2021,Honda,Pilot,EX,6,Gasoline,95200,,,33000,5,,False
2017,Honda,Civic Sedan,LX,4,Gasoline,156202,,,9200,9,,False
2017,Honda,Ridgeline,TOURING,6,Gasoline,232148,,,15700,9,,False
2021,Honda,Accord Sedan,SPORT,4,Gasoline,102055,,,26000,5,,False
2023,Honda,Pilot,no_mention,6,Gasoline,32400,,,55000,3,,False
2023,Honda,Odyssey,TOURING,6,Gasoline,61045,,,45500,3,,False
2010,Honda,CR-V,EX,4,Gasoline,195653,,,4900,16,,False
2021,Honda,CR-V,LX,4,Gasoline,91684,,,22000,5,,False
2016,Honda,Civic Sedan,TOURING,4,Gasoline,177326,,,10000,10,,False
2016,Honda,Civic Sedan,TOURING,4,Gasoline,199517,,,9300,10,,False
2014,Honda,CR-V,EX,4,Gasoline,127793,,,9700,12,,False
2014,Honda,Fit,no_mention,4,Gasoline,155790,,,6600,12,,False
2013,Honda,Accord Sedan,TOURING,4,Gasoline,248250,,,5200,13,,False
2009,Honda,Civic Sedan,no_mention,4,Gasoline,166973,,,5100,17,,False
2015,Honda,Civic Sedan,EX,4,Gasoline,275848,,,5900,11,,False
2019,Honda,Civic Sedan,LX,4,Gasoline,105000,,,16700,7,,False
2022,Honda,Civic Sedan,TOURING,4,Gasoline,98353,,,17200,4,,False
2020,Honda,Civic Sedan,LX,4,Gasoline,77000,,,20600,6,,False
2021,Honda,Civic Sedan,LX,4,Gasoline,133532,,,18000,5,,False
2024,Honda,Civic Sedan,SPORT,4,Gasoline,26180,,,28200,2,,False
2014,Honda,CR-V,EX,4,Gasoline,275670,,,4400,12,,False
2017,Honda,Civic Sedan,LX,4,Gasoline,244567,,,7900,9,,False
2015,Honda,Pilot,TOURING,6,Gasoline,274691,,,4300,11,,False
2020,Honda,Civic Sedan,LX,4,Gasoline,95135,,,20100,6,,False
2015,Honda,CR-V,TOURING,4,Gasoline,200902,,,11800,11,,False
2017,Honda,Civic Sedan,EX,4,Gasoline,136674,,,13600,9,,False
2020,Honda,Civic Sedan,LX,4,Gasoline,61853,,,18400,6,,False
2023,Honda,Pilot,no_mention,6,Gasoline,29900,,,53300,3,,False
2023,Honda,Accord Sedan,EX,4,Gasoline,46986,,,27800,3,,False
2022,Honda,CR-V,SPORT,4,Gasoline,66622,,,30900,4,,False
2018,Honda,Pilot,EX,6,Gasoline,231306,,,14000,8,,False
2017,Honda,Civic Sedan,EX,4,Gasoline,83000,,,16200,9,,False
2011,Honda,Civic Sedan,no_mention,4,Gasoline,111958,,,6400,15,,False
2012,Honda,Odyssey,EX,6,Gasoline,282118,,,3100,14,,False
2017,Honda,Odyssey,no_mention,6,Gasoline,106781,,,18600,9,,False
2022,Honda,Accord Sedan,TOURING,4,Gasoline,35383,,,35300,4,,False
2018,Honda,Accord Sedan,TOURING,4,Gasoline,154456,,,17000,8,,False
2017,Honda,CR-V,TOURING,4,Gasoline,209002,,,14200,9,,False
2023,Honda,CR-V,EX,4,Gasoline,103102,,,32300,3,,False
2022,Honda,Civic Sedan,EX,4,Gasoline,49084,,,25100,4,,False
2014,Honda,Fit,LX,4,Gasoline,152193,,,4100,12,,False
2016,Honda,Pilot,TOURING,6,Gasoline,186953,,,16500,10,,False
2017,Honda,Ridgeline,TOURING,6,Gasoline,182180,,,18500,9,,False
2018,Honda,Civic Sedan,LX,4,Gasoline,150408,,,14400,8,,False
2018,Honda,Odyssey,EX,6,Gasoline,72399,,,24200,8,,False
2023,Honda,CR-V,EX,4,Gasoline,39408,,,36600,3,,False
2013,Honda,Odyssey,TOURING,6,Gasoline,180866,,,9000,13,,False
2018,Honda,CR-V,EX,4,Gasoline,198854,,,11600,8,,False
2018,Honda,Odyssey,TOURING,6,Gasoline,98529,,,19800,8,,False
2015,Honda,CR-V,no_mention,4,Gasoline,188826,,,9900,11,,False
2015,Honda,Civic Sedan,LX,4,Gasoline,196518,,,7400,11,,False
2018,Honda,CR-V,EX,4,Gasoline,119232,,,24100,8,,False
2016,Honda,Pilot,EX,6,Gasoline,151963,,,18800,10,,False
2021,Honda,Civic Sedan,LX,4,Gasoline,59788,,,21200,5,,False
2020,Honda,CR-V,LX,4,Gasoline,177332,,,15500,6,,False
2016,Honda,Accord Sedan,TOURING,4,Gasoline,182000,,,12700,10,,False
2012,Honda,Fit,LX,4,Gasoline,167157,,,4300,14,,False
2018,Honda,Accord Sedan,SPORT,4,Gasoline,169701,,,15100,8,,False
2021,Honda,CR-V,LX,4,Gasoline,50302,,,27400,5,,False
2022,Honda,Civic Sedan,TOURING,4,Gasoline,42559,,,29300,4,,False
2018,Honda,HR-V,LX,4,Gasoline,137615,,,14100,8,,False
2022,Honda,CR-V,SPORT,4,Gasoline,83959,,,30000,4,,False
2010,Honda,CR-V,LX,4,Gasoline,208451,,,4100,16,,False
2016,Honda,Fit,LX,4,Gasoline,153492,,,9900,10,,False
2014,Honda,CR-V,EX,4,Gasoline,230351,,,5800,12,,False
2020,Honda,Civic Sedan,EX,4,Gasoline,61481,,,22900,6,,False
2010,Honda,CR-V,LX,4,Gasoline,165653,,,6600,16,,False
2020,Honda,CR-V,LX,4,Gasoline,103177,,,21900,6,,False
2024,Honda,Odyssey,no_mention,6,Gasoline,44583,,,49800,2,,False
2014,Honda,Civic Sedan,LX,4,Gasoline,250469,,,5000,12,,False
2018,Honda,Civic Sedan,LX,4,Gasoline,191557,,,12400,8,,False
2021,Honda,Accord Sedan,no_mention,4,Gasoline,62428,,,23800,5,,False
2018,Honda,Civic Sedan,TOURING,4,Gasoline,80389,,,20000,8,,False
2020,Honda,CR-V,no_mention,4,Gasoline,70500,,,29700,6,,False
2022,Honda,Pilot,SPORT,6,Gasoline,72725,,,35000,4,,False
2021,Honda,Accord Sedan,no_mention,4,Gasoline,50015,,,23300,5,,False
2009,Honda,CR-V,LX,4,Gasoline,129446,,,3500,17,,False
2013,Honda,Civic Sedan,EX,4,Gasoline,277078,,,4200,13,,False
2016,Honda,Civic Sedan,EX,4,Gasoline,339419,,,6600,10,,False
2024,Honda,CR-V,LX,4,Gasoline,25188,,,31300,2,,False
2012,Honda,CR-V,LX,4,Gasoline,247488,,,4800,14,,False
2013,Honda,CR-V,LX,4,Gasoline,118280,,,8400,13,,False
2011,Honda,Accord Sedan,no_mention,4,Gasoline,197163,,,6500,15,,False
2016,Honda,Civic Sedan,EX,4,Gasoline,245860,,,8600,10,,False
2017,Honda,CR-V,EX,4,Gasoline,161156,,,11700,9,,False
2021,Honda,CR-V,SPORT,4,Gasoline,48273,,,30500,5,,False
2018,Honda,CR-V,TOURING,4,Gasoline,122500,,,22100,8,,False
2014,Honda,Accord Sedan,EX,4,Gasoline,92462,,,9600,12,,False
2021,Honda,CR-V,SPORT,4,Gasoline,74863,,,27500,5,,False
2010,Honda,Accord Sedan,LX,4,Gasoline,164381,,,4100,16,,False
2013,Honda,CR-V,LX,4,Gasoline,227431,,,4200,13,,False
2010,Honda,Civic Sedan,no_mention,4,Gasoline,197534,,,3600,16,,False
2023,Honda,Civic Sedan,no_mention,4,Gasoline,26732,,,25100,3,,False
2014,Honda,Civic Sedan,EX,4,Gasoline,202639,,,6400,12,,False
2020,Honda,Civic Sedan,EX,4,Gasoline,62198,,,21900,6,,False
2023,Honda,Pilot,TOURING,6,Gasoline,94938,,,45000,3,,False
2012,Honda,Odyssey,EX,6,Gasoline,282620,,,3700,14,,False
2022,Honda,Civic Sedan,TOURING,4,Gasoline,151049,,,19500,4,,False
2017,Honda,Ridgeline,TOURING,6,Gasoline,126056,,,28200,9,,False
2021,Honda,Pilot,EX,6,Gasoline,105400,,,28500,5,,False
2014,Honda,Accord Sedan,TOURING,4,Gasoline,71153,,,12400,12,,False
2010,Honda,Civic Sedan,SPORT,4,Gasoline,145760,,,4200,16,,False
2018,Honda,Odyssey,no_mention,6,Gasoline,89348,,,18100,8,,False
2015,Honda,Accord Sedan,TOURING,4,Gasoline,338683,,,4000,11,,False
2011,Honda,Pilot,EX,6,Gasoline,268478,,,5000,15,,False
2020,Honda,CR-V,TOURING,4,Gasoline,116777,,,26500,6,,False
2021,Honda,CR-V,EX,4,Gasoline,91327,,,27500,5,,False
2018,Honda,Accord Sedan,SPORT,4,Gasoline,147206,,,14300,8,,False
2016,Honda,CR-V,LX,4,Gasoline,130263,,,14500,10,,False
2020,Honda,CR-V,no_mention,4,Gasoline,48160,,,28000,6,,False
2018,Honda,Civic Sedan,LX,4,Gasoline,163866,,,13400,8,,False
2012,Honda,Civic Sedan,LX,4,Gasoline,215016,,,3000,14,,False
2015,Honda,Odyssey,EX,6,Gasoline,132863,,,12900,11,,False
2017,Honda,Civic Sedan,EX,4,Gasoline,89692,,,15500,9,,False
2015,Honda,Fit,no_mention,4,Gasoline,228156,,,5400,11,,False
2015,Honda,CR-V,LX,4,Gasoline,210642,,,8200,11,,False
2020,Honda,Odyssey,EX,6,Gasoline,99932,,,33500,6,,False
2023,Honda,HR-V,SPORT,4,Gasoline,56103,,,27200,3,,False
2013,Honda,Civic Sedan,EX,4,Gasoline,218137,,,5900,13,,False
2016,Honda,CR-V,TOURING,4,Gasoline,148876,,,16500,10,,False
2015,Honda,CR-V,LX,4,Gasoline,232340,,,4700,11,,False
2016,Honda,Pilot,EX,6,Gasoline,53247,,,24500,10,,False
2022,Honda,CR-V,EX,4,Gasoline,25647,,,34500,4,,False
2012,Honda,Civic Sedan,EX,4,Gasoline,277792,,,3000,14,,False
2010,Honda,Civic Sedan,no_mention,4,Gasoline,174625,,,3300,16,,False
2021,Honda,CR-V,SPORT,4,Gasoline,74367,,,29000,5,,False
2013,Honda,Civic Sedan,EX,4,Gasoline,222378,,,6500,13,,False
2024,Honda,Civic Sedan,SPORT,4,Gasoline,14350,,,29500,2,,False
2017,Honda,Accord Sedan,TOURING,4,Gasoline,97487,,,20100,9,,False
2017,Honda,Civic Sedan,TOURING,4,Gasoline,128431,,,12900,9,,False
2011,Honda,Civic Sedan,no_mention,4,Gasoline,178261,,,3900,15,,False
2014,Honda,Odyssey,EX,6,Gasoline,121998,,,14200,12,,False
2018,Honda,CR-V,TOURING,4,Gasoline,191436,,,14800,8,,False
2011,Honda,Civic Sedan,no_mention,4,Gasoline,89816,,,5900,15,,False
2017,Honda,Civic Sedan,LX,4,Gasoline,149989,,,10200,9,,False
2021,Honda,CR-V,LX,4,Gasoline,92025,,,23200,5,,False
2020,Honda,CR-V,EX,4,Gasoline,91400,,,26300,6,,False
2011,Honda,Odyssey,EX,6,Gasoline,202258,,,3800,15,,False
2017,Honda,CR-V,EX,4,Gasoline,271452,,,9800,9,,False
2012,Honda,Ridgeline,SPORT,6,Gasoline,276368,,,4600,14,,False
2023,Honda,CR-V,no_mention,4,Gasoline,30489,,,35300,3,,False
2016,Honda,Civic Sedan,LX,4,Gasoline,155218,,,10500,10,,False
2012,Honda,CR-V,EX,4,Gasoline,149914,,,7000,14,,False
2015,Honda,CR-V,LX,4,Gasoline,101625,,,15000,11,,False
2019,Honda,Odyssey,EX,6,Gasoline,73299,,,26500,7,,False
2020,Honda,Accord Sedan,TOURING,4,Gasoline,246508,,,10500,6,,False
2016,Honda,HR-V,LX,4,Gasoline,193734,,,3300,10,,False
2022,Honda,CR-V,SPORT,4,Gasoline,73864,,,29400,4,,False
2022,Honda,CR-V,SPORT,4,Gasoline,93506,,,27400,4,,False
2021,Honda,CR-V,LX,4,Gasoline,143349,,,20000,5,,False
2015,Honda,CR-V,EX,4,Gasoline,185170,,,9500,11,,False
2020,Honda,CR-V,SPORT,4,Gasoline,78957,,,23000,6,,False
2020,Honda,Civic Sedan,LX,4,Gasoline,153751,,,13900,6,,False
2017,Honda,Civic Sedan,LX,4,Gasoline,79383,,,17200,9,,False
2020,Honda,CR-V,SPORT,4,Gasoline,99599,,,24200,6,,False
2020,Honda,CR-V,LX,4,Gasoline,120426,,,20000,6,,False
2018,Honda,Odyssey,TOURING,6,Gasoline,261523,,,12000,8,,False
2016,Honda,Civic Sedan,LX,4,Gasoline,244908,,,5200,10,,False
2022,Honda,CR-V,SPORT,4,Gasoline,73864,,,29500,4,,False
2003,Honda,Pilot,EX,6,Gasoline,153426,,,4200,23,,False
2016,Honda,Civic Sedan,EX,4,Gasoline,142629,,,12800,10,,False
2020,Honda,CR-V,EX,4,Gasoline,68672,,,20300,6,,False
2020,Honda,CR-V,SPORT,4,Gasoline,57129,,,27600,6,,False
2022,Honda,Pilot,EX,6,Gasoline,96498,,,34400,4,,False
2011,Honda,CR-V,EX,4,Gasoline,220518,,,7600,15,,False
2011,Honda,CR-V,EX,4,Gasoline,223830,,,5300,15,,False
2014,Honda,Ridgeline,TOURING,6,Gasoline,154923,,,9500,12,,False
2014,Honda,Civic Sedan,EX,4,Gasoline,174792,,,5600,12,,False
2020,Honda,Civic Sedan,LX,4,Gasoline,136801,,,17300,6,,False
2017,Honda,Civic Sedan,EX,4,Gasoline,126186,,,13600,9,,False
2016,Honda,Civic Sedan,TOURING,4,Gasoline,146536,,,13400,10,,False
2018,Honda,Pilot,TOURING,6,Gasoline,154695,,,17900,8,,False
2010,Honda,Odyssey,no_mention,6,Gasoline,160823,,,3600,16,,False
2015,Honda,Odyssey,TOURING,6,Gasoline,122355,,,11900,11,,False
2008,Honda,CR-V,EX,4,Gasoline,145822,,,6200,18,,False
2017,Honda,Ridgeline,SPORT,6,Gasoline,244199,,,10900,9,,False
2014,Honda,Civic Sedan,EX,4,Gasoline,236907,,,4400,12,,False
2014,Honda,CR-V,LX,4,Gasoline,328913,,,4100,12,,False
2022,Honda,Civic Sedan,SPORT,4,Gasoline,96694,,,19400,4,,False
2008,Honda,CR-V,LX,4,Gasoline,238994,,,3500,18,,False
2016,Honda,Fit,LX,4,Gasoline,109510,,,10500,10,,False
2022,Honda,Civic Sedan,LX,4,Gasoline,192282,,,15200,4,,False
2023,Honda,HR-V,SPORT,4,Gasoline,45950,,,22200,3,,False
2021,Honda,CR-V,SPORT,4,Gasoline,31419,,,31300,5,,False
2025,Honda,CR-V,SPORT,4,Gasoline,9951,,,40100,1,,False
2021,Honda,Civic Sedan,SPORT,4,Gasoline,78707,,,22800,5,,False
2017,Honda,CR-V,EX,4,Gasoline,142501,,,16800,9,,False
2022,Honda,Civic Sedan,SPORT,4,Gasoline,17544,,,11200,4,,False
2017,Honda,CR-V,EX,4,Gasoline,143399,,,16400,9,,False
2022,Honda,Odyssey,EX,6,Gasoline,168164,,,22000,4,,False
2021,Honda,CR-V,no_mention,4,Gasoline,101505,,,26200,5,,False
2015,Honda,CR-V,no_mention,4,Gasoline,155999,,,13300,11,,False
2022,Honda,Civic Sedan,LX,4,Gasoline,60276,,,24800,4,,False
2017,Honda,Civic Sedan,LX,4,Gasoline,126346,,,10000,9,,False
2013,Honda,CR-V,EX,4,Gasoline,123393,,,11200,13,,False
2011,Honda,Odyssey,LX,6,Gasoline,181224,,,6800,15,,False
2015,Honda,Civic Sedan,TOURING,4,Gasoline,99186,,,11700,11,,False
2019,Honda,Accord Sedan,TOURING,4,Gasoline,149539,,,20500,7,,False
2019,Honda,CR-V,LX,4,Gasoline,141067,,,18400,7,,False
2024,Honda,Civic Sedan,EX,4,Gasoline,13791,,,29600,2,,False
2018,Honda,CR-V,LX,4,Gasoline,201403,,,9500,8,,False
2011,Honda,CR-V,EX,4,Gasoline,116094,,,13500,15,,False
2018,Honda,Civic Sedan,no_mention,4,Gasoline,82400,,,13500,8,,False
2009,Honda,Pilot,TOURING,6,Gasoline,260223,,,3100,17,,False
2018,Honda,Odyssey,TOURING,6,Gasoline,163257,,,18400,8,,False
2019,Honda,CR-V,EX,4,Gasoline,98592,,,24200,7,,False
2016,Honda,Pilot,TOURING,6,Gasoline,118537,,,19500,10,,False
2021,Honda,CR-V,no_mention,4,Gasoline,68168,,,30500,5,,False
2014,Honda,Odyssey,EX,6,Gasoline,192997,,,11900,12,,False
2013,Honda,CR-V,LX,4,Gasoline,182022,,,9500,13,,False
2024,Honda,Civic Sedan,EX,4,Gasoline,22658,,,29600,2,,False
2012,Honda,Odyssey,TOURING,6,Gasoline,175980,,,9700,14,,False
2008,Honda,CR-V,EX,4,Gasoline,160649,,,7000,18,,False
2017,Honda,CR-V,TOURING,4,Gasoline,258492,,,11500,9,,False
2018,Honda,Pilot,EX,6,Gasoline,162986,,,17200,8,,False
2014,Honda,Civic Sedan,LX,4,Gasoline,245179,,,5200,12,,False
2021,Honda,CR-V,SPORT,4,Gasoline,224345,,,16700,5,,False
2020,Honda,CR-V,LX,4,Gasoline,133967,,,18000,6,,False
2011,Honda,CR-V,EX,4,Gasoline,211120,,,6200,15,,False
2016,Honda,Civic Sedan,LX,4,Gasoline,191282,,,7800,10,,False
2019,Honda,Pilot,no_mention,6,Gasoline,101043,,,30000,7,,False
2015,Honda,CR-V,no_mention,4,Gasoline,221545,,,7500,11,,False
2016,Honda,Civic Sedan,EX,4,Gasoline,177231,,,10900,10,,False
2019,Honda,CR-V,LX,4,Gasoline,184075,,,15100,7,,False
2022,Honda,CR-V,EX,4,Gasoline,65518,,,27700,4,,False
2021,Honda,CR-V,LX,4,Gasoline,80000,,,24700,5,,False
2011,Honda,CR-V,EX,4,Gasoline,167070,,,8100,15,,False
2015,Honda,Odyssey,TOURING,6,Gasoline,265676,,,9000,11,,False
2015,Honda,CR-V,EX,4,Gasoline,89250,,,16600,11,,False
2014,Honda,Civic Sedan,EX,4,Gasoline,169584,,,7000,12,,False
2008,Honda,Civic Sedan,no_mention,4,Gasoline,181637,,,5000,18,,False
2019,Honda,Odyssey,TOURING,6,Gasoline,74034,,,35300,7,,False
2024,Honda,CR-V,SPORT,4,Gasoline,39832,,,35700,2,,False
2020,Honda,Pilot,EX,6,Gasoline,59955,,,33500,6,,False
2018,Honda,Accord Sedan,SPORT,4,Gasoline,176039,,,14800,8,,False
2018,Honda,HR-V,EX,4,Gasoline,79956,,,16600,8,,False
2009,Honda,Civic Sedan,no_mention,4,Gasoline,198426,,,3500,17,,False
2007,Honda,Civic Sedan,EX,4,Gasoline,203344,,,3100,19,,False
2016,Honda,Odyssey,no_mention,6,Gasoline,169884,,,10700,10,,False
2016,Honda,Pilot,TOURING,6,Gasoline,257267,,,8300,10,,False
2016,Honda,Civic Sedan,TOURING,4,Gasoline,234642,,,7300,10,,False
2018,Honda,Civic Sedan,LX,4,Gasoline,179845,,,10800,8,,False
2016,Honda,Civic Sedan,LX,4,Gasoline,318204,,,4600,10,,False
2021,Honda,CR-V,SPORT,4,Gasoline,77550,,,29300,5,,False
2017,Honda,CR-V,LX,4,Gasoline,173171,,,13500,9,,False
2019,Honda,Accord Sedan,SPORT,4,Gasoline,196990,,,12200,7,,False
2024,Honda,CR-V,SPORT,4,Gasoline,22891,,,37000,2,,False
2014,Honda,Accord Sedan,EX,4,Gasoline,165573,,,9700,12,,False
2015,Honda,Odyssey,EX,6,Gasoline,288687,,,5500,11,,False
2016,Honda,HR-V,EX,4,Gasoline,210906,,,8700,10,,False
2013,Honda,CR-V,EX,4,Gasoline,169904,,,8400,13,,False
2016,Honda,Pilot,TOURING,6,Gasoline,180383,,,14100,10,,False
2023,Honda,Pilot,SPORT,6,Gasoline,17181,,,52000,3,,False
2021,Honda,CR-V,SPORT,4,Gasoline,59138,,,29600,5,,False
2020,Honda,Civic Sedan,SPORT,4,Gasoline,129926,,,18300,6,,False
2015,Honda,CR-V,LX,4,Gasoline,92902,,,12800,11,,False
2024,Honda,Civic Sedan,EX,4,Gasoline,19064,,,28200,2,,False
2023,Honda,CR-V,EX,4,Gasoline,45900,,,37300,3,,False
2013,Honda,Accord Sedan,EX,4,Gasoline,153180,,,10000,13,,False
2021,Honda,Civic Sedan,LX,4,Gasoline,30536,,,21500,5,,False
2018,Honda,Accord Sedan,TOURING,4,Gasoline,107433,,,19800,8,,False
2018,Honda,Accord Sedan,SPORT,4,Gasoline,154763,,,17400,8,,False
2019,Honda,Ridgeline,no_mention,6,Gasoline,157737,,,21000,7,,False
2020,Honda,CR-V,SPORT,4,Gasoline,102450,,,24400,6,,False
2021,Honda,Accord Sedan,no_mention,4,Gasoline,90089,,,25400,5,,False
2022,Honda,Odyssey,EX,6,Gasoline,145060,,,26200,4,,False
2015,Honda,Fit,LX,4,Gasoline,95796,,,10000,11,,False
2018,Honda,Civic Sedan,no_mention,4,Gasoline,168391,,,10300,8,,False
2020,Honda,Civic Sedan,TOURING,4,Gasoline,103800,,,19000,6,,False
2013,Honda,Accord Sedan,EX,4,Gasoline,166958,,,10000,13,,False
2017,Honda,Civic Sedan,EX,4,Gasoline,159827,,,11000,9,,False
2020,Honda,Odyssey,EX,6,Gasoline,80745,,,31200,6,,False
2023,Honda,Civic Sedan,no_mention,4,Gasoline,28305,,,27600,3,,False
2019,Honda,Civic Sedan,EX,4,Gasoline,105000,,,17200,7,,False
2021,Honda,CR-V,no_mention,4,Gasoline,104790,,,28000,5,,False
2016,Honda,Civic Sedan,LX,4,Gasoline,187665,,,9000,10,,False
2018,Honda,Accord Sedan,SPORT,4,Gasoline,191697,,,14200,8,,False
2017,Honda,Civic Sedan,TOURING,4,Gasoline,243302,,,7300,9,,False
2023,Honda,CR-V,EX,4,Gasoline,63292,,,35900,3,,False
2023,Honda,CR-V,SPORT,4,Gasoline,24202,,,35600,3,,False
2024,Honda,Civic Sedan,EX,4,Gasoline,15190,,,28800,2,,False
2015,Honda,Civic Sedan,EX,4,Gasoline,172509,,,9100,11,,False
2015,Honda,Civic Sedan,EX,4,Gasoline,103621,,,8500,11,,False
2017,Honda,CR-V,EX,4,Gasoline,258122,,,10900,9,,False
2015,Honda,Pilot,EX,6,Gasoline,152970,,,11600,11,,False
2018,Honda,Accord Sedan,EX,4,Gasoline,84751,,,20400,8,,False
2020,Honda,Odyssey,EX,6,Gasoline,91126,,,33300,6,,False
2014,Honda,Accord Sedan,SPORT,4,Gasoline,221332,,,4000,12,,False
2018,Honda,Pilot,TOURING,6,Gasoline,106663,,,27700,8,,False
2021,Honda,Pilot,EX,6,Gasoline,57296,,,36500,5,,False
2008,Honda,CR-V,LX,4,Gasoline,226128,,,3600,18,,False
2013,Honda,Civic Sedan,LX,4,Gasoline,159787,,,6500,13,,False
2024,Honda,CR-V,SPORT,4,Gasoline,43906,,,39100,2,,False
2024,Honda,Pilot,TOURING,6,Gasoline,55311,,,52500,2,,False
2016,Honda,Pilot,EX,6,Gasoline,113618,,,19600,10,,False
2025,Honda,CR-V,SPORT,4,Gasoline,7663,,,40800,1,,False
2009,Honda,Pilot,LX,6,Gasoline,168238,,,5300,17,,False
2016,Honda,Odyssey,EX,6,Gasoline,190707,,,13000,10,,False
2011,Honda,CR-V,LX,4,Gasoline,191542,,,5700,15,,False
2023,Honda,HR-V,EX,4,Gasoline,22399,,,32400,3,,False
2023,Honda,HR-V,EX,4,Gasoline,41615,,,31900,3,,False
2020,Honda,Civic Sedan,LX,4,Gasoline,44800,,,21300,6,,False
2023,Honda,HR-V,SPORT,4,Gasoline,48922,,,28200,3,,False
2021,Honda,CR-V,no_mention,4,Gasoline,54000,,,31800,5,,False
2019,Honda,Odyssey,no_mention,6,Gasoline,104445,,,26000,7,,False
2013,Honda,Accord Sedan,EX,4,Gasoline,168127,,,8100,13,,False
2024,Honda,CR-V,SPORT,4,Gasoline,61025,,,35200,2,,False
2016,Honda,CR-V,EX,4,Gasoline,169889,,,14900,10,,False
2022,Honda,CR-V,SPORT,4,Gasoline,102927,,,27100,4,,False
2013,Honda,Civic Sedan,LX,4,Gasoline,158137,,,8000,13,,False
2023,Honda,HR-V,EX,4,Gasoline,48743,,,30400,3,,False
2013,Honda,Civic Sedan,LX,4,Gasoline,112250,,,8300,13,,False
2017,Honda,Ridgeline,no_mention,6,Gasoline,146300,,,22600,9,,False
2020,Honda,HR-V,TOURING,4,Gasoline,37129,,,26500,6,,False
2015,Honda,Civic Sedan,LX,4,Gasoline,141605,,,10000,11,,False
2013,Honda,Accord Sedan,TOURING,4,Gasoline,203456,,,9800,13,,False
2012,Honda,CR-V,EX,4,Gasoline,122516,,,11000,14,,False
2016,Honda,Pilot,TOURING,6,Gasoline,158950,,,21000,10,,False
2024,Honda,Civic Sedan,LX,4,Gasoline,8320,,,27700,2,,False
2018,Honda,CR-V,LX,4,Gasoline,134884,,,17200,8,,False
2009,Honda,Civic Sedan,EX,4,Gasoline,168778,,,6300,17,,False
2022,Honda,Civic Sedan,LX,4,Gasoline,41110,,,24800,4,,False
2018,Honda,CR-V,EX,4,Gasoline,138430,,,12500,8,,False
2010,Honda,Civic Sedan,no_mention,4,Gasoline,57970,,,5100,16,,False
2017,Honda,CR-V,LX,4,Gasoline,215761,,,11400,9,,False
2020,Honda,Civic Sedan,EX,4,Gasoline,55543,,,21000,6,,False
2022,Honda,Civic Sedan,TOURING,4,Gasoline,14438,,,29200,4,,False
2021,Honda,Civic Sedan,EX,4,Gasoline,103034,,,21700,5,,False
2014,Honda,Odyssey,EX,6,Gasoline,136703,,,15000,12,,False
2007,Honda,Pilot,EX,6,Gasoline,161265,,,8800,19,,False
2016,Honda,Accord Sedan,EX,4,Gasoline,97141,,,19300,10,,False
2016,Honda,Civic Sedan,LX,4,Gasoline,213716,,,5600,10,,False
2018,Honda,CR-V,LX,4,Gasoline,111900,,,18000,8,,False
2014,Honda,Odyssey,EX,6,Gasoline,185503,,,10500,12,,False
2019,Honda,CR-V,EX,4,Gasoline,151688,,,16000,7,,False
2024,Honda,Civic Sedan,LX,4,Gasoline,8320,,,26900,2,,False
2022,Honda,Civic Sedan,TOURING,4,Gasoline,164790,,,18500,4,,False
2013,Honda,Civic Sedan,TOURING,4,Gasoline,198458,,,6500,13,,False
2019,Honda,CR-V,EX,4,Gasoline,122134,,,21500,7,,False
2021,Honda,CR-V,SPORT,4,Gasoline,95650,,,26600,5,,False
2011,Honda,CR-V,EX,4,Gasoline,243199,,,4200,15,,False
2021,Honda,CR-V,SPORT,4,Gasoline,91694,,,26100,5,,False
2018,Honda,Odyssey,TOURING,6,Gasoline,91049,,,32100,8,,False
2016,Honda,Civic Sedan,EX,4,Gasoline,105505,,,12000,10,,False
2018,Honda,Civic Sedan,LX,4,Gasoline,134235,,,12900,8,,False
2021,Honda,Civic Sedan,TOURING,4,Gasoline,78100,,,20200,5,,False
2023,Honda,CR-V,no_mention,4,Gasoline,103066,,,26200,3,,False
2023,Honda,Pilot,no_mention,6,Gasoline,44215,,,52600,3,,False
2021,Honda,CR-V,SPORT,4,Gasoline,100880,,,23700,5,,False
2019,Honda,CR-V,TOURING,4,Gasoline,299486,,,14000,7,,False
2015,Honda,Civic Sedan,EX,4,Gasoline,135400,,,9700,11,,False
2012,Honda,Odyssey,EX,6,Gasoline,160547,,,6500,14,,False
2021,Honda,CR-V,no_mention,4,Gasoline,175675,,,22900,5,,False
2016,Honda,Accord Sedan,TOURING,6,Gasoline,215176,,,10900,10,,False
2009,Honda,Civic Sedan,no_mention,4,Gasoline,180964,,,4000,17,,False
2018,Honda,CR-V,TOURING,4,Gasoline,151669,,,17100,8,,False
2017,Honda,Fit,no_mention,4,Gasoline,176842,,,9600,9,,False
2016,Honda,CR-V,LX,4,Gasoline,187418,,,9200,10,,False
2019,Honda,HR-V,SPORT,4,Gasoline,99867,,,15700,7,,False
2014,Honda,Odyssey,EX,6,Gasoline,221777,,,6900,12,,False
2020,Honda,Civic Sedan,SPORT,4,Gasoline,52263,,,23200,6,,False
2016,Honda,HR-V,EX,4,Gasoline,98907,,,10500,10,,False
2021,Honda,CR-V,no_mention,4,Gasoline,73929,,,28300,5,,False
2017,Honda,Pilot,EX,6,Gasoline,277062,,,7600,9,,False
2014,Honda,Odyssey,EX,6,Gasoline,168463,,,7100,12,,False
2025,Honda,Civic Sedan,SPORT,4,Gasoline,24259,,,29400,1,,False
2014,Honda,Accord Sedan,TOURING,4,Gasoline,222820,,,4500,12,,False
2014,Honda,Odyssey,TOURING,6,Gasoline,156722,,,12200,12,,False
2020,Honda,HR-V,SPORT,4,Gasoline,99966,,,19500,6,,False
2018,Honda,Civic Sedan,EX,4,Gasoline,120067,,,12000,8,,False
2018,Honda,Civic Sedan,EX,4,Gasoline,129831,,,15300,8,,False
2021,Honda,Pilot,no_mention,6,Gasoline,81215,,,36500,5,,False
2023,Honda,Accord Sedan,EX,4,Gasoline,11204,,,32200,3,,False
2017,Honda,Civic Sedan,LX,4,Gasoline,88060,,,16700,9,,False
2020,Honda,CR-V,EX,4,Gasoline,87325,,,24700,6,,False
2015,Honda,Civic Sedan,EX,4,Gasoline,192221,,,7500,11,,False
2020,Honda,Civic Sedan,EX,4,Gasoline,83000,,,21100,6,,False
2006,Honda,CR-V,EX,4,Gasoline,181234,,,4500,20,,False
2022,Honda,Civic Sedan,LX,4,Gasoline,212221,,,13000,4,,False
2014,Honda,CR-V,LX,4,Gasoline,264678,,,4200,12,,False
2018,Honda,Odyssey,EX,6,Gasoline,76137,,,29100,8,,False
2018,Honda,Accord Sedan,EX,4,Gasoline,123895,,,17500,8,,False
2014,Honda,Civic Sedan,LX,4,Gasoline,133400,,,9900,12,,False
2021,Honda,CR-V,EX,4,Gasoline,161962,,,22000,5,,False
2010,Honda,Civic Sedan,no_mention,4,Gasoline,210559,,,3100,16,,False
2016,Honda,Civic Sedan,EX,4,Gasoline,313458,,,5500,10,,False
2015,Honda,Odyssey,EX,6,Gasoline,148105,,,15000,11,,False
2019,Honda,CR-V,EX,4,Gasoline,52209,,,24500,7,,False
2016,Honda,Civic Sedan,TOURING,4,Gasoline,189086,,,10600,10,,False
2009,Honda,Fit,no_mention,4,Gasoline,129895,,,3100,17,,False
2017,Honda,Civic Sedan,EX,4,Gasoline,239110,,,9500,9,,False
2021,Honda,Civic Sedan,EX,4,Gasoline,36339,,,23300,5,,False
2020,Honda,CR-V,LX,4,Gasoline,51485,,,25500,6,,False
2022,Honda,Civic Sedan,SPORT,4,Gasoline,58765,,,23500,4,,False
2019,Honda,Civic Sedan,EX,4,Gasoline,91177,,,18500,7,,False
2015,Honda,Civic Sedan,LX,4,Gasoline,69111,,,10500,11,,False
2019,Honda,Civic Sedan,EX,4,Gasoline,115110,,,18900,7,,False
2017,Honda,Ridgeline,EX,6,Gasoline,119491,,,25900,9,,False
2008,Honda,CR-V,EX,4,Gasoline,196286,,,3000,18,,False
2016,Honda,CR-V,no_mention,4,Gasoline,99395,,,15300,10,,False
2017,Honda,Odyssey,TOURING,6,Gasoline,185581,,,17500,9,,False
2012,Honda,Civic Sedan,LX,4,Gasoline,105340,,,8800,14,,False
2022,Honda,CR-V,SPORT,4,Gasoline,74234,,,29700,4,,False
2017,Honda,HR-V,LX,4,Gasoline,133256,,,15700,9,,False
2015,Honda,Accord Sedan,EX,4,Gasoline,168194,,,9900,11,,False
2023,Honda,HR-V,LX,4,Gasoline,48054,,,28000,3,,False
2019,Honda,CR-V,EX,4,Gasoline,76015,,,25800,7,,False
2017,Honda,Ridgeline,TOURING,6,Gasoline,187239,,,16200,9,,False
2016,Honda,Civic Sedan,TOURING,4,Gasoline,118607,,,17000,10,,False
2011,Honda,Odyssey,EX,6,Gasoline,89420,,,7200,15,,False
2018,Honda,Odyssey,TOURING,6,Gasoline,165811,,,22600,8,,False
2024,Honda,Civic Sedan,SPORT,4,Gasoline,85650,,,27000,2,,False
2021,Honda,Pilot,TOURING,6,Gasoline,55908,,,37000,5,,False
2018,Honda,Accord Sedan,TOURING,4,Gasoline,190707,,,10700,8,,False
2021,Honda,Pilot,EX,6,Gasoline,78101,,,34000,5,,False
2011,Honda,Odyssey,EX,6,Gasoline,241299,,,3500,15,,False
2021,Honda,CR-V,SPORT,4,Gasoline,90510,,,28300,5,,False
2016,Honda,Civic Sedan,TOURING,4,Gasoline,229825,,,8400,10,,False
2020,Honda,Odyssey,no_mention,6,Gasoline,206875,,,15100,6,,False
2019,Honda,Accord Sedan,LX,4,Gasoline,141525,,,17000,7,,False
2018,Honda,HR-V,EX,4,Gasoline,75351,,,16700,8,,False
2017,Honda,HR-V,LX,4,Gasoline,27307,,,19300,9,,False
2023,Honda,Civic Sedan,no_mention,4,Gasoline,17580,,,27300,3,,False
2019,Honda,Odyssey,no_mention,6,Gasoline,348666,,,6900,7,,False
2024,Honda,Ridgeline,SPORT,6,Gasoline,35345,,,47100,2,,False
2018,Honda,Accord Sedan,EX,4,Gasoline,69274,,,17600,8,,False
2018,Honda,Ridgeline,SPORT,6,Gasoline,307509,,,9500,8,,False
2021,Honda,CR-V,SPORT,4,Gasoline,107822,,,22800,5,,False
2019,Honda,Pilot,TOURING,6,Gasoline,157254,,,26000,7,,False
2023,Honda,Accord Sedan,EX,4,Gasoline,86603,,,28400,3,,False
2022,Honda,CR-V,LX,4,Gasoline,55000,,,27400,4,,False
2017,Honda,Accord Sedan,SPORT,4,Gasoline,179981,,,8400,9,,False
2025,Honda,Civic Sedan,SPORT,4,Gasoline,13166,,,31700,1,,False
2017,Honda,Civic Sedan,EX,4,Gasoline,191667,,,10800,9,,False
2024,Honda,Civic Sedan,TOURING,4,Gasoline,23860,,,31500,2,,False
2018,Honda,CR-V,EX,4,Gasoline,284468,,,8600,8,,False
2020,Honda,Civic Sedan,LX,4,Gasoline,66784,,,18400,6,,False
2020,Honda,Civic Sedan,LX,4,Gasoline,58906,,,20200,6,,False
2019,Honda,HR-V,TOURING,4,Gasoline,113985,,,21800,7,,False
2013,Honda,Civic Sedan,TOURING,4,Gasoline,89311,,,13100,13,,False
2020,Honda,CR-V,LX,4,Gasoline,109741,,,23000,6,,False
2021,Honda,Civic Sedan,LX,4,Gasoline,109532,,,18000,5,,False
2024,Honda,HR-V,LX,4,Gasoline,19700,,,29200,2,,False
2024,Honda,Odyssey,TOURING,6,Gasoline,11898,,,53800,2,,False
2018,Honda,CR-V,TOURING,4,Gasoline,111750,,,21200,8,,False
2016,Honda,Accord Sedan,EX,6,Gasoline,231137,,,7800,10,,False
2021,Honda,Civic Sedan,EX,4,Gasoline,105060,,,19700,5,,False
2014,Honda,Odyssey,TOURING,6,Gasoline,129914,,,16400,12,,False
2022,Honda,Civic Sedan,EX,4,Gasoline,64542,,,24200,4,,False
2012,Honda,Civic Sedan,LX,4,Gasoline,237517,,,5400,14,,False
2019,Honda,Civic Sedan,EX,4,Gasoline,99500,,,17200,7,,False
2024,Honda,Odyssey,TOURING,6,Gasoline,34689,,,51100,2,,False
2011,Honda,Odyssey,EX,6,Gasoline,183335,,,9000,15,,False
2023,Honda,CR-V,EX,4,Gasoline,28343,,,37400,3,,False
2017,Honda,CR-V,EX,4,Gasoline,208753,,,10500,9,,False
2017,Honda,HR-V,EX,4,Gasoline,153509,,,14500,9,,False
2020,Honda,Pilot,TOURING,6,Gasoline,95216,,,32000,6,,False
2016,Honda,Civic Sedan,TOURING,4,Gasoline,127815,,,14800,10,,False
2020,Honda,Civic Sedan,EX,4,Gasoline,84825,,,20900,6,,False
2015,Honda,Civic Sedan,LX,4,Gasoline,58807,,,6100,11,,False
2013,Honda,CR-V,LX,4,Gasoline,78366,,,11600,13,,False
2011,Honda,Accord Sedan,EX,4,Gasoline,260921,,,3700,15,,False
2020,Honda,HR-V,SPORT,4,Gasoline,15190,,,22000,6,,False
2016,Honda,HR-V,EX,4,Gasoline,93002,,,16600,10,,False
2013,Honda,CR-V,EX,4,Gasoline,287363,,,4300,13,,False
2018,Honda,Accord Sedan,EX,4,Gasoline,82935,,,22200,8,,False
2015,Honda,CR-V,TOURING,4,Gasoline,113879,,,15000,11,,False
2014,Honda,CR-V,EX,4,Gasoline,189934,,,9800,12,,False
2014,Honda,Pilot,EX,6,Gasoline,156438,,,11600,12,,False
2019,Honda,Pilot,no_mention,6,Gasoline,111314,,,30700,7,,False
2016,Honda,CR-V,EX,4,Gasoline,90425,,,17800,10,,False
2016,Honda,Fit,no_mention,4,Gasoline,128651,,,10700,10,,False
2013,Honda,Pilot,TOURING,6,Gasoline,119680,,,8100,13,,False
2012,Honda,Odyssey,EX,6,Gasoline,251662,,,3100,14,,False
2019,Honda,Civic Sedan,LX,4,Gasoline,337694,,,6600,7,,False
2015,Honda,CR-V,TOURING,4,Gasoline,296414,,,8600,11,,False
2022,Honda,Civic Sedan,EX,4,Gasoline,130841,,,21400,4,,False
2016,Honda,Odyssey,EX,6,Gasoline,178088,,,10700,10,,False
2014,Honda,Civic Sedan,EX,4,Gasoline,125128,,,9100,12,,False
2007,Honda,CR-V,LX,4,Gasoline,155388,,,6800,19,,False
2021,Honda,CR-V,EX,4,Gasoline,97794,,,28500,5,,False
2015,Honda,Odyssey,TOURING,6,Gasoline,90034,,,20000,11,,False
2013,Honda,Civic Sedan,EX,4,Gasoline,165808,,,7500,13,,False
2024,Honda,CR-V,SPORT,4,Gasoline,20801,,,39300,2,,False
2015,Honda,CR-V,TOURING,4,Gasoline,166134,,,12700,11,,False
2021,Honda,CR-V,SPORT,4,Gasoline,73977,,,27800,5,,False
2023,Honda,CR-V,EX,4,Gasoline,16648,,,39000,3,,False
2023,Honda,CR-V,SPORT,4,Gasoline,86800,,,31900,3,,False
2020,Honda,CR-V,no_mention,4,Gasoline,65363,,,28800,6,,False
2017,Honda,HR-V,LX,4,Gasoline,81730,,,15100,9,,False
2023,Honda,Civic Sedan,TOURING,4,Gasoline,45900,,,32100,3,,False
2018,Honda,Civic Sedan,no_mention,4,Gasoline,220654,,,8000,8,,False
2014,Honda,Accord Sedan,EX,4,Gasoline,233904,,,6500,12,,False
2013,Honda,CR-V,EX,4,Gasoline,255886,,,6700,13,,False
2013,Honda,Accord Sedan,TOURING,4,Gasoline,120458,,,11500,13,,False
2021,Honda,CR-V,EX,4,Gasoline,54018,,,29500,5,,False
2017,Honda,Accord Sedan,EX,4,Gasoline,123206,,,15200,9,,False
2023,Honda,Pilot,SPORT,6,Gasoline,66733,,,47400,3,,False
2020,Honda,CR-V,LX,4,Gasoline,51866,,,23700,6,,False
2019,Honda,Fit,EX,4,Gasoline,83592,,,15800,7,,False
2022,Honda,CR-V,no_mention,4,Gasoline,42282,,,34100,4,,False
2017,Honda,CR-V,EX,4,Gasoline,204139,,,9100,9,,False
2010,Honda,Odyssey,no_mention,6,Gasoline,193143,,,7400,16,,False
2020,Honda,CR-V,EX,4,Gasoline,93963,,,25500,6,,False
2016,Honda,Civic Sedan,EX,4,Gasoline,114209,,,12800,10,,False
2020,Honda,Civic Sedan,EX,4,Gasoline,48337,,,23300,6,,False
2019,Honda,Civic Sedan,EX,4,Gasoline,100790,,,16700,7,,False
2019,Honda,Pilot,EX,6,Gasoline,81800,,,26600,7,,False
2020,Honda,Odyssey,no_mention,6,Gasoline,66731,,,32700,6,,False
2018,Honda,Civic Sedan,TOURING,4,Gasoline,51750,,,21900,8,,False
2012,Honda,Civic Sedan,LX,4,Gasoline,94727,,,6600,14,,False
2019,Honda,CR-V,EX,4,Gasoline,161383,,,16000,7,,False
2024,Honda,CR-V,SPORT,4,Gasoline,13012,,,38600,2,,False
2016,Honda,Odyssey,EX,6,Gasoline,210702,,,10100,10,,False
2021,Honda,CR-V,SPORT,4,Gasoline,73977,,,28200,5,,False
2022,Honda,Civic Sedan,EX,4,Gasoline,53934,,,24600,4,,False
2019,Honda,CR-V,EX,4,Gasoline,103323,,,22500,7,,False
2013,Honda,Civic Sedan,EX,4,Gasoline,161822,,,7300,13,,False
2020,Honda,HR-V,LX,4,Gasoline,92916,,,18900,6,,False
2020,Honda,Civic Sedan,LX,4,Gasoline,46549,,,21200,6,,False
2020,Honda,CR-V,SPORT,4,Gasoline,97504,,,22600,6,,False
2018,Honda,CR-V,EX,4,Gasoline,107889,,,21500,8,,False
2017,Honda,CR-V,EX,4,Gasoline,165255,,,13000,9,,False
2015,Honda,Odyssey,EX,6,Gasoline,209371,,,10000,11,,False
2012,Honda,Civic Sedan,LX,4,Gasoline,174802,,,6100,14,,False
2019,Honda,CR-V,LX,4,Gasoline,96631,,,14100,7,,False
2013,Honda,Civic Sedan,LX,4,Gasoline,95007,,,9900,13,,False
2022,Honda,CR-V,no_mention,4,Gasoline,49863,,,34000,4,,False
2019,Honda,CR-V,EX,4,Gasoline,115268,,,23100,7,,False
2022,Honda,Civic Sedan,EX,4,Gasoline,51423,,,24900,4,,False
2021,Honda,Accord Sedan,SPORT,4,Gasoline,109324,,,21000,5,,False
2017,Honda,CR-V,TOURING,4,Gasoline,135822,,,14500,9,,False
2016,Honda,Civic Sedan,TOURING,4,Gasoline,122631,,,12000,10,,False
2017,Honda,Accord Sedan,TOURING,6,Gasoline,108109,,,16500,9,,False
2020,Honda,CR-V,SPORT,4,Gasoline,75200,,,26900,6,,False
2023,Honda,Pilot,SPORT,6,Gasoline,50302,,,49400,3,,False
2011,Honda,Odyssey,LX,6,Gasoline,181170,,,5800,15,,False
2009,Honda,Accord Sedan,EX,6,Gasoline,187294,,,4600,17,,False
2023,Honda,Civic Sedan,no_mention,4,Gasoline,58754,,,26200,3,,False
2020,Honda,CR-V,EX,4,Gasoline,151421,,,21600,6,,False
2016,Honda,Fit,EX,4,Gasoline,49950,,,11200,10,,False
2013,Honda,Civic Sedan,LX,4,Gasoline,277726,,,3800,13,,False
2025,Honda,Odyssey,SPORT,6,Gasoline,18100,,,49100,1,,False
2024,Honda,Odyssey,TOURING,6,Gasoline,23186,,,52200,2,,False
2018,Honda,Civic Sedan,EX,4,Gasoline,129640,,,15500,8,,False
2017,Honda,Civic Sedan,EX,4,Gasoline,123450,,,15500,9,,False
2024,Honda,CR-V,SPORT,4,Gasoline,13551,,,34000,2,,False
2020,Honda,CR-V,SPORT,4,Gasoline,52159,,,28800,6,,False
2018,Honda,Civic Sedan,LX,4,Gasoline,68535,,,16800,8,,False
2017,Honda,CR-V,LX,4,Gasoline,165830,,,10700,9,,False
2022,Honda,CR-V,no_mention,4,Gasoline,102157,,,30500,4,,False
2017,Honda,Civic Sedan,no_mention,4,Gasoline,108100,,,18600,9,,False
2021,Honda,Pilot,TOURING,6,Gasoline,80711,,,35300,5,,False
2012,Honda,CR-V,EX,4,Gasoline,83900,,,14300,14,,False
2016,Honda,Odyssey,LX,6,Gasoline,168081,,,13200,10,,False
2020,Honda,Pilot,TOURING,6,Gasoline,63714,,,32800,6,,False
2017,Honda,Civic Sedan,LX,4,Gasoline,168355,,,7800,9,,False
2017,Honda,CR-V,TOURING,4,Gasoline,187500,,,14700,9,,False
2020,Honda,Odyssey,no_mention,6,Gasoline,263534,,,11800,6,,False
2021,Honda,Pilot,EX,6,Gasoline,91974,,,29400,5,,False
2018,Honda,CR-V,EX,4,Gasoline,194665,,,13700,8,,False
2015,Honda,Fit,LX,4,Gasoline,108903,,,7000,11,,False
2016,Honda,Civic Sedan,EX,4,Gasoline,330914,,,4400,10,,False
2022,Honda,Odyssey,EX,6,Gasoline,82799,,,23000,4,,False
2017,Honda,Civic Sedan,LX,4,Gasoline,139669,,,11700,9,,False
2019,Honda,CR-V,EX,4,Gasoline,86468,,,23100,7,,False
2012,Honda,Odyssey,EX,6,Gasoline,223263,,,5300,14,,False
2014,Honda,CR-V,EX,4,Gasoline,165775,,,8100,12,,False
2024,Honda,CR-V,SPORT,4,Gasoline,42675,,,35100,2,,False
2013,Honda,Civic Sedan,LX,4,Gasoline,147989,,,7000,13,,False
2023,Honda,CR-V,no_mention,4,Gasoline,21011,,,36400,3,,False
2021,Honda,CR-V,SPORT,4,Gasoline,82738,,,27100,5,,False
2021,Honda,CR-V,SPORT,4,Gasoline,44396,,,29900,5,,False
2021,Honda,Pilot,EX,6,Gasoline,69805,,,28200,5,,False
2017,Honda,Accord Sedan,SPORT,4,Gasoline,161413,,,13000,9,,False
2020,Honda,Accord Sedan,SPORT,4,Gasoline,120210,,,23300,6,,False
2017,Honda,Civic Sedan,LX,4,Gasoline,156247,,,12100,9,,False
2021,Honda,Accord Sedan,TOURING,4,Gasoline,57272,,,26000,5,,False
2024,Honda,Odyssey,TOURING,6,Gasoline,22073,,,51000,2,,False
2023,Honda,Civic Sedan,no_mention,4,Gasoline,77032,,,25000,3,,False
2016,Honda,HR-V,LX,4,Gasoline,125457,,,11100,10,,False
2012,Honda,Civic Sedan,LX,4,Gasoline,225568,,,4300,14,,False
2020,Honda,Odyssey,TOURING,6,Gasoline,84713,,,39600,6,,False
2014,Honda,CR-V,LX,4,Gasoline,172745,,,5500,12,,False
2020,Honda,HR-V,SPORT,4,Gasoline,99256,,,17500,6,,False
2021,Honda,Civic Sedan,SPORT,4,Gasoline,97260,,,21400,5,,False
2020,Honda,Civic Sedan,SPORT,4,Gasoline,80002,,,21000,6,,False
2023,Honda,CR-V,no_mention,4,Gasoline,64776,,,33100,3,,False
2017,Honda,Civic Sedan,TOURING,4,Gasoline,177424,,,7500,9,,False
2021,Honda,CR-V,EX,4,Gasoline,83994,,,28800,5,,False
2009,Honda,Civic Sedan,no_mention,4,Gasoline,65153,,,4900,17,,False
2023,Honda,Civic Sedan,TOURING,4,Gasoline,42607,,,28300,3,,False
2020,Honda,Civic Sedan,EX,4,Gasoline,85763,,,19000,6,,False
2022,Honda,CR-V,SPORT,4,Gasoline,21600,,,31800,4,,False
2016,Honda,Civic Sedan,TOURING,4,Gasoline,87333,,,15700,10,,False
2023,Honda,CR-V,no_mention,4,Gasoline,66949,,,30500,3,,False
2014,Honda,CR-V,EX,4,Gasoline,196329,,,11800,12,,False
2023,Honda,CR-V,EX,4,Gasoline,62997,,,33600,3,,False
2022,Honda,Pilot,no_mention,6,Gasoline,180223,,,26500,4,,False
2015,Honda,Accord Sedan,SPORT,4,Gasoline,146692,,,7200,11,,False
2024,Honda,Civic Sedan,TOURING,4,Gasoline,39400,,,31200,2,,False
2022,Honda,Civic Sedan,EX,4,Gasoline,64982,,,24600,4,,False
2016,Honda,Pilot,TOURING,6,Gasoline,183460,,,14000,10,,False
2021,Honda,Civic Sedan,EX,4,Gasoline,89923,,,16000,5,,False
2021,Honda,CR-V,EX,4,Gasoline,40000,,,30600,5,,False
2012,Honda,Odyssey,EX,6,Gasoline,173625,,,4200,14,,False
2020,Honda,Fit,LX,4,Gasoline,73843,,,18100,6,,False
2015,Honda,Civic Sedan,LX,4,Gasoline,212733,,,6500,11,,False
2018,Honda,HR-V,EX,4,Gasoline,52761,,,21500,8,,False
2017,Honda,Ridgeline,EX,6,Gasoline,230686,,,8000,9,,False
2020,Honda,CR-V,SPORT,4,Gasoline,104132,,,25400,6,,False
2018,Honda,CR-V,LX,4,Gasoline,113747,,,21100,8,,False
2013,Honda,Civic Sedan,EX,4,Gasoline,244282,,,4700,13,,False
2016,Honda,Fit,EX,4,Gasoline,91999,,,13300,10,,False
2013,Honda,Odyssey,TOURING,6,Gasoline,225554,,,4700,13,,False
2021,Honda,CR-V,SPORT,4,Gasoline,59138,,,29800,5,,False
2023,Honda,CR-V,EX,4,Gasoline,62617,,,34400,3,,False
2021,Honda,Civic Sedan,EX,4,Gasoline,17655,,,24200,5,,False
2014,Honda,Odyssey,EX,6,Gasoline,189872,,,10600,12,,False
2015,Honda,Civic Sedan,LX,4,Gasoline,305597,,,4900,11,,False
2016,Honda,Civic Sedan,TOURING,4,Gasoline,80841,,,12300,10,,False
2011,Honda,CR-V,EX,4,Gasoline,202673,,,6100,15,,False
2020,Honda,Civic Sedan,LX,4,Gasoline,32248,,,13000,6,,False
2020,Honda,Ridgeline,EX,6,Gasoline,59872,,,33100,6,,False
2018,Honda,CR-V,EX,4,Gasoline,201013,,,13600,8,,False
2015,Honda,Civic Sedan,EX,4,Gasoline,313513,,,4800,11,,False
2021,Honda,CR-V,no_mention,4,Gasoline,55327,,,29900,5,,False
2010,Honda,Civic Sedan,SPORT,4,Gasoline,195090,,,3700,16,,False
2022,Honda,Civic Sedan,LX,4,Gasoline,111255,,,20300,4,,False
2016,Honda,CR-V,EX,4,Gasoline,206975,,,10500,10,,False
2019,Honda,HR-V,TOURING,4,Gasoline,74865,,,21700,7,,False
2018,Honda,Accord Sedan,SPORT,4,Gasoline,98210,,,21600,8,,False
2024,Honda,CR-V,LX,4,Gasoline,29865,,,32100,2,,False
2016,Honda,CR-V,TOURING,4,Gasoline,141869,,,16600,10,,False
2010,Honda,Odyssey,no_mention,6,Gasoline,161046,,,4300,16,,False
2011,Honda,Civic Sedan,no_mention,4,Gasoline,116500,,,18000,15,,False
2016,Honda,Civic Sedan,TOURING,4,Gasoline,123859,,,10600,10,,False
2022,Honda,Civic Sedan,TOURING,4,Gasoline,57675,,,22100,4,,False
2021,Honda,Civic Sedan,EX,4,Gasoline,48727,,,22500,5,,False
2021,Honda,Civic Sedan,LX,4,Gasoline,104855,,,20500,5,,False
2019,Honda,Civic Sedan,LX,4,Gasoline,183286,,,10900,7,,False
2019,Honda,Civic Sedan,EX,4,Gasoline,113056,,,18000,7,,False
2019,Honda,Pilot,EX,6,Gasoline,181912,,,19200,7,,False
2019,Honda,HR-V,LX,4,Gasoline,91439,,,16100,7,,False
2018,Honda,Civic Sedan,EX,4,Gasoline,146740,,,13700,8,,False
2018,Honda,Civic Sedan,no_mention,4,Gasoline,53361,,,19500,8,,False
2021,Honda,Pilot,EX,6,Gasoline,74620,,,36000,5,,False
2014,Honda,CR-V,LX,4,Gasoline,172591,,,8500,12,,False
2019,Honda,Civic Sedan,EX,4,Gasoline,156081,,,13100,7,,False
2011,Honda,CR-V,LX,4,Gasoline,227201,,,3900,15,,False
2023,Honda,HR-V,SPORT,4,Gasoline,8271,,,30800,3,,False
2018,Honda,Civic Sedan,EX,4,Gasoline,166351,,,14100,8,,False
2016,Honda,Pilot,EX,6,Gasoline,213888,,,12200,10,,False
2017,Honda,Fit,EX,4,Gasoline,139375,,,15700,9,,False
2019,Honda,Civic Sedan,EX,4,Gasoline,65217,,,10000,7,,False
2019,Honda,Civic Sedan,EX,4,Gasoline,85659,,,17800,7,,False
2018,Honda,CR-V,EX,4,Gasoline,91793,,,21000,8,,False
2016,Honda,Pilot,EX,6,Gasoline,181217,,,10500,10,,False
2008,Honda,CR-V,LX,4,Gasoline,220980,,,3000,18,,False
2020,Honda,CR-V,SPORT,4,Gasoline,95200,,,26500,6,,False
2016,Honda,Pilot,EX,6,Gasoline,124167,,,21200,10,,False
2022,Honda,Odyssey,TOURING,6,Gasoline,92959,,,37200,4,,False
2019,Honda,Odyssey,EX,6,Gasoline,202467,,,15100,7,,False
2013,Honda,Odyssey,EX,6,Gasoline,177497,,,10600,13,,False
2014,Honda,CR-V,EX,4,Gasoline,193350,,,9800,12,,False
2017,Honda,Odyssey,EX,6,Gasoline,305839,,,6500,9,,False
2024,Honda,Civic Sedan,TOURING,4,Gasoline,86000,,,27900,2,,False
2022,Honda,Accord Sedan,SPORT,4,Gasoline,85245,,,29100,4,,False
2022,Honda,CR-V,no_mention,4,Gasoline,32000,,,34500,4,,False
2017,Honda,Civic Sedan,LX,4,Gasoline,108663,,,12700,9,,False
2019,Honda,Accord Sedan,TOURING,4,Gasoline,46091,,,25300,7,,False
2019,Honda,Accord Sedan,SPORT,4,Gasoline,28187,,,25500,7,,False
2012,Honda,Odyssey,LX,6,Gasoline,221714,,,3500,14,,False
2018,Honda,Pilot,TOURING,6,Gasoline,161820,,,19500,8,,False
2016,Honda,Pilot,EX,6,Gasoline,271770,,,9500,10,,False
2016,Honda,Civic Sedan,EX,4,Gasoline,117504,,,10100,10,,False
2023,Honda,Odyssey,TOURING,6,Gasoline,67663,,,43200,3,,False
2012,Honda,Ridgeline,SPORT,6,Gasoline,185313,,,8100,14,,False
2017,Honda,CR-V,EX,4,Gasoline,173428,,,16200,9,,False
2004,Honda,CR-V,EX,4,Gasoline,173627,,,6500,22,,False
2022,Honda,CR-V,EX,4,Gasoline,66089,,,30500,4,,False
2016,Honda,Civic Sedan,LX,4,Gasoline,102518,,,13800,10,,False
2022,Honda,Civic Sedan,EX,4,Gasoline,38763,,,26100,4,,False
2024,Honda,HR-V,EX,4,Gasoline,27575,,,32800,2,,False
2011,Honda,Odyssey,LX,6,Gasoline,187440,,,8500,15,,False
2013,Honda,CR-V,LX,4,Gasoline,199783,,,8300,13,,False
2012,Honda,Civic Sedan,EX,4,Gasoline,186016,,,6700,14,,False
2015,Honda,Civic Sedan,EX,4,Gasoline,167968,,,8700,11,,False
2016,Honda,Odyssey,TOURING,6,Gasoline,149663,,,19000,10,,False
2013,Honda,CR-V,TOURING,4,Gasoline,365359,,,4000,13,,False
2010,Honda,CR-V,EX,4,Gasoline,313328,,,3000,16,,False
2014,Honda,CR-V,EX,4,Gasoline,214074,,,7500,12,,False
2017,Honda,CR-V,LX,4,Gasoline,231689,,,10000,9,,False
2020,Honda,CR-V,LX,4,Gasoline,129948,,,21000,6,,False
2016,Honda,Civic Sedan,LX,4,Gasoline,63314,,,14000,10,,False
2020,Honda,CR-V,SPORT,4,Gasoline,25200,,,30700,6,,False
2022,Honda,CR-V,TOURING,4,Gasoline,54034,,,30600,4,,False
2022,Honda,CR-V,SPORT,4,Gasoline,69339,,,29800,4,,False
2014,Honda,CR-V,EX,4,Gasoline,275505,,,4800,12,,False
2018,Honda,Civic Sedan,no_mention,4,Gasoline,148238,,,13500,8,,False
2010,Honda,CR-V,EX,4,Gasoline,226061,,,3700,16,,False
2012,Honda,Civic Sedan,LX,4,Gasoline,188682,,,6100,14,,False
2021,Honda,CR-V,EX,4,Gasoline,83955,,,26500,5,,False
2022,Honda,HR-V,TOURING,4,Gasoline,20161,,,32800,4,,False
2024,Honda,Pilot,TOURING,6,Gasoline,50062,,,47600,2,,False
2016,Honda,Civic Sedan,EX,4,Gasoline,200190,,,7300,10,,False
2021,Honda,Civic Sedan,LX,4,Gasoline,87000,,,21700,5,,False
2021,Honda,Civic Sedan,LX,4,Gasoline,30681,,,22900,5,,False
2023,Honda,Accord Sedan,EX,4,Gasoline,48231,,,29500,3,,False
2022,Honda,CR-V,LX,4,Gasoline,85179,,,25000,4,,False
2020,Honda,CR-V,SPORT,4,Gasoline,59905,,,28400,6,,False
2016,Honda,Pilot,TOURING,6,Gasoline,134742,,,16000,10,,False
2020,Honda,CR-V,SPORT,4,Gasoline,134150,,,23200,6,,False
2024,Honda,Odyssey,TOURING,6,Gasoline,39650,,,50600,2,,False
2013,Honda,Civic Sedan,no_mention,4,Gasoline,153798,,,9100,13,,False
2020,Honda,HR-V,LX,4,Gasoline,54791,,,22000,6,,False
2018,Honda,Accord Sedan,LX,4,Gasoline,41381,,,20100,8,,False
2014,Honda,Odyssey,EX,6,Gasoline,188570,,,9000,12,,False
2024,Honda,HR-V,EX,4,Gasoline,32912,,,33700,2,,False
2020,Honda,CR-V,SPORT,4,Gasoline,84472,,,28000,6,,False
2018,Honda,CR-V,EX,4,Gasoline,110778,,,19300,8,,False
2017,Honda,CR-V,EX,4,Gasoline,157825,,,14100,9,,False
2014,Honda,Odyssey,EX,6,Gasoline,92820,,,18200,12,,False
2018,Honda,Civic Sedan,no_mention,4,Gasoline,209039,,,10000,8,,False
2018,Honda,Civic Sedan,no_mention,4,Gasoline,136000,,,13800,8,,False
2016,Honda,Civic Sedan,LX,4,Gasoline,230334,,,6500,10,,False
2015,Honda,Odyssey,EX,6,Gasoline,192356,,,13200,11,,False
2016,Honda,CR-V,LX,4,Gasoline,224750,,,5000,10,,False
2009,Honda,Fit,SPORT,4,Gasoline,130309,,,3600,17,,False
2021,Honda,CR-V,SPORT,4,Gasoline,63500,,,26500,5,,False
2014,Honda,Pilot,TOURING,6,Gasoline,272807,,,8800,12,,False
2022,Honda,Civic Sedan,SPORT,4,Gasoline,94125,,,23500,4,,False
2025,Honda,CR-V,SPORT,4,Gasoline,24050,,,39500,1,,False
2019,Honda,Odyssey,EX,6,Gasoline,103500,,,29200,7,,False
2017,Honda,Civic Sedan,LX,4,Gasoline,255194,,,6500,9,,False
2023,Honda,Ridgeline,TOURING,6,Gasoline,26457,,,46700,3,,False
2016,Honda,Civic Sedan,LX,4,Gasoline,219375,,,6800,10,,False
2022,Honda,Accord Sedan,SPORT,4,Gasoline,91115,,,28000,4,,False
2017,Honda,CR-V,EX,4,Gasoline,239300,,,11200,9,,False
2021,Honda,Civic Sedan,LX,4,Gasoline,68275,,,20400,5,,False
2015,Honda,Pilot,TOURING,6,Gasoline,208036,,,7500,11,,False
2021,Honda,CR-V,LX,4,Gasoline,175131,,,15000,5,,False
2023,Honda,CR-V,EX,4,Gasoline,59208,,,34400,3,,False
2020,Honda,Civic Sedan,TOURING,4,Gasoline,50640,,,18000,6,,False
2019,Honda,Pilot,EX,6,Gasoline,151452,,,20000,7,,False
2024,Honda,Civic Sedan,SPORT,4,Gasoline,22578,,,30500,2,,False
2019,Honda,Civic Sedan,TOURING,4,Gasoline,86220,,,20000,7,,False
2023,Honda,HR-V,SPORT,4,Gasoline,63007,,,27700,3,,False
2015,Honda,CR-V,EX,4,Gasoline,189783,,,9100,11,,False
2015,Honda,CR-V,no_mention,4,Gasoline,209952,,,6700,11,,False
2014,Honda,CR-V,EX,4,Gasoline,194466,,,10600,12,,False
2017,Honda,CR-V,LX,4,Gasoline,138468,,,9600,9,,False
2021,Honda,Civic Sedan,EX,4,Gasoline,103774,,,17600,5,,False
2022,Honda,Accord Sedan,SPORT,4,Gasoline,89166,,,26000,4,,False
2013,Honda,Civic Sedan,LX,4,Gasoline,137558,,,8300,13,,False
2019,Honda,Civic Sedan,LX,4,Gasoline,179554,,,9900,7,,False
2014,Honda,Civic Sedan,EX,4,Gasoline,284374,,,3800,12,,False
2016,Honda,Civic Sedan,LX,4,Gasoline,233624,,,5000,10,,False
2022,Honda,Civic Sedan,EX,4,Gasoline,96101,,,24600,4,,False
2022,Honda,Odyssey,EX,6,Gasoline,183557,,,23500,4,,False
2013,Honda,Civic Sedan,LX,4,Gasoline,221966,,,5200,13,,False
2017,Honda,Civic Sedan,TOURING,4,Gasoline,38262,,,20500,9,,False
2016,Honda,HR-V,EX,4,Gasoline,196516,,,6600,10,,False
2022,Honda,CR-V,SPORT,4,Gasoline,116326,,,26500,4,,False
2016,Honda,Civic Sedan,EX,4,Gasoline,157194,,,9400,10,,False
2016,Honda,Odyssey,EX,6,Gasoline,113009,,,18400,10,,False
2013,Honda,Odyssey,EX,6,Gasoline,207260,,,7400,13,,False
2021,Honda,Civic Sedan,EX,4,Gasoline,102410,,,19600,5,,False
2019,Honda,CR-V,TOURING,4,Gasoline,41404,,,30100,7,,False
2022,Honda,CR-V,LX,4,Gasoline,79308,,,27000,4,,False
2008,Honda,CR-V,EX,4,Gasoline,147571,,,4900,18,,False
2022,Honda,CR-V,LX,4,Gasoline,39372,,,25900,4,,False
2018,Honda,Odyssey,EX,6,Gasoline,162367,,,19200,8,,False
2022,Honda,HR-V,TOURING,4,Gasoline,87699,,,26100,4,,False
2025,Honda,CR-V,SPORT,4,Gasoline,10870,,,40300,1,,False
2020,Honda,Civic Sedan,TOURING,4,Gasoline,74253,,,22800,6,,False
2019,Honda,Civic Sedan,LX,4,Gasoline,78883,,,17600,7,,False
2015,Honda,Civic Sedan,LX,4,Gasoline,135703,,,9700,11,,False
2022,Honda,CR-V,SPORT,4,Gasoline,68574,,,29500,4,,False
2012,Honda,Civic Sedan,EX,4,Gasoline,223005,,,5500,14,,False
2019,Honda,Ridgeline,TOURING,6,Gasoline,137270,,,27100,7,,False
2020,Honda,Pilot,no_mention,6,Gasoline,76850,,,35700,6,,False
2019,Honda,CR-V,EX,4,Gasoline,104657,,,22000,7,,False
2021,Honda,CR-V,SPORT,4,Gasoline,59135,,,29700,5,,False
2021,Honda,CR-V,TOURING,4,Gasoline,58676,,,31900,5,,False
2019,Honda,Odyssey,EX,6,Gasoline,103198,,,28400,7,,False
2016,Honda,Odyssey,EX,6,Gasoline,201908,,,12300,10,,False
2018,Honda,Odyssey,no_mention,6,Gasoline,84481,,,26000,8,,False
2014,Honda,Civic Sedan,LX,4,Gasoline,143257,,,8300,12,,False
2020,Honda,Accord Sedan,TOURING,4,Gasoline,103741,,,24000,6,,False
2009,Honda,CR-V,LX,4,Gasoline,192427,,,8600,17,,False
2019,Honda,Civic Sedan,LX,4,Gasoline,110253,,,16600,7,,False
2016,Honda,Pilot,TOURING,6,Gasoline,213906,,,13200,10,,False
2017,Honda,CR-V,EX,4,Gasoline,171104,,,13000,9,,False
2022,Honda,Civic Sedan,SPORT,4,Gasoline,45600,,,26500,4,,False
2014,Honda,CR-V,EX,4,Gasoline,254010,,,6300,12,,False
2017,Honda,Civic Sedan,LX,4,Gasoline,333376,,,5400,9,,False
2019,Honda,Accord Sedan,SPORT,4,Gasoline,206333,,,12500,7,,False
2021,Honda,CR-V,no_mention,4,Gasoline,82105,,,31800,5,,False
2020,Honda,CR-V,no_mention,4,Gasoline,353571,,,14000,6,,False
2017,Honda,Civic Sedan,LX,4,Gasoline,155425,,,11400,9,,False
2013,Honda,CR-V,TOURING,4,Gasoline,281069,,,4000,13,,False
2023,Honda,CR-V,no_mention,4,Gasoline,131984,,,31000,3,,False
2021,Honda,Accord Sedan,SPORT,4,Gasoline,119856,,,17600,5,,False
2024,Honda,CR-V,EX,4,Gasoline,16866,,,39200,2,,False
2018,Honda,CR-V,TOURING,4,Gasoline,184393,,,13800,8,,False
2016,Honda,Odyssey,TOURING,6,Gasoline,111337,,,18200,10,,False
2021,Honda,Civic Sedan,LX,4,Gasoline,96362,,,20500,5,,False
2023,Honda,CR-V,no_mention,4,Gasoline,94870,,,26100,3,,False
2020,Honda,Pilot,TOURING,6,Gasoline,142203,,,26100,6,,False
2017,Honda,CR-V,EX,4,Gasoline,87456,,,18600,9,,False
2012,Honda,Civic Sedan,LX,4,Gasoline,167648,,,5900,14,,False
2019,Honda,CR-V,LX,4,Gasoline,45000,,,22400,7,,False
2012,Honda,Odyssey,EX,6,Gasoline,201508,,,5800,14,,False
2014,Honda,Civic Sedan,TOURING,4,Gasoline,227888,,,5600,12,,False
2017,Honda,Civic Sedan,EX,4,Gasoline,154200,,,16600,9,,False
2013,Honda,Civic Sedan,EX,4,Gasoline,212415,,,5700,13,,False
2012,Honda,Civic Sedan,LX,4,Gasoline,164066,,,6200,14,,False
2018,Honda,CR-V,EX,4,Gasoline,91782,,,23400,8,,False
2018,Honda,CR-V,EX,4,Gasoline,97664,,,23900,8,,False
2021,Honda,Pilot,TOURING,6,Gasoline,55808,,,38000,5,,False
2015,Honda,Odyssey,EX,6,Gasoline,128800,,,15800,11,,False
2020,Honda,Civic Sedan,EX,4,Gasoline,83132,,,20500,6,,False
2018,Honda,HR-V,EX,4,Gasoline,58902,,,20500,8,,False
2023,Honda,Civic Sedan,SPORT,4,Gasoline,11324,,,31100,3,,False
2018,Honda,CR-V,TOURING,4,Gasoline,211559,,,13100,8,,False
2014,Honda,Accord Sedan,TOURING,4,Gasoline,160487,,,9000,12,,False
2021,Honda,CR-V,EX,4,Gasoline,97794,,,26500,5,,False
2016,Honda,Civic Sedan,LX,4,Gasoline,178386,,,9000,10,,False
2018,Honda,CR-V,LX,4,Gasoline,374338,,,7400,8,,False
2021,Honda,Civic Sedan,SPORT,4,Gasoline,79934,,,18700,5,,False
2007,Honda,CR-V,LX,4,Gasoline,205814,,,3200,19,,False
2018,Honda,CR-V,EX,4,Gasoline,141430,,,16100,8,,False
2013,Honda,CR-V,LX,4,Gasoline,59774,,,11400,13,,False
2005,Honda,Civic Sedan,LX,4,Gasoline,191661,,,3900,21,,False
2021,Honda,CR-V,SPORT,4,Gasoline,165015,,,19800,5,,False
2016,Honda,Civic Sedan,TOURING,4,Gasoline,157449,,,13200,10,,False
2015,Honda,Pilot,TOURING,6,Gasoline,198143,,,14100,11,,False
2019,Honda,Civic Sedan,EX,4,Gasoline,82404,,,19200,7,,False
2014,Honda,CR-V,EX,4,Gasoline,284829,,,6300,12,,False
2022,Honda,Civic Sedan,LX,4,Gasoline,46541,,,23900,4,,False
2015,Honda,Civic Sedan,EX,4,Gasoline,175605,,,6300,11,,False
2016,Honda,Fit,LX,4,Gasoline,171841,,,5900,10,,False
2018,Honda,Civic Sedan,no_mention,4,Gasoline,188921,,,10500,8,,False
2018,Honda,CR-V,EX,4,Gasoline,138714,,,14000,8,,False
2012,Honda,Civic Sedan,EX,4,Gasoline,162353,,,6600,14,,False
2017,Honda,Ridgeline,SPORT,6,Gasoline,118063,,,25200,9,,False
2015,Honda,Civic Sedan,LX,4,Gasoline,147738,,,8300,11,,False
2016,Honda,Odyssey,no_mention,6,Gasoline,165435,,,7300,10,,False
2017,Honda,Civic Sedan,LX,4,Gasoline,82352,,,15100,9,,False
2016,Honda,Accord Sedan,TOURING,6,Gasoline,131571,,,17900,10,,False
2013,Honda,Ridgeline,no_mention,6,Gasoline,149477,,,9000,13,,False
2014,Honda,Civic Sedan,LX,4,Gasoline,150962,,,8500,12,,False
2014,Honda,CR-V,TOURING,4,Gasoline,225502,,,8800,12,,False
2017,Honda,CR-V,LX,4,Gasoline,135444,,,16000,9,,False
2019,Honda,CR-V,EX,4,Gasoline,324909,,,12500,7,,False
2020,Honda,CR-V,SPORT,4,Gasoline,101152,,,24600,6,,False
2018,Honda,CR-V,EX,4,Gasoline,91878,,,20900,8,,False
2012,Honda,Pilot,EX,6,Gasoline,222291,,,7500,14,,False
2019,Honda,Accord Sedan,SPORT,4,Gasoline,173939,,,14200,7,,False
2019,Honda,Pilot,TOURING,6,Gasoline,236378,,,18500,7,,False
2017,Honda,Accord Sedan,SPORT,4,Gasoline,154963,,,11200,9,,False
2017,Honda,Ridgeline,no_mention,6,Gasoline,103039,,,27500,9,,False
2021,Honda,Civic Sedan,LX,4,Gasoline,17895,,,22900,5,,False
2020,Honda,CR-V,LX,4,Gasoline,80859,,,25800,6,,False
2024,Honda,Odyssey,TOURING,6,Gasoline,30193,,,52000,2,,False
2015,Honda,Civic Sedan,EX,4,Gasoline,325356,,,4900,11,,False
2014,Honda,Civic Sedan,LX,4,Gasoline,108326,,,10900,12,,False
2023,Honda,Civic Sedan,no_mention,4,Gasoline,59191,,,27000,3,,False
2020,Honda,Civic Sedan,EX,4,Gasoline,37530,,,23100,6,,False
2016,Honda,Civic Sedan,EX,4,Gasoline,97757,,,15800,10,,False
2010,Honda,CR-V,LX,4,Gasoline,266637,,,3600,16,,False
2014,Honda,CR-V,EX,4,Gasoline,119947,,,13200,12,,False
2019,Honda,Civic Sedan,EX,4,Gasoline,7790,,,22200,7,,False
2018,Honda,Civic Sedan,LX,4,Gasoline,151044,,,11000,8,,False
2016,Honda,CR-V,no_mention,4,Gasoline,169913,,,10500,10,,False
2019,Honda,HR-V,SPORT,4,Gasoline,42599,,,25400,7,,False
2014,Honda,Fit,no_mention,4,Gasoline,182857,,,7000,12,,False
2015,Honda,CR-V,EX,4,Gasoline,194696,,,5400,11,,False
2024,Honda,Accord Sedan,EX,4,Gasoline,16423,,,33900,2,,False
2025,Honda,Ridgeline,no_mention,6,Gasoline,22403,,,47000,1,,False
2022,Honda,Civic Sedan,EX,4,Gasoline,129729,,,20100,4,,False
2010,Honda,Accord Sedan,EX,4,Gasoline,168939,,,3600,16,,False
2014,Honda,Civic Sedan,LX,4,Gasoline,193250,,,4600,12,,False
2005,Honda,Pilot,EX,6,Gasoline,226939,,,3000,21,,False
2018,Honda,Pilot,TOURING,6,Gasoline,220849,,,14300,8,,False
2014,Honda,Accord Sedan,SPORT,4,Gasoline,176234,,,8600,12,,False
2012,Honda,Odyssey,EX,6,Gasoline,313436,,,3000,14,,False
2017,Honda,CR-V,LX,4,Gasoline,116226,,,17700,9,,False
2019,Honda,Civic Sedan,LX,4,Gasoline,112482,,,17100,7,,False
2013,Honda,Civic Sedan,EX,4,Gasoline,317521,,,3900,13,,False
2021,Honda,Accord Sedan,no_mention,4,Gasoline,54615,,,22000,5,,False
2023,Honda,CR-V,SPORT,4,Gasoline,44034,,,35800,3,,False
2018,Honda,Civic Sedan,TOURING,4,Gasoline,112988,,,17000,8,,False
2022,Honda,Odyssey,EX,6,Gasoline,78849,,,38200,4,,False
2021,Honda,Civic Sedan,TOURING,4,Gasoline,77350,,,19100,5,,False
2008,Honda,CR-V,EX,4,Gasoline,143869,,,5800,18,,False
2017,Honda,CR-V,LX,4,Gasoline,229508,,,8300,9,,False
2023,Honda,Odyssey,TOURING,6,Gasoline,55037,,,46500,3,,False
2016,Honda,HR-V,LX,4,Gasoline,154643,,,11800,10,,False
2022,Honda,CR-V,SPORT,4,Gasoline,90000,,,28400,4,,False
2022,Honda,Civic Sedan,LX,4,Gasoline,85546,,,21500,4,,False
2016,Honda,Fit,LX,4,Gasoline,87250,,,13500,10,,False
2018,Honda,Civic Sedan,EX,4,Gasoline,169700,,,12600,8,,False
2021,Honda,CR-V,SPORT,4,Gasoline,46162,,,30500,5,,False
2018,Honda,Civic Sedan,LX,4,Gasoline,193454,,,10500,8,,False
2017,Honda,CR-V,TOURING,4,Gasoline,112825,,,22400,9,,False
2018,Honda,Civic Sedan,no_mention,4,Gasoline,104151,,,11500,8,,False
2022,Honda,Civic Sedan,TOURING,4,Gasoline,41493,,,27000,4,,False
2009,Honda,Civic Sedan,SPORT,4,Gasoline,172808,,,4400,17,,False
2017,Honda,Civic Sedan,LX,4,Gasoline,166705,,,13300,9,,False
2022,Honda,Civic Sedan,LX,4,Gasoline,39594,,,24000,4,,False
2015,Honda,Odyssey,EX,6,Gasoline,254781,,,4500,11,,False
2010,Honda,CR-V,LX,4,Gasoline,225000,,,4000,16,,False
2014,Honda,CR-V,LX,4,Gasoline,277952,,,5600,12,,False
2013,Honda,Fit,LX,4,Gasoline,122603,,,10300,13,,False
2021,Honda,Pilot,EX,6,Gasoline,91208,,,35200,5,,False
2018,Honda,Odyssey,EX,6,Gasoline,213219,,,14500,8,,False
2010,Honda,Civic Sedan,no_mention,4,Gasoline,177876,,,4500,16,,False
2017,Honda,CR-V,TOURING,4,Gasoline,59959,,,24300,9,,False
2016,Honda,Civic Sedan,TOURING,4,Gasoline,259936,,,8400,10,,False
2015,Honda,CR-V,LX,4,Gasoline,263101,,,5400,11,,False
2019,Honda,HR-V,LX,4,Gasoline,258378,,,9400,7,,False
2022,Honda,Civic Sedan,LX,4,Gasoline,37890,,,25500,4,,False
2016,Honda,Pilot,EX,6,Gasoline,192900,,,14300,10,,False
2023,Honda,HR-V,SPORT,4,Gasoline,39820,,,21700,3,,False
2014,Honda,Civic Sedan,EX,4,Gasoline,174872,,,9000,12,,False
2021,Honda,CR-V,SPORT,4,Gasoline,56166,,,24700,5,,False
2010,Honda,CR-V,EX,4,Gasoline,200339,,,3500,16,,False
2023,Honda,CR-V,no_mention,4,Gasoline,61155,,,33000,3,,False
2023,Honda,Pilot,EX,6,Gasoline,23916,,,47500,3,,False
2024,Honda,Odyssey,TOURING,6,Gasoline,48008,,,50200,2,,False
2011,Honda,Civic Sedan,EX,4,Gasoline,200065,,,3600,15,,False
2013,Honda,Pilot,EX,6,Gasoline,165012,,,10100,13,,False
2020,Honda,CR-V,LX,4,Gasoline,114046,,,23000,6,,False
2023,Honda,HR-V,SPORT,4,Gasoline,7631,,,30500,3,,False
2020,Honda,CR-V,no_mention,4,Gasoline,137600,,,24000,6,,False
2021,Honda,Civic Sedan,TOURING,4,Gasoline,60800,,,25000,5,,False
2017,Honda,CR-V,TOURING,4,Gasoline,27702,,,23400,9,,False
2025,Honda,CR-V,SPORT,4,Gasoline,12960,,,41000,1,,False
2019,Honda,Civic Sedan,EX,4,Gasoline,113088,,,16700,7,,False
2017,Honda,Ridgeline,no_mention,6,Gasoline,150000,,,21400,9,,False
2014,Honda,CR-V,EX,4,Gasoline,157935,,,10500,12,,False
2017,Honda,HR-V,EX,4,Gasoline,52598,,,18600,9,,False
2017,Honda,Civic Sedan,LX,4,Gasoline,77058,,,17500,9,,False
2014,Honda,Civic Sedan,LX,4,Gasoline,348681,,,3200,12,,False
2025,Honda,Civic Sedan,LX,4,Gasoline,28388,,,27700,1,,False
2013,Honda,Pilot,EX,6,Gasoline,184943,,,11100,13,,False
2016,Honda,Fit,LX,4,Gasoline,69948,,,11300,10,,False
2016,Honda,Civic Sedan,EX,4,Gasoline,168543,,,11700,10,,False
2021,Honda,Pilot,no_mention,6,Gasoline,95013,,,34700,5,,False
2019,Honda,Civic Sedan,EX,4,Gasoline,166715,,,12300,7,,False
2023,Honda,Civic Sedan,SPORT,4,Gasoline,32618,,,28700,3,,False
2003,Honda,CR-V,LX,4,Gasoline,116902,,,6200,23,,False
2014,Honda,CR-V,LX,4,Gasoline,153500,,,11400,12,,False
2020,Honda,CR-V,SPORT,4,Gasoline,88656,,,26000,6,,False
2012,Honda,CR-V,TOURING,4,Gasoline,183091,,,7500,14,,False
2014,Honda,CR-V,LX,4,Gasoline,203423,,,6200,12,,False
2018,Honda,HR-V,LX,4,Gasoline,234573,,,10800,8,,False
2022,Honda,Civic Sedan,TOURING,4,Gasoline,108473,,,24200,4,,False
2016,Honda,CR-V,TOURING,4,Gasoline,386000,,,4500,10,,False
2006,Honda,Civic Sedan,EX,4,Gasoline,202575,,,3500,20,,False
2013,Honda,CR-V,EX,4,Gasoline,223982,,,7600,13,,False
2020,Honda,HR-V,LX,4,Gasoline,102862,,,19500,6,,False
2009,Honda,CR-V,EX,4,Gasoline,234074,,,5600,17,,False
2008,Honda,Civic Sedan,no_mention,4,Gasoline,195985,,,3300,18,,False
2018,Honda,Odyssey,EX,6,Gasoline,90791,,,23000,8,,False
2014,Honda,Odyssey,TOURING,6,Gasoline,157314,,,12000,12,,False
2019,Honda,CR-V,TOURING,4,Gasoline,117063,,,25100,7,,False
2018,Honda,Pilot,TOURING,6,Gasoline,188132,,,17000,8,,False
2018,Honda,Odyssey,TOURING,6,Gasoline,174914,,,21500,8,,False
2021,Honda,Civic Sedan,LX,4,Gasoline,116888,,,20500,5,,False
2015,Honda,Civic Sedan,LX,4,Gasoline,147456,,,9200,11,,False
2012,Honda,Civic Sedan,LX,4,Gasoline,234827,,,4000,14,,False
2015,Honda,Civic Sedan,EX,4,Gasoline,330234,,,4800,11,,False
2021,Honda,CR-V,SPORT,4,Gasoline,35621,,,26800,5,,False
2014,Honda,Odyssey,EX,6,Gasoline,306554,,,6000,12,,False
2021,Honda,CR-V,SPORT,4,Gasoline,83257,,,28100,5,,False
2024,Honda,Civic Sedan,EX,4,Gasoline,13114,,,30700,2,,False
2016,Honda,Civic Sedan,TOURING,4,Gasoline,244970,,,7800,10,,False
2016,Honda,Civic Sedan,EX,4,Gasoline,155024,,,4400,10,,False
2018,Honda,Civic Sedan,TOURING,4,Gasoline,44068,,,22600,8,,False
2020,Honda,CR-V,TOURING,4,Gasoline,70764,,,29200,6,,False
2022,Honda,Civic Sedan,SPORT,4,Gasoline,58662,,,26200,4,,False
2023,Honda,CR-V,no_mention,4,Gasoline,110131,,,30000,3,,False
2022,Honda,Civic Sedan,EX,4,Gasoline,57910,,,22200,4,,False
2020,Honda,Odyssey,EX,6,Gasoline,70707,,,31000,6,,False
2022,Honda,CR-V,no_mention,4,Gasoline,50476,,,33000,4,,False
2024,Honda,HR-V,LX,4,Gasoline,29437,,,28100,2,,False
2021,Honda,Civic Sedan,TOURING,4,Gasoline,56244,,,23500,5,,False
2018,Honda,Civic Sedan,no_mention,4,Gasoline,146504,,,13200,8,,False
2020,Honda,Pilot,no_mention,6,Gasoline,140860,,,29000,6,,False
2015,Honda,CR-V,LX,4,Gasoline,197653,,,7500,11,,False
2010,Honda,CR-V,EX,4,Gasoline,206419,,,5200,16,,False
2017,Honda,Civic Sedan,no_mention,4,Gasoline,131074,,,17500,9,,False
2021,Honda,Pilot,TOURING,6,Gasoline,136868,,,28000,5,,False
2021,Honda,CR-V,SPORT,4,Gasoline,82946,,,27500,5,,False
2020,Honda,CR-V,SPORT,4,Gasoline,31492,,,28500,6,,False
2016,Honda,Civic Sedan,TOURING,4,Gasoline,195000,,,10000,10,,False
2007,Honda,Ridgeline,LX,6,Gasoline,115450,,,5000,19,,False
2019,Honda,Accord Sedan,TOURING,4,Gasoline,204345,,,16500,7,,False
2009,Honda,Fit,LX,4,Gasoline,164888,,,3300,17,,False
2016,Honda,Civic Sedan,EX,4,Gasoline,112688,,,14200,10,,False
2021,Honda,CR-V,SPORT,4,Gasoline,56751,,,29100,5,,False
2012,Honda,Odyssey,EX,6,Gasoline,282101,,,5000,14,,False
2022,Honda,Accord Sedan,TOURING,4,Gasoline,59145,,,35200,4,,False
2018,Honda,Civic Sedan,LX,4,Gasoline,132484,,,13000,8,,False
2019,Honda,CR-V,LX,4,Gasoline,66864,,,23900,7,,False
2016,Honda,HR-V,EX,4,Gasoline,163693,,,12600,10,,False
2021,Honda,HR-V,LX,4,Gasoline,35630,,,23500,5,,False
2009,Honda,Accord Sedan,EX,4,Gasoline,143000,,,4400,17,,False
2016,Honda,Civic Sedan,LX,4,Gasoline,75910,,,15000,10,,False
2019,Honda,CR-V,TOURING,4,Gasoline,186289,,,16800,7,,False
2012,Honda,Civic Sedan,LX,4,Gasoline,292225,,,4100,14,,False
2021,Honda,Pilot,TOURING,6,Gasoline,83576,,,35400,5,,False
2017,Honda,CR-V,TOURING,4,Gasoline,174321,,,15300,9,,False
2022,Honda,CR-V,SPORT,4,Gasoline,73367,,,29500,4,,False
2016,Honda,Civic Sedan,LX,4,Gasoline,142884,,,11300,10,,False
2013,Honda,Fit,SPORT,4,Gasoline,118856,,,7200,13,,False
2015,Honda,CR-V,TOURING,4,Gasoline,151971,,,14000,11,,False
2016,Honda,Civic Sedan,LX,4,Gasoline,150002,,,9700,10,,False
2011,Honda,CR-V,LX,4,Gasoline,143367,,,7400,15,,False
2023,Honda,CR-V,SPORT,4,Gasoline,44032,,,35500,3,,False
2021,Honda,CR-V,SPORT,4,Gasoline,39600,,,29900,5,,False
2016,Honda,Civic Sedan,EX,4,Gasoline,160409,,,10700,10,,False
2020,Honda,Civic Sedan,EX,4,Gasoline,60000,,,20000,6,,False
2014,Honda,Ridgeline,TOURING,6,Gasoline,247613,,,4400,12,,False
2014,Honda,CR-V,LX,4,Gasoline,208532,,,9200,12,,False
2013,Honda,Pilot,TOURING,6,Gasoline,62314,,,12900,13,,False
2016,Honda,Civic Sedan,TOURING,4,Gasoline,217375,,,8800,10,,False
2019,Honda,Odyssey,no_mention,6,Gasoline,198662,,,17400,7,,False
2019,Honda,Odyssey,LX,6,Gasoline,257733,,,12000,7,,False
2014,Honda,CR-V,EX,4,Gasoline,237444,,,4300,12,,False
2021,Honda,Accord Sedan,EX,4,Gasoline,76000,,,27000,5,,False
2018,Honda,Civic Sedan,no_mention,4,Gasoline,169007,,,12000,8,,False
2017,Honda,Civic Sedan,EX,4,Gasoline,99967,,,17800,9,,False
2025,Honda,Pilot,SPORT,6,Gasoline,14155,,,54300,1,,False
2021,Honda,Civic Sedan,EX,4,Gasoline,11017,,,24500,5,,False
2015,Honda,Civic Sedan,LX,4,Gasoline,101113,,,11000,11,,False
2014,Honda,Civic Sedan,LX,4,Gasoline,170150,,,7700,12,,False
2017,Honda,Civic Sedan,EX,4,Gasoline,173208,,,9900,9,,False
2017,Honda,CR-V,TOURING,4,Gasoline,135469,,,19300,9,,False
2014,Honda,Odyssey,no_mention,6,Gasoline,128118,,,12700,12,,False
2022,Honda,Civic Sedan,SPORT,4,Gasoline,80399,,,25300,4,,False
2021,Honda,Civic Sedan,TOURING,4,Gasoline,101455,,,22700,5,,False
2019,Honda,Accord Sedan,SPORT,4,Gasoline,83315,,,22100,7,,False
2013,Honda,Pilot,LX,6,Gasoline,296291,,,3800,13,,False
2018,Honda,Accord Sedan,SPORT,4,Gasoline,147287,,,15700,8,,False
2016,Honda,Civic Sedan,LX,4,Gasoline,170504,,,7900,10,,False
2012,Honda,CR-V,EX,4,Gasoline,258628,,,8700,14,,False
2022,Honda,CR-V,LX,4,Gasoline,84530,,,26500,4,,False
2023,Honda,Pilot,no_mention,6,Gasoline,22659,,,48900,3,,False
2012,Honda,Civic Sedan,EX,4,Gasoline,214631,,,5400,14,,False
2014,Honda,Civic Sedan,EX,4,Gasoline,172226,,,6300,12,,False
2024,Honda,CR-V,SPORT,4,Gasoline,53401,,,36800,2,,False
2022,Honda,Odyssey,TOURING,6,Gasoline,75233,,,40900,4,,False
2018,Honda,Odyssey,EX,6,Gasoline,164112,,,21000,8,,False
2012,Honda,Civic Sedan,LX,4,Gasoline,187131,,,5400,14,,False
2018,Honda,Odyssey,EX,6,Gasoline,193773,,,13300,8,,False
2019,Honda,Civic Sedan,LX,4,Gasoline,115468,,,16500,7,,False
2019,Honda,Odyssey,EX,6,Gasoline,143388,,,24200,7,,False
2018,Honda,Accord Sedan,SPORT,4,Gasoline,198970,,,12500,8,,False
2019,Honda,CR-V,LX,4,Gasoline,220707,,,12900,7,,False
2016,Honda,HR-V,EX,4,Gasoline,179625,,,4200,10,,False
2015,Honda,Pilot,EX,6,Gasoline,186486,,,12500,11,,False
2016,Honda,Odyssey,TOURING,6,Gasoline,117700,,,15200,10,,False
2019,Honda,Ridgeline,TOURING,6,Gasoline,115202,,,29000,7,,False
2014,Honda,Odyssey,EX,6,Gasoline,115811,,,15200,12,,False
2011,Honda,Odyssey,TOURING,6,Gasoline,232205,,,4900,15,,False
2024,Honda,CR-V,SPORT,4,Gasoline,28800,,,37900,2,,False
2017,Honda,Civic Sedan,LX,4,Gasoline,166591,,,11000,9,,False
2022,Honda,Civic Sedan,LX,4,Gasoline,52815,,,24800,4,,False
2011,Honda,Fit,LX,4,Gasoline,230002,,,3200,15,,False
2022,Honda,CR-V,SPORT,4,Gasoline,81254,,,28400,4,,False
2016,Honda,HR-V,EX,4,Gasoline,211387,,,9600,10,,False
2017,Honda,Civic Sedan,LX,4,Gasoline,28674,,,19000,9,,False
2021,Honda,CR-V,SPORT,4,Gasoline,55006,,,29200,5,,False
2024,Honda,Civic Sedan,EX,4,Gasoline,14710,,,26100,2,,False
2023,Honda,Civic Sedan,no_mention,4,Gasoline,54050,,,26200,3,,False
2011,Honda,CR-V,LX,4,Gasoline,269996,,,3800,15,,False
2015,Honda,Civic Sedan,LX,4,Gasoline,223100,,,7500,11,,False
2014,Honda,Accord Sedan,TOURING,6,Gasoline,176900,,,7400,12,,False
2017,Honda,Pilot,TOURING,6,Gasoline,256495,,,15200,9,,False
2017,Honda,Ridgeline,TOURING,6,Gasoline,148245,,,22400,9,,False
2019,Honda,Accord Sedan,TOURING,4,Gasoline,68500,,,26300,7,,False
2017,Honda,Civic Sedan,EX,4,Gasoline,250472,,,8500,9,,False
2021,Honda,CR-V,no_mention,4,Gasoline,113979,,,28500,5,,False
2023,Honda,HR-V,EX,4,Gasoline,16148,,,26900,3,,False
2021,Honda,Civic Sedan,LX,4,Gasoline,210045,,,14000,5,,False
2022,Honda,Civic Sedan,LX,4,Gasoline,54331,,,23600,4,,False
2016,Honda,Fit,LX,4,Gasoline,118970,,,9000,10,,False
2020,Honda,CR-V,TOURING,4,Gasoline,69759,,,28700,6,,False
2017,Honda,Pilot,EX,6,Gasoline,86291,,,18000,9,,False
2022,Honda,Pilot,TOURING,6,Gasoline,98102,,,34500,4,,False
2023,Honda,CR-V,no_mention,4,Gasoline,93701,,,27900,3,,False
2020,Honda,CR-V,EX,4,Gasoline,70275,,,27300,6,,False
2022,Honda,CR-V,SPORT,4,Gasoline,98953,,,27800,4,,False
2021,Honda,CR-V,SPORT,4,Gasoline,76859,,,28700,5,,False
2016,Honda,Fit,LX,4,Gasoline,92995,,,11400,10,,False
2022,Honda,CR-V,SPORT,4,Gasoline,96849,,,29600,4,,False
2020,Honda,CR-V,SPORT,4,Gasoline,134925,,,23200,6,,False
2022,Honda,Pilot,EX,6,Gasoline,100822,,,33200,4,,False
2009,Honda,CR-V,EX,4,Gasoline,121560,,,7900,17,,False
2016,Honda,Accord Sedan,LX,4,Gasoline,320627,,,5000,10,,False
2023,Honda,CR-V,no_mention,4,Gasoline,36702,,,34400,3,,False
2011,Honda,Civic Sedan,no_mention,4,Gasoline,207356,,,3000,15,,False
2021,Honda,CR-V,LX,4,Gasoline,82041,,,25600,5,,False
2022,Honda,Civic Sedan,LX,4,Gasoline,296612,,,12300,4,,False
2016,Honda,Civic Sedan,LX,4,Gasoline,172510,,,8600,10,,False
2013,Honda,Civic Sedan,LX,4,Gasoline,93412,,,9500,13,,False
2016,Honda,HR-V,EX,4,Gasoline,82661,,,15000,10,,False
2021,Honda,CR-V,SPORT,4,Gasoline,120733,,,24500,5,,False
2018,Honda,CR-V,TOURING,4,Gasoline,151794,,,18500,8,,False
2016,Honda,Odyssey,EX,6,Gasoline,220179,,,10000,10,,False
2020,Honda,Civic Sedan,EX,4,Gasoline,60312,,,21700,6,,False
2023,Honda,Civic Sedan,no_mention,4,Gasoline,41864,,,26500,3,,False
2010,Honda,Odyssey,no_mention,6,Gasoline,149020,,,3700,16,,False
2017,Honda,CR-V,EX,4,Gasoline,317208,,,9200,9,,False
2019,Honda,Ridgeline,no_mention,6,Gasoline,172859,,,21500,7,,False
2020,Honda,Pilot,TOURING,6,Gasoline,197750,,,20000,6,,False
2021,Honda,Civic Sedan,EX,4,Gasoline,88103,,,23600,5,,False
2011,Honda,CR-V,EX,4,Gasoline,140475,,,5000,15,,False
2014,Honda,CR-V,EX,4,Gasoline,125243,,,11400,12,,False
2014,Honda,CR-V,EX,4,Gasoline,271235,,,4500,12,,False
2015,Honda,Civic Sedan,LX,4,Gasoline,108876,,,10000,11,,False
2012,Honda,Civic Sedan,LX,4,Gasoline,197751,,,4100,14,,False
2022,Honda,Civic Sedan,LX,4,Gasoline,123571,,,20300,4,,False
2022,Honda,Civic Sedan,LX,4,Gasoline,41430,,,22000,4,,False
2024,Honda,Civic Sedan,SPORT,4,Gasoline,26544,,,30100,2,,False
2020,Honda,Accord Sedan,SPORT,4,Gasoline,94190,,,23100,6,,False
2022,Honda,CR-V,EX,4,Gasoline,47050,,,32800,4,,False
2023,Honda,HR-V,LX,4,Gasoline,53123,,,22000,3,,False
2014,Honda,CR-V,LX,4,Gasoline,216070,,,6600,12,,False
2019,Honda,Fit,SPORT,4,Gasoline,61756,,,20600,7,,False
2016,Honda,Civic Sedan,LX,4,Gasoline,133047,,,12100,10,,False
2017,Honda,Pilot,TOURING,6,Gasoline,125398,,,24200,9,,False
2021,Honda,CR-V,EX,4,Gasoline,161812,,,20100,5,,False
2010,Honda,Fit,LX,4,Gasoline,91595,,,5300,16,,False
2018,Honda,Accord Sedan,SPORT,4,Gasoline,331398,,,9600,8,,False
2022,Honda,CR-V,SPORT,4,Gasoline,59314,,,29500,4,,False
2018,Honda,Odyssey,EX,6,Gasoline,255798,,,14000,8,,False
2016,Honda,Odyssey,EX,6,Gasoline,172927,,,14000,10,,False
2014,Honda,CR-V,LX,4,Gasoline,129484,,,9200,12,,False
2016,Honda,Accord Sedan,TOURING,4,Gasoline,179858,,,12100,10,,False
2009,Honda,Pilot,EX,6,Gasoline,264988,,,4700,17,,False
2016,Honda,CR-V,TOURING,4,Gasoline,166464,,,12500,10,,False
2016,Honda,CR-V,EX,4,Gasoline,95846,,,16300,10,,False
2012,Honda,Civic Sedan,EX,4,Gasoline,160015,,,6600,14,,False
2006,Honda,Odyssey,EX,6,Gasoline,235520,,,3100,20,,False
2011,Honda,CR-V,EX,4,Gasoline,224330,,,4100,15,,False
2022,Honda,Civic Sedan,LX,4,Gasoline,133579,,,16600,4,,False
2016,Honda,Pilot,EX,6,Gasoline,173580,,,16100,10,,False
2009,Honda,Fit,no_mention,4,Gasoline,104968,,,3000,17,,False
2014,Honda,Accord Sedan,TOURING,4,Gasoline,388789,,,4100,12,,False
2021,Honda,Civic Sedan,LX,4,Gasoline,109011,,,20000,5,,False
2020,Honda,CR-V,SPORT,4,Gasoline,180305,,,19000,6,,False
2019,Honda,Civic Sedan,SPORT,4,Gasoline,164393,,,14500,7,,False
2023,Honda,Civic Sedan,SPORT,4,Gasoline,10724,,,31000,3,,False
2009,Honda,Fit,LX,4,Gasoline,15720,,,7300,17,,False
2008,Honda,CR-V,EX,4,Gasoline,233271,,,4500,18,,False
2012,Honda,CR-V,EX,4,Gasoline,191235,,,9400,14,,False
2016,Honda,CR-V,LX,4,Gasoline,166612,,,9700,10,,False
2009,Honda,Accord Sedan,EX,4,Gasoline,212662,,,3300,17,,False
2010,Honda,CR-V,LX,4,Gasoline,162700,,,5100,16,,False
2019,Honda,HR-V,LX,4,Gasoline,39900,,,20500,7,,False
2021,Honda,CR-V,LX,4,Gasoline,46600,,,27000,5,,False
2013,Honda,CR-V,EX,4,Gasoline,207610,,,8400,13,,False
2012,Honda,CR-V,LX,4,Gasoline,260563,,,5100,14,,False
2022,Honda,CR-V,TOURING,4,Gasoline,56489,,,32700,4,,False
2023,Honda,Pilot,SPORT,6,Gasoline,13605,,,52500,3,,False
2013,Honda,Civic Sedan,LX,4,Gasoline,175265,,,8300,13,,False
2017,Honda,Civic Sedan,TOURING,4,Gasoline,77395,,,17400,9,,False
2015,Honda,Accord Sedan,EX,6,Gasoline,163470,,,9700,11,,False
2011,Honda,Odyssey,EX,6,Gasoline,231622,,,6100,15,,False
2020,Honda,Civic Sedan,EX,4,Gasoline,26698,,,22600,6,,False
2013,Honda,Odyssey,EX,6,Gasoline,225617,,,6500,13,,False
2023,Honda,HR-V,LX,4,Gasoline,24103,,,27800,3,,False
2016,Honda,Fit,LX,4,Gasoline,109483,,,8000,10,,False
2011,Toyota,tacoma,no mentioned,6,gasoline,200704,,,10800,15,,False
2010,Toyota,tacoma,no mentioned,6,gasoline,170951,,,9500,16,,False
2013,Toyota,tacoma,no mentioned,6,gasoline,223047,,,13400,13,,False
2016,Toyota,tacoma,sr5,6,gasoline,137000,,,26000,10,,False
2013,Toyota,tacoma,no mentioned,6,gasoline,264422,,,13100,13,,False
2021,Toyota,tacoma,no mentioned,6,gasoline,61850,,,43700,5,,False
2023,Toyota,tacoma,no mentioned,6,gasoline,41542,,,45000,3,,False
2022,Toyota,tacoma,no mentioned,6,gasoline,56666,,,35000,4,,False
2017,Toyota,tacoma,no mentioned,6,gasoline,177902,,,23750,9,,False
2019,Toyota,tacoma,sr5,6,gasoline,168127,,,20200,7,,False
2016,Toyota,tacoma,sr5,6,gasoline,183710,,,24500,10,,False
2014,Toyota,tacoma,no mentioned,4,gasoline,205847,,,12750,12,,False
2019,Toyota,tacoma,sr5,6,gasoline,179808,,,23100,7,,False
2020,Toyota,tacoma,no mentioned,6,gasoline,93471,,,34900,6,,False
2011,Toyota,tacoma,no mentioned,6,gasoline,319424,,,7000,15,,False
2015,Toyota,tacoma,no mentioned,6,gasoline,216163,,,19100,11,,False
2015,Toyota,tacoma,no mentioned,6,gasoline,322071,,,14000,11,,False
2019,Toyota,tacoma,limited,6,gasoline,85549,,,37500,7,,False
2011,Toyota,tacoma,no mentioned,6,gasoline,286565,,,12200,15,,False
2015,Toyota,tacoma,no mentioned,6,gasoline,160578,,,16600,11,,False
2014,Toyota,tacoma,no mentioned,6,gasoline,116536,,,20000,12,,False
2021,Toyota,tacoma,no mentioned,6,gasoline,155585,,,33500,5,,False
2022,Toyota,tacoma,no mentioned,6,gasoline,78123,,,38800,4,,False
2023,Toyota,tacoma,no mentioned,6,gasoline,34845,,,44000,3,,False
2025,Toyota,tacoma,no mentioned,4,hybrid,19362,,,62000,1,,False
2023,Toyota,tacoma,no mentioned,6,gasoline,18283,,,40250,3,,False
2020,Toyota,tacoma,no mentioned,6,gasoline,77424,,,42800,6,,False
2021,Toyota,tacoma,no mentioned,6,gasoline,99471,,,40000,5,,False
2014,Toyota,tacoma,no mentioned,6,gasoline,263685,,,7800,12,,False
2019,Toyota,tacoma,trd,6,gasoline,207271,,,23200,7,,False
2024,Toyota,tacoma,no mentioned,4,gasoline,34877,,,48300,2,,False
2013,Toyota,tacoma,no mentioned,4,gasoline,213474,,,10000,13,,False
2013,Toyota,tacoma,no mentioned,6,gasoline,182381,,,18500,13,,False
2017,Toyota,tacoma,trd,6,gasoline,180412,,,21200,9,,False
2018,Toyota,tacoma,limited,6,gasoline,173975,,,28800,8,,False
2023,Toyota,tacoma,no mentioned,6,gasoline,63766,,,38500,3,,False
2016,Toyota,tacoma,no mentioned,6,gasoline,193442,,,15800,10,,False
2010,Toyota,tacoma,no mentioned,6,gasoline,196284,,,6700,16,,False
2020,Toyota,tacoma,no mentioned,6,gasoline,57444,,,38100,6,,False
2024,Toyota,tacoma,no mentioned,4,hybrid,10862,,,57000,2,,False
2018,Toyota,tacoma,sr5,6,gasoline,127445,,,29200,8,,False
2020,Toyota,tacoma,no mentioned,6,gasoline,79227,,,37000,6,,False
2022,Toyota,tacoma,no mentioned,6,gasoline,58742,,,47000,4,,False
2022,Toyota,tacoma,no mentioned,6,gasoline,41655,,,37250,4,,False
2023,Toyota,tacoma,no mentioned,6,gasoline,30392,,,42000,3,,False
2020,Toyota,tacoma,no mentioned,6,gasoline,92303,,,34250,6,,False
2019,Toyota,tacoma,sr5,6,gasoline,96053,,,32600,7,,False
2015,Toyota,tacoma,no mentioned,4,gasoline,189488,,,12500,11,,False
2016,Toyota,tacoma,sr5,6,gasoline,322055,,,13200,10,,False
2015,Toyota,tacoma,no mentioned,6,gasoline,192314,,,21400,11,,False
2023,Toyota,tacoma,no mentioned,6,gasoline,91057,,,33500,3,,False
2024,Toyota,tacoma,no mentioned,4,gasoline,25170,,,52300,2,,False
2018,Toyota,tacoma,sr5,6,gasoline,114536,,,28000,8,,False
2017,Toyota,tacoma,sr5,6,gasoline,182282,,,20000,9,,False
2020,Toyota,tacoma,no mentioned,6,gasoline,111228,,,28250,6,,False
2022,Toyota,tacoma,no mentioned,6,gasoline,73942,,,39500,4,,False
2023,Toyota,tacoma,no mentioned,6,gasoline,73185,,,47500,3,,False
2022,Toyota,tacoma,no mentioned,6,gasoline,51710,,,49400,4,,False
2021,Toyota,tacoma,no mentioned,6,gasoline,170619,,,21400,5,,False
2022,Toyota,tacoma,no mentioned,6,gasoline,71623,,,41000,4,,False
2010,Toyota,tacoma,no mentioned,6,gasoline,254559,,,6600,16,,False
2019,Toyota,tacoma,trd,6,gasoline,91540,,,40800,7,,False
2017,Toyota,tacoma,no mentioned,6,gasoline,192500,,,20600,9,,False
2010,Toyota,tacoma,no mentioned,4,gasoline,255476,,,3400,16,,False
2022,Toyota,tacoma,no mentioned,6,gasoline,38495,,,39800,4,,False
2018,Toyota,tacoma,trd,6,gasoline,137980,,,32000,8,,False
2017,Toyota,tacoma,no mentioned,6,gasoline,146246,,,24400,9,,False
2020,Toyota,tacoma,no mentioned,6,gasoline,90500,,,40800,6,,False
2013,Toyota,tacoma,no mentioned,6,gasoline,363883,,,8400,13,,False
2023,Toyota,tacoma,no mentioned,6,gasoline,34824,,,44750,3,,False
2023,Toyota,tacoma,no mentioned,6,gasoline,27434,,,47700,3,,False
2025,Toyota,tacoma,no mentioned,4,gasoline,29058,,,50500,1,,False
2016,Toyota,tacoma,sr5,6,gasoline,177796,,,21000,10,,False
2014,Toyota,tacoma,no mentioned,6,gasoline,109739,,,23300,12,,False
2015,Toyota,tacoma,no mentioned,6,gasoline,276823,,,9300,11,,False
2014,Toyota,tacoma,no mentioned,6,gasoline,202340,,,14000,12,,False
2017,Toyota,tacoma,trd,6,gasoline,62188,,,31500,9,,False
2019,Toyota,tacoma,sr5,6,gasoline,119035,,,34600,7,,False
2023,Toyota,tacoma,trd,6,gasoline,53305,,,40250,3,,False
2022,Toyota,tacoma,trd,6,gasoline,90898,,,36400,4,,False
2022,Toyota,tacoma,no mentioned,6,gasoline,40595,,,47200,4,,False
2023,Toyota,tacoma,sr5,6,gasoline,50995,,,39800,3,,False
2021,Toyota,tacoma,nightshade,6,gasoline,72074,,,43000,5,,False
2021,Toyota,tacoma,no mentioned,6,gasoline,149708,,,30800,5,,False
2016,Toyota,tacoma,no mentioned,6,gasoline,57989,,,26500,10,,False
2020,Toyota,tacoma,no mentioned,6,gasoline,126788,,,24500,6,,False
2021,Toyota,tacoma,no mentioned,6,gasoline,56102,,,40200,5,,False
2017,Toyota,tacoma,no mentioned,6,gasoline,120911,,,33500,9,,False
2011,Toyota,tacoma,no mentioned,6,gasoline,225721,,,6200,15,,False
2019,Toyota,tacoma,limited,6,gasoline,71177,,,37600,7,,False
2013,Toyota,tacoma,no mentioned,6,gasoline,272799,,,5600,13,,False
2023,Toyota,tacoma,no mentioned,6,gasoline,14755,,,47000,3,,False
2023,Toyota,tacoma,no mentioned,6,gasoline,58044,,,46900,3,,False
2022,Toyota,tacoma,no mentioned,6,gasoline,92500,,,44000,4,,False
2023,Toyota,tacoma,no mentioned,6,gasoline,37136,,,47300,3,,False
2021,Toyota,tacoma,no mentioned,6,gasoline,55313,,,34500,5,,False
2020,Toyota,tacoma,no mentioned,6,gasoline,45900,,,37100,6,,False
2017,Toyota,tacoma,limited,6,gasoline,91100,,,35500,9,,False
2014,Toyota,tacoma,no mentioned,6,gasoline,188372,,,16700,12,,False
2022,Toyota,tacoma,no mentioned,6,gasoline,80000,,,40000,4,,False
2022,Toyota,tacoma,no mentioned,6,gasoline,62704,,,31600,4,,False
2020,Toyota,tacoma,no mentioned,6,gasoline,181777,,,15000,6,,False
2016,Toyota,tacoma,sr5,6,gasoline,82883,,,25800,10,,False
2014,Toyota,tacoma,no mentioned,6,gasoline,75649,,,20000,12,,False
2015,Toyota,tacoma,no mentioned,6,gasoline,156659,,,18400,11,,False
2017,Toyota,tacoma,limited,6,gasoline,138114,,,24200,9,,False
2020,Toyota,tacoma,no mentioned,6,gasoline,91865,,,35500,6,,False
2021,Toyota,tacoma,no mentioned,6,gasoline,87987,,,42100,5,,False
2024,Toyota,tacoma,trd,4,gasoline,25106,,,45250,2,,False
2014,Toyota,tacoma,no mentioned,6,gasoline,245460,,,11100,12,,False
2015,Toyota,tacoma,no mentioned,6,gasoline,173310,,,18100,11,,False
2014,Toyota,tacoma,no mentioned,6,gasoline,223467,,,14700,12,,False
2023,Toyota,tacoma,no mentioned,6,gasoline,16231,,,45000,3,,False
2024,Toyota,tacoma,no mentioned,4,gasoline,19106,,,48750,2,,False
2020,Toyota,tacoma,no mentioned,6,gasoline,66206,,,42200,6,,False
2019,Toyota,tacoma,sr5,6,gasoline,118680,,,33000,7,,False
2022,Toyota,tacoma,no mentioned,6,gasoline,52500,,,46000,4,,False
2022,Toyota,tacoma,no mentioned,6,gasoline,59866,,,25000,4,,False
2021,Toyota,tacoma,no mentioned,6,gasoline,197781,,,28000,5,,False
2015,Toyota,tacoma,no mentioned,6,gasoline,154795,,,17200,11,,False
2013,Toyota,tacoma,no mentioned,6,gasoline,334238,,,7300,13,,False
2023,Toyota,tacoma,no mentioned,6,gasoline,34839,,,50500,3,,False
2024,Toyota,tacoma,no mentioned,4,gasoline,12742,,,49000,2,,False
2013,Toyota,tacoma,no mentioned,6,gasoline,249453,,,11500,13,,False
2018,Toyota,tacoma,sr5,6,gasoline,44354,,,39000,8,,False
2021,Toyota,tacoma,no mentioned,6,gasoline,140544,,,33300,5,,False
2015,Toyota,tacoma,no mentioned,6,gasoline,322744,,,9600,11,,False
2021,Toyota,tacoma,no mentioned,6,gasoline,57161,,,38600,5,,False
2022,Toyota,tacoma,no mentioned,6,gasoline,63921,,,41600,4,,False
2021,Toyota,tacoma,no mentioned,6,gasoline,116953,,,37300,5,,False
2020,Toyota,tacoma,no mentioned,6,gasoline,61642,,,34800,6,,False
2021,Toyota,tacoma,no mentioned,6,gasoline,52349,,,40000,5,,False
2016,Toyota,tacoma,sr5,6,gasoline,57970,,,25100,10,,False
2019,Toyota,tacoma,sr5,6,gasoline,85058,,,31000,7,,False
2020,Toyota,tacoma,no mentioned,6,gasoline,98866,,,39800,6,,False
2023,Toyota,tacoma,no mentioned,6,gasoline,44705,,,45000,3,,False
2022,Toyota,tacoma,no mentioned,6,gasoline,86900,,,38000,4,,False
2019,Toyota,tacoma,sr5,6,gasoline,182750,,,28600,7,,False
2020,Toyota,tacoma,no mentioned,6,gasoline,172635,,,25000,6,,False
2022,Toyota,tacoma,no mentioned,6,gasoline,56374,,,38500,4,,False
2023,Toyota,tacoma,no mentioned,6,gasoline,73300,,,53000,3,,False
2025,Toyota,tacoma,no mentioned,4,gasoline,19683,,,52500,1,,False
2018,Toyota,tacoma,sr5,6,gasoline,272450,,,12900,8,,False
2023,Toyota,tacoma,no mentioned,6,gasoline,26518,,,34500,3,,False
2022,Toyota,tacoma,no mentioned,6,gasoline,105327,,,34700,4,,False
2020,Toyota,tacoma,no mentioned,6,gasoline,150409,,,31200,6,,False
2018,Toyota,tacoma,sr5,6,gasoline,221009,,,19600,8,,False
2010,Toyota,tacoma,no mentioned,6,gasoline,309625,,,4500,16,,False
2013,Toyota,tacoma,no mentioned,4,gasoline,230474,,,6000,13,,False
2017,Toyota,tacoma,no mentioned,6,gasoline,224455,,,20600,9,,False
2023,Toyota,tacoma,no mentioned,6,gasoline,58184,,,46300,3,,False
2022,Toyota,tacoma,sr5,6,gasoline,49485,,,40000,4,,False
2022,Toyota,tacoma,no mentioned,6,gasoline,27063,,,41500,4,,False
2018,Toyota,tacoma,sr5,6,gasoline,55884,,,30000,8,,False
2020,Toyota,tacoma,no mentioned,6,gasoline,82902,,,20600,6,,False
2024,Toyota,tacoma,no mentioned,4,gasoline,22517,,,52000,2,,False
2024,Toyota,tacoma,trd,4,gasoline,31646,,,52250,2,,False
2017,Toyota,tacoma,sr5,6,gasoline,208326,,,17200,9,,False
2021,Toyota,tacoma,no mentioned,6,gasoline,91648,,,38500,5,,False
2016,Toyota,tacoma,sr5,6,gasoline,243434,,,16250,10,,False
2015,Toyota,tacoma,no mentioned,6,gasoline,90348,,,14000,11,,False
2023,Toyota,tacoma,no mentioned,6,gasoline,30359,,,52500,3,,False
2013,Toyota,tacoma,no mentioned,6,gasoline,121417,,,5900,13,,False
2020,Toyota,tacoma,no mentioned,6,gasoline,82011,,,35900,6,,False
2015,Toyota,tacoma,no mentioned,6,gasoline,294844,,,11200,11,,False
2023,Toyota,tacoma,no mentioned,6,gasoline,117133,,,34500,3,,False
2024,Toyota,tacoma,no mentioned,4,gasoline,31981,,,48000,2,,False
2017,Toyota,tacoma,trd,6,gasoline,117149,,,32700,9,,False
2021,Toyota,tacoma,no mentioned,6,gasoline,99967,,,33500,5,,False
2013,Toyota,tacoma,no mentioned,6,gasoline,365327,,,3200,13,,False
2013,Toyota,tacoma,no mentioned,6,gasoline,288480,,,8800,13,,False
2021,Toyota,tacoma,no mentioned,6,gasoline,47990,,,40800,5,,False
2013,Toyota,tacoma,no mentioned,6,gasoline,213150,,,9000,13,,False
2020,Toyota,tacoma,limited,6,gasoline,156117,,,35200,6,,False
2014,Toyota,tacoma,no mentioned,6,gasoline,136376,,,20600,12,,False
2011,Toyota,tacoma,no mentioned,4,gasoline,263700,,,7600,15,,False
2021,Toyota,tacoma,no mentioned,6,gasoline,47325,,,43800,5,,False
2010,Toyota,tacoma,no mentioned,6,gasoline,186986,,,8500,16,,False
2022,Toyota,tacoma,no mentioned,6,gasoline,71335,,,39500,4,,False
2017,Toyota,tacoma,sr5,6,gasoline,242531,,,14300,9,,False
2018,Toyota,tacoma,sr5,6,gasoline,105265,,,28400,8,,False
2014,Toyota,tacoma,no mentioned,6,gasoline,168402,,,14000,12,,False
2020,Toyota,tacoma,no mentioned,6,gasoline,101993,,,32700,6,,False
2023,Toyota,tacoma,trd,6,gasoline,36887,,,50000,3,,False
2022,Toyota,tacoma,no mentioned,6,gasoline,60244,,,41500,4,,False
2022,Toyota,tacoma,no mentioned,6,gasoline,105327,,,28750,4,,False
2024,Toyota,tacoma,no mentioned,4,gasoline,26389,,,53900,2,,False
2019,Toyota,tacoma,sr5,6,gasoline,164649,,,23500,7,,False
2019,Toyota,tacoma,sr5,6,gasoline,168374,,,23200,7,,False
2011,Toyota,tacoma,no mentioned,4,gasoline,109715,,,19400,15,,False
2023,Toyota,tacoma,no mentioned,6,gasoline,130530,,,32800,3,,False
2016,Toyota,tacoma,limited,6,gasoline,190092,,,24500,10,,False
2016,Toyota,tacoma,sr5,6,gasoline,280481,,,16200,10,,False
2016,Toyota,tacoma,sr+,4,gasoline,155589,,,17500,10,,False
2022,Toyota,tacoma,no mentioned,6,gasoline,70166,,,39200,4,,False
2023,Toyota,tacoma,trd,6,gasoline,60398,,,54100,3,,False
2023,Toyota,tacoma,no mentioned,6,gasoline,28279,,,50000,3,,False
2024,Toyota,tacoma,no mentioned,4,gasoline,22423,,,46400,2,,False
2023,Toyota,tacoma,no mentioned,6,gasoline,44169,,,41100,3,,False
2019,Toyota,tacoma,sr5,6,gasoline,118225,,,29800,7,,False
2018,Toyota,tacoma,sr5,6,gasoline,91368,,,34250,8,,False
2022,Toyota,tacoma,no mentioned,6,gasoline,64660,,,43000,4,,False
2012,Toyota,tacoma,no mentioned,6,gasoline,258385,,,12800,14,,False
2021,Toyota,tacoma,no mentioned,6,gasoline,72678,,,40200,5,,False
2018,Toyota,tacoma,sr5,6,gasoline,79617,,,35800,8,,False
2021,Toyota,tacoma,no mentioned,6,gasoline,104909,,,37000,5,,False
2012,Toyota,tacoma,no mentioned,6,gasoline,318424,,,8400,14,,False
2021,Toyota,tacoma,no mentioned,6,gasoline,19190,,,49000,5,,False
2016,Toyota,tacoma,sr5,6,gasoline,212306,,,23200,10,,False
2021,Toyota,tacoma,no mentioned,6,gasoline,114225,,,37000,5,,False
2010,Toyota,tacoma,no mentioned,6,gasoline,184306,,,15200,16,,False
2016,Toyota,tacoma,limited,6,gasoline,214503,,,18900,10,,False
2011,Toyota,tacoma,no mentioned,6,gasoline,238667,,,13000,15,,False
2018,Toyota,tacoma,sr5,6,gasoline,114545,,,25100,8,,False
2022,Toyota,tacoma,no mentioned,6,gasoline,113511,,,40500,4,,False
2024,Toyota,tacoma,no mentioned,4,hybrid,15849,,,63000,2,,False
2022,Toyota,tacoma,trd,6,gasoline,85641,,,47700,4,,False
2018,Toyota,tacoma,sr5,6,gasoline,162000,,,19100,8,,False
2017,Toyota,tacoma,trd,6,gasoline,188229,,,23200,9,,False
2019,Toyota,tacoma,sr5,6,gasoline,154112,,,26400,7,,False
2021,Toyota,tacoma,no mentioned,6,gasoline,299662,,,19600,5,,False
2023,Toyota,tacoma,no mentioned,6,gasoline,41468,,,44500,3,,False
2013,Toyota,tacoma,no mentioned,6,gasoline,203210,,,14200,13,,False
2015,Toyota,tacoma,no mentioned,6,gasoline,241607,,,16900,11,,False
2017,Toyota,tacoma,trd,6,gasoline,117023,,,30300,9,,False
2021,Toyota,tacoma,no mentioned,6,gasoline,112747,,,39000,5,,False
2024,Toyota,tacoma,no mentioned,4,gasoline,15530,,,52000,2,,False
2019,Toyota,tacoma,sr5,6,gasoline,192860,,,29000,7,,False
2020,Toyota,tacoma,no mentioned,6,gasoline,99963,,,37000,6,,False
2021,Toyota,tacoma,trd,6,gasoline,70904,,,38000,5,,False
2023,Toyota,tacoma,no mentioned,6,gasoline,60432,,,36500,3,,False
2024,Toyota,tacoma,no mentioned,4,gasoline,16251,,,53200,2,,False
2024,Toyota,tacoma,no mentioned,4,gasoline,16028,,,51500,2,,False
2020,Toyota,tacoma,no mentioned,6,gasoline,76338,,,40250,6,,False
2014,Toyota,tacoma,no mentioned,6,gasoline,162492,,,17300,12,,False
2012,Toyota,tacoma,no mentioned,6,gasoline,163737,,,19600,14,,False
2016,Toyota,tacoma,trd,6,gasoline,286642,,,13300,10,,False
2017,Toyota,tacoma,no mentioned,6,gasoline,178500,,,26500,9,,False
2023,Toyota,tacoma,no mentioned,6,gasoline,34836,,,48700,3,,False
2017,Toyota,tacoma,no mentioned,6,gasoline,287872,,,16900,9,,False
2020,Toyota,tacoma,no mentioned,6,gasoline,83957,,,32000,6,,False
2012,Toyota,tacoma,no mentioned,6,gasoline,303276,,,9000,14,,False
2023,Toyota,tacoma,no mentioned,6,gasoline,29853,,,46500,3,,False
2017,Toyota,tacoma,no mentioned,6,gasoline,61232,,,37300,9,,False
2020,Toyota,tacoma,no mentioned,6,gasoline,117870,,,38300,6,,False
2012,Toyota,tacoma,no mentioned,6,gasoline,185909,,,22000,14,,False
2024,Toyota,tacoma,no mentioned,4,gasoline,36002,,,50000,2,,False
2019,Toyota,tacoma,sr5,6,gasoline,103947,,,34200,7,,False
2017,Toyota,tacoma,sr5,6,gasoline,143468,,,23500,9,,False
2021,Toyota,tacoma,no mentioned,6,gasoline,121501,,,33400,5,,False
2019,Toyota,tacoma,trd,6,gasoline,120772,,,29600,7,,False
2014,Toyota,tacoma,no mentioned,4,gasoline,318376,,,7100,12,,False
2023,Toyota,tacoma,no mentioned,6,gasoline,39680,,,49000,3,,False
2022,Toyota,tacoma,no mentioned,6,gasoline,90211,,,41300,4,,False
2021,Toyota,tacoma,no mentioned,6,gasoline,37776,,,46100,5,,False
2021,Toyota,tacoma,trd,6,gasoline,38328,,,49000,5,,False
2019,Toyota,tacoma,sr5,6,gasoline,139271,,,35000,7,,False
2021,Toyota,tacoma,trd,6,gasoline,126278,,,37500,5,,False
2020,Toyota,tacoma,no mentioned,6,gasoline,97775,,,38000,6,,False
2016,Toyota,tacoma,sr+,4,gasoline,206497,,,11750,10,,False
2018,Toyota,tacoma,sr5,6,gasoline,185829,,,24500,8,,False
2023,Toyota,tacoma,no mentioned,6,gasoline,56798,,,56000,3,,False
2023,Toyota,tacoma,no mentioned,6,gasoline,33391,,,47500,3,,False
2024,Toyota,tacoma,no mentioned,4,gasoline,12258,,,36500,2,,False
2021,Toyota,tacoma,no mentioned,6,gasoline,64196,,,41000,5,,False
2021,Toyota,tacoma,no mentioned,6,gasoline,42256,,,44000,5,,False
2017,Toyota,tacoma,sr5,6,gasoline,92561,,,32000,9,,False
2010,Toyota,tacoma,no mentioned,6,gasoline,227923,,,6100,16,,False
2019,Toyota,tacoma,sr5,6,gasoline,101633,,,36750,7,,False
2015,Toyota,tacoma,no mentioned,6,gasoline,164027,,,23000,11,,False
2013,Toyota,tacoma,no mentioned,6,gasoline,322466,,,8200,13,,False
2021,Toyota,tacoma,no mentioned,6,gasoline,65230,,,34500,5,,False
2017,Toyota,tacoma,sr5,6,gasoline,162029,,,24800,9,,False
2023,Toyota,tacoma,no mentioned,6,gasoline,26230,,,48000,3,,False
2015,Toyota,tacoma,no mentioned,6,gasoline,145023,,,18000,11,,False
2023,Toyota,tacoma,no mentioned,6,gasoline,35224,,,46500,3,,False
2015,Toyota,tacoma,no mentioned,6,gasoline,124078,,,21800,11,,False
2013,Toyota,tacoma,no mentioned,6,gasoline,283757,,,11200,13,,False
2021,Toyota,tacoma,no mentioned,6,gasoline,60782,,,41200,5,,False
2017,Toyota,tacoma,sr5,6,gasoline,90095,,,30200,9,,False
2020,Toyota,tacoma,no mentioned,6,gasoline,76257,,,39400,6,,False
2015,Toyota,tacoma,no mentioned,6,gasoline,166064,,,17900,11,,False
2021,Toyota,tacoma,no mentioned,6,gasoline,117710,,,33000,5,,False
2019,Toyota,tacoma,sr5,6,gasoline,168988,,,26000,7,,False
2018,Toyota,tacoma,sr5,6,gasoline,156863,,,25300,8,,False
2023,Toyota,tacoma,no mentioned,6,gasoline,44077,,,51500,3,,False
2022,Toyota,tacoma,no mentioned,6,gasoline,16334,,,43000,4,,False
2021,Toyota,tacoma,no mentioned,6,gasoline,24297,,,38400,5,,False
2021,Toyota,tacoma,trd,6,gasoline,64658,,,45500,5,,False
2019,Toyota,tacoma,sr5,6,gasoline,266232,,,15500,7,,False
2020,Toyota,tacoma,no mentioned,6,gasoline,44028,,,40500,6,,False
2020,Toyota,tacoma,no mentioned,6,gasoline,107825,,,38100,6,,False
2014,Toyota,tacoma,no mentioned,6,gasoline,217318,,,13000,12,,False
2023,Toyota,tacoma,no mentioned,6,gasoline,27761,,,51300,3,,False
2022,Toyota,tacoma,no mentioned,6,gasoline,51258,,,48000,4,,False
2022,Toyota,tacoma,no mentioned,6,gasoline,46700,,,47000,4,,False
2022,Toyota,tacoma,no mentioned,6,gasoline,80080,,,39800,4,,False
2022,Toyota,tacoma,no mentioned,6,gasoline,101712,,,38000,4,,False
2017,Toyota,tacoma,trd,6,gasoline,94770,,,34000,9,,False
2019,Toyota,tacoma,sr5,6,gasoline,98346,,,33250,7,,False
2019,Toyota,tacoma,trd,6,gasoline,82215,,,36750,7,,False
2015,Toyota,tacoma,no mentioned,6,gasoline,121893,,,20750,11,,False
2020,Toyota,tacoma,trd,6,gasoline,42095,,,42000,6,,False
2013,Toyota,tacoma,no mentioned,6,gasoline,322068,,,7000,13,,False
2023,Toyota,tacoma,no mentioned,6,gasoline,74235,,,41200,3,,False
2010,Toyota,tacoma,no mentioned,6,gasoline,232072,,,8000,16,,False
2023,Toyota,tacoma,no mentioned,6,gasoline,46575,,,51250,3,,False
2022,Toyota,tacoma,no mentioned,6,gasoline,88075,,,40800,4,,False
2017,Toyota,tacoma,trd,6,gasoline,56036,,,36800,9,,False
2021,Toyota,tacoma,no mentioned,6,gasoline,52354,,,42400,5,,False
2018,Toyota,tacoma,sr5,6,gasoline,138378,,,27250,8,,False
2018,Toyota,tacoma,sr5,6,gasoline,253747,,,14400,8,,False
2020,Toyota,tacoma,no mentioned,6,gasoline,92902,,,40300,6,,False
2023,Toyota,tacoma,no mentioned,6,gasoline,80878,,,50000,3,,False
2015,Toyota,tacoma,no mentioned,6,gasoline,247121,,,11500,11,,False
2019,Toyota,tacoma,sr5,6,gasoline,106604,,,33700,7,,False
2016,Toyota,tacoma,sr5,6,gasoline,231518,,,18900,10,,False
2016,Toyota,tacoma,sr5,6,gasoline,152746,,,27200,10,,False
2024,Toyota,tacoma,no mentioned,4,gasoline,24900,,,51000,2,,False
2022,Toyota,tacoma,trd,6,gasoline,85413,,,39200,4,,False
2021,Toyota,tacoma,no mentioned,6,gasoline,100404,,,36600,5,,False
2016,Toyota,tacoma,sr5,6,gasoline,129821,,,24000,10,,False
2017,Toyota,tacoma,sr5,6,gasoline,57271,,,33700,9,,False
2019,Toyota,tacoma,sr5,6,gasoline,149168,,,32000,7,,False
2017,Toyota,tacoma,no mentioned,6,gasoline,144700,,,28600,9,,False
2018,Toyota,tacoma,sr5,6,gasoline,214110,,,22000,8,,False
2024,Toyota,tacoma,no mentioned,4,gasoline,10304,,,55900,2,,False
2023,Toyota,tacoma,no mentioned,6,gasoline,28909,,,47500,3,,False
2023,Toyota,tacoma,no mentioned,6,gasoline,37011,,,43000,3,,False
2019,Toyota,tacoma,sr5,6,gasoline,277298,,,11400,7,,False
2019,Toyota,tacoma,trd,6,gasoline,120772,,,28700,7,,False
2014,Toyota,tacoma,no mentioned,4,gasoline,131290,,,17000,12,,False
2020,Toyota,tacoma,no mentioned,6,gasoline,145129,,,35100,6,,False
2014,Toyota,tacoma,no mentioned,6,gasoline,212891,,,14500,12,,False
2023,Toyota,tacoma,no mentioned,6,gasoline,40861,,,57300,3,,False
2023,Toyota,tacoma,no mentioned,6,gasoline,43352,,,48500,3,,False
2022,Toyota,tacoma,no mentioned,6,gasoline,42103,,,43000,4,,False
2022,Toyota,tacoma,no mentioned,6,gasoline,162828,,,22000,4,,False
2022,Toyota,tacoma,no mentioned,6,gasoline,101709,,,36500,4,,False
2023,Toyota,tacoma,trd,6,gasoline,44217,,,47500,3,,False
2023,Toyota,tacoma,no mentioned,6,gasoline,25834,,,48500,3,,False
2018,Toyota,tacoma,trd,6,gasoline,114520,,,34100,8,,False
2020,Toyota,tacoma,no mentioned,6,gasoline,148825,,,35700,6,,False
2017,Toyota,tacoma,sr5,6,gasoline,124385,,,30250,9,,False
2021,Toyota,tacoma,trd,6,gasoline,99437,,,38500,5,,False
2015,Toyota,tacoma,no mentioned,6,gasoline,159704,,,22800,11,,False
2021,Toyota,tacoma,no mentioned,6,gasoline,62888,,,45200,5,,False
2013,Toyota,tacoma,no mentioned,6,gasoline,281980,,,8200,13,,False
2023,Toyota,tacoma,no mentioned,6,gasoline,39016,,,48200,3,,False
2019,Toyota,tacoma,trd,6,gasoline,110013,,,32800,7,,False
2017,Toyota,tacoma,trd,6,gasoline,171589,,,27750,9,,False
2017,Toyota,tacoma,no mentioned,6,gasoline,140636,,,25100,9,,False
2021,Toyota,tacoma,no mentioned,6,gasoline,87950,,,36600,5,,False
2021,Toyota,tacoma,no mentioned,6,gasoline,49608,,,38900,5,,False
2017,Toyota,tacoma,trd,6,gasoline,180145,,,26300,9,,False
2018,Toyota,tacoma,sr5,6,gasoline,268243,,,19100,8,,False
2012,Toyota,tacoma,no mentioned,6,gasoline,253939,,,12500,14,,False
2023,Toyota,tacoma,no mentioned,6,gasoline,101931,,,47300,3,,False
2023,Toyota,tacoma,no mentioned,6,gasoline,51210,,,45000,3,,False
2024,Toyota,tacoma,no mentioned,4,hybrid,41868,,,65000,2,,False
2013,Toyota,tacoma,no mentioned,6,gasoline,170888,,,20000,13,,False
2023,Toyota,tacoma,no mentioned,6,gasoline,26046,,,56500,3,,False
2023,Toyota,tacoma,no mentioned,6,gasoline,55707,,,38750,3,,False
2023,Toyota,tacoma,no mentioned,6,gasoline,19272,,,57600,3,,False
2023,Toyota,tacoma,no mentioned,6,gasoline,25544,,,47600,3,,False
2023,Toyota,tacoma,no mentioned,6,gasoline,38398,,,45400,3,,False
2022,Toyota,tacoma,no mentioned,6,gasoline,123789,,,30800,4,,False
2020,Toyota,tacoma,no mentioned,6,gasoline,112633,,,39250,6,,False
2015,Toyota,tacoma,no mentioned,4,gasoline,170252,,,8100,11,,False
2015,Toyota,tacoma,no mentioned,6,gasoline,246838,,,10300,11,,False
2019,Toyota,tacoma,trd,6,gasoline,142351,,,26000,7,,False
2017,Toyota,tacoma,no mentioned,6,gasoline,103541,,,37600,9,,False
2019,Toyota,tacoma,trd,6,gasoline,80198,,,46500,7,,False
2016,Toyota,tacoma,sr5,6,gasoline,202432,,,23200,10,,False
2022,Toyota,tacoma,no mentioned,6,gasoline,89006,,,41800,4,,False
2023,Toyota,tacoma,no mentioned,6,gasoline,66521,,,41400,3,,False
2024,Toyota,tacoma,no mentioned,4,gasoline,64938,,,50000,2,,False
2021,Toyota,tacoma,sr,6,gasoline,18198,,,38000,5,,False
2020,Toyota,tacoma,trd,6,gasoline,77491,,,47500,6,,False
2013,Toyota,tacoma,no mentioned,6,gasoline,170619,,,14750,13,,False
2020,Toyota,tacoma,trd,6,gasoline,32795,,,39750,6,,False
2020,Toyota,tacoma,no mentioned,6,gasoline,36773,,,44000,6,,False
2020,Toyota,tacoma,no mentioned,6,gasoline,257526,,,22300,6,,False
2022,Toyota,tacoma,no mentioned,6,gasoline,82069,,,37000,4,,False
2021,Toyota,tacoma,no mentioned,6,gasoline,84117,,,41100,5,,False
2019,Toyota,tacoma,sr5,6,gasoline,123480,,,35400,7,,False
2022,Toyota,tacoma,sr5,6,gasoline,36609,,,44600,4,,False
2018,Toyota,tacoma,sr5,6,gasoline,167149,,,27200,8,,False
2017,Toyota,tacoma,trd,6,gasoline,364297,,,15800,9,,False
2021,Toyota,tacoma,trd,6,gasoline,99274,,,34900,5,,False
2019,Toyota,tacoma,sr5,6,gasoline,150716,,,33500,7,,False
2015,Toyota,tacoma,no mentioned,6,gasoline,182818,,,18500,11,,False
2023,Toyota,tacoma,no mentioned,6,gasoline,62264,,,56000,3,,False
2020,Toyota,tacoma,trd,6,gasoline,110416,,,37900,6,,False
2013,Toyota,tacoma,no mentioned,6,gasoline,138017,,,18500,13,,False
2016,Toyota,tacoma,sr5,6,gasoline,392826,,,12000,10,,False
2020,Toyota,tacoma,no mentioned,6,gasoline,211625,,,21500,6,,False
2024,Toyota,tacoma,no mentioned,4,gasoline,14040,,,56000,2,,False
2023,Toyota,tacoma,no mentioned,6,gasoline,67835,,,41400,3,,False
2023,Toyota,tacoma,no mentioned,6,gasoline,52316,,,43000,3,,False
2020,Toyota,tacoma,no mentioned,6,gasoline,53161,,,43250,6,,False
2021,Toyota,tacoma,no mentioned,6,gasoline,108081,,,40500,5,,False
2016,Toyota,tacoma,limited,6,gasoline,101792,,,33000,10,,False
2018,Toyota,tacoma,trd,6,gasoline,42400,,,43300,8,,False
2024,Toyota,tacoma,no mentioned,4,gasoline,20810,,,52500,2,,False
2022,Toyota,tacoma,no mentioned,6,gasoline,16947,,,51400,4,,False
2021,Toyota,tacoma,no mentioned,6,gasoline,192035,,,25500,5,,False
2013,Toyota,tacoma,no mentioned,6,gasoline,104941,,,20500,13,,False
2017,Toyota,tacoma,trd,6,gasoline,173437,,,30000,9,,False
2017,Toyota,tacoma,trd,6,gasoline,221355,,,20300,9,,False
2014,Toyota,tacoma,no mentioned,6,gasoline,115518,,,23400,12,,False
2019,Toyota,tacoma,trd,6,gasoline,141779,,,32100,7,,False
2022,Toyota,tacoma,no mentioned,6,gasoline,51193,,,47500,4,,False
2015,Toyota,tacoma,no mentioned,6,gasoline,138476,,,22500,11,,False
2022,Toyota,tacoma,no mentioned,6,gasoline,43829,,,45500,4,,False
2013,Toyota,tacoma,no mentioned,6,gasoline,113319,,,19300,13,,False
2020,Toyota,tacoma,no mentioned,6,gasoline,74245,,,39200,6,,False
2013,Toyota,tacoma,no mentioned,6,gasoline,325352,,,8600,13,,False
2020,Toyota,tacoma,no mentioned,6,gasoline,106108,,,36200,6,,False
2012,Toyota,tacoma,no mentioned,4,gasoline,206487,,,6700,14,,False
2022,Toyota,tacoma,no mentioned,6,gasoline,85977,,,41900,4,,False
2012,Toyota,tacoma,no mentioned,6,gasoline,129849,,,18600,14,,False
2022,Toyota,tacoma,no mentioned,6,gasoline,97836,,,40300,4,,False
2024,Toyota,tacoma,no mentioned,4,gasoline,29859,,,57000,2,,False
2023,Toyota,tacoma,no mentioned,6,gasoline,41523,,,43700,3,,False
2019,Toyota,tacoma,sr5,6,gasoline,47610,,,40000,7,,False
2021,Toyota,tacoma,no mentioned,6,gasoline,131444,,,36000,5,,False
2019,Toyota,tacoma,sr5,6,gasoline,138988,,,31250,7,,False
2019,Toyota,tacoma,trd,6,gasoline,66183,,,43500,7,,False
2016,Toyota,tacoma,limited,6,gasoline,18109,,,41000,10,,False
2014,Toyota,tacoma,no mentioned,6,gasoline,197884,,,20500,12,,False
2018,Toyota,tacoma,sr5,6,gasoline,43211,,,36000,8,,False
2015,Toyota,tacoma,no mentioned,4,gasoline,315006,,,8100,11,,False
2024,Toyota,tacoma,no mentioned,4,gasoline,59616,,,47500,2,,False
2021,Toyota,tacoma,no mentioned,6,gasoline,144089,,,34300,5,,False
2017,Toyota,tacoma,no mentioned,6,gasoline,148517,,,27700,9,,False
2023,Toyota,tacoma,no mentioned,6,gasoline,57723,,,40600,3,,False
2023,Toyota,tacoma,no mentioned,6,gasoline,74659,,,37750,3,,False
2023,Toyota,tacoma,no mentioned,6,gasoline,71626,,,43000,3,,False
2022,Toyota,tacoma,trd,6,gasoline,48404,,,42500,4,,False
2022,Toyota,tacoma,sr5,6,gasoline,167106,,,28200,4,,False
2024,Toyota,tacoma,no mentioned,4,gasoline,21102,,,52250,2,,False
2024,Toyota,tacoma,no mentioned,4,gasoline,16236,,,47000,2,,False
2025,Toyota,tacoma,no mentioned,4,hybrid,21462,,,62000,1,,False
2018,Toyota,tacoma,sr5,6,gasoline,214168,,,23250,8,,False
2021,Toyota,tacoma,no mentioned,6,gasoline,110621,,,37100,5,,False
2015,Toyota,tacoma,no mentioned,6,gasoline,197810,,,16000,11,,False
2024,Toyota,tacoma,no mentioned,4,gasoline,17500,,,49300,2,,False
2017,Toyota,tacoma,no mentioned,6,gasoline,208824,,,22600,9,,False
2016,Toyota,tacoma,sr5,6,gasoline,156848,,,25900,10,,False
2023,Toyota,tacoma,no mentioned,6,gasoline,17829,,,53250,3,,False
2017,Toyota,tacoma,trd,6,gasoline,171339,,,28700,9,,False
2021,Toyota,tacoma,nightshade,6,gasoline,85500,,,39100,5,,False
2018,Toyota,tacoma,sr5,6,gasoline,70917,,,29000,8,,False
2022,Toyota,tacoma,no mentioned,6,gasoline,63568,,,34000,4,,False
2019,Toyota,tacoma,sr5,6,gasoline,80003,,,37600,7,,False
2017,Toyota,tacoma,no mentioned,6,gasoline,126701,,,33000,9,,False
2019,Toyota,tacoma,sr5,6,gasoline,209986,,,26000,7,,False
2018,Toyota,tacoma,trd,6,gasoline,137066,,,35700,8,,False
2019,Toyota,tacoma,sr5,6,gasoline,172260,,,31970,7,,False
2020,Toyota,tacoma,no mentioned,6,gasoline,100218,,,38700,6,,False
2020,Toyota,tacoma,no mentioned,6,gasoline,203957,,,27100,6,,False
2023,Toyota,tacoma,no mentioned,6,gasoline,45980,,,44500,3,,False
2018,Toyota,tacoma,sr5,6,gasoline,150772,,,28900,8,,False
2017,Toyota,tacoma,sr5,6,gasoline,238587,,,17000,9,,False
2020,Toyota,tacoma,sr5,6,gasoline,71405,,,33200,6,,False
2011,Toyota,tacoma,no mentioned,6,gasoline,192126,,,6100,15,,False
2019,Toyota,tacoma,sr,6,gasoline,197344,,,26400,7,,False
2016,Toyota,tacoma,sr5,6,gasoline,205345,,,23000,10,,False
2023,Toyota,tacoma,no mentioned,6,gasoline,101921,,,46000,3,,False
2023,Toyota,tacoma,no mentioned,6,gasoline,36299,,,48500,3,,False
2022,Toyota,tacoma,no mentioned,6,gasoline,56908,,,43500,4,,False
2023,Toyota,tacoma,sr5,6,gasoline,48759,,,44500,3,,False
2024,Toyota,tacoma,trd,4,gasoline,17236,,,51700,2,,False
2020,Toyota,tacoma,no mentioned,6,gasoline,75341,,,38200,6,,False
2021,Toyota,tacoma,sr5,6,gasoline,139039,,,33700,5,,False
2015,Toyota,tacoma,trd,6,gasoline,207054,,,18000,11,,False
2022,Toyota,tacoma,no mentioned,6,gasoline,104154,,,39500,4,,False
2020,Toyota,tacoma,no mentioned,6,gasoline,53156,,,41750,6,,False
2017,Toyota,tacoma,trd,6,gasoline,102527,,,33000,9,,False
2021,Toyota,tacoma,no mentioned,6,gasoline,59545,,,46100,5,,False
2019,Toyota,tacoma,sr5,6,gasoline,98670,,,35750,7,,False
2021,Toyota,tacoma,no mentioned,6,gasoline,151219,,,37200,5,,False
2013,Toyota,tacoma,no mentioned,6,gasoline,105471,,,11400,13,,False
2023,Toyota,tacoma,no mentioned,6,gasoline,14745,,,48200,3,,False
2016,Toyota,tacoma,limited,6,gasoline,202607,,,23500,10,,False
2022,Toyota,tacoma,no mentioned,6,gasoline,55004,,,47500,4,,False
2017,Toyota,tacoma,sr5,6,gasoline,171600,,,19000,9,,False
2019,Toyota,tacoma,trd,6,gasoline,181354,,,25200,7,,False
2024,Toyota,tacoma,no mentioned,4,gasoline,14000,,,49000,2,,False
2016,Toyota,tacoma,limited,6,gasoline,255930,,,17500,10,,False
2016,Toyota,tacoma,sr5,6,gasoline,155048,,,24800,10,,False
2011,Toyota,tacoma,no mentioned,4,gasoline,153039,,,7000,15,,False
2023,Toyota,tacoma,no mentioned,6,gasoline,33737,,,46000,3,,False
2023,Toyota,tacoma,no mentioned,6,gasoline,50700,,,60000,3,,False
2023,Toyota,tacoma,no mentioned,6,gasoline,43564,,,41000,3,,False
2010,Toyota,tacoma,no mentioned,6,gasoline,281091,,,7600,16,,False
2017,Toyota,tacoma,sr5,6,gasoline,161481,,,24500,9,,False
2018,Toyota,tacoma,sr5,6,gasoline,194292,,,26900,8,,False
2022,Toyota,tacoma,trd,6,gasoline,28794,,,48750,4,,False
2023,Toyota,tacoma,no mentioned,6,gasoline,44642,,,44500,3,,False
2023,Toyota,tacoma,no mentioned,6,gasoline,35840,,,43500,3,,False
2021,Toyota,tacoma,trd,6,gasoline,71834,,,50750,5,,False
2021,Toyota,tacoma,sr5,6,gasoline,99503,,,38300,5,,False
2019,Toyota,tacoma,sr5,6,gasoline,92442,,,36750,7,,False
2018,Toyota,tacoma,sr5,6,gasoline,87328,,,34500,8,,False
2024,Toyota,tacoma,no mentioned,4,gasoline,26500,,,48000,2,,False
2016,Toyota,tacoma,sr5,6,gasoline,110020,,,30800,10,,False
2022,Toyota,tacoma,no mentioned,6,gasoline,120000,,,44000,4,,False
2019,Toyota,tacoma,no mentioned,6,gasoline,207355,,,26200,7,,False
2018,Toyota,tacoma,sr5,6,gasoline,68904,,,38200,8,,False
2021,Toyota,tacoma,no mentioned,6,gasoline,31390,,,42800,5,,False
2019,Toyota,tacoma,sr5,6,gasoline,172258,,,28300,7,,False
2024,Toyota,tacoma,no mentioned,4,gasoline,21518,,,51800,2,,False
2023,Toyota,tacoma,no mentioned,6,gasoline,62300,,,34500,3,,False
2022,Toyota,tacoma,no mentioned,6,gasoline,38548,,,46000,4,,False
2012,Toyota,tacoma,no mentioned,6,gasoline,322304,,,10000,14,,False
2011,Toyota,tacoma,no mentioned,6,gasoline,131438,,,15100,15,,False
2018,Toyota,tacoma,sr+,4,gasoline,88919,,,27300,8,,False
2021,Toyota,tacoma,no mentioned,6,gasoline,88493,,,38500,5,,False
2011,Toyota,tacoma,no mentioned,6,gasoline,270555,,,13600,15,,False
2023,Toyota,tacoma,no mentioned,6,gasoline,44640,,,44900,3,,False
2022,Toyota,tacoma,no mentioned,6,gasoline,24475,,,49700,4,,False
2024,Toyota,tacoma,no mentioned,4,gasoline,36330,,,54000,2,,False
2017,Toyota,tacoma,sr5,6,gasoline,229208,,,27000,9,,False
2021,Toyota,tacoma,no mentioned,6,gasoline,22501,,,45800,5,,False
2020,Toyota,tacoma,trd,6,gasoline,93487,,,42500,6,,False
2015,Toyota,tacoma,no mentioned,6,gasoline,168071,,,21900,11,,False
2021,Toyota,tacoma,no mentioned,6,gasoline,55675,,,46200,5,,False
2023,Toyota,tacoma,no mentioned,6,gasoline,17898,,,49600,3,,False
2024,Toyota,tacoma,no mentioned,4,hybrid,11065,,,80600,2,,False
2022,Toyota,tacoma,trd,6,gasoline,88583,,,39600,4,,False
2024,Toyota,tacoma,no mentioned,4,gasoline,14146,,,53000,2,,False
2019,Toyota,tacoma,sr5,6,gasoline,91381,,,31000,7,,False
2024,Toyota,tacoma,no mentioned,4,gasoline,13031,,,56000,2,,False
2020,Toyota,tacoma,no mentioned,6,gasoline,69225,,,42900,6,,False
2019,Toyota,tacoma,sr5,6,gasoline,141749,,,37530,7,,False
2014,Toyota,tacoma,no mentioned,6,gasoline,114894,,,17000,12,,False
2024,Toyota,tacoma,no mentioned,4,gasoline,15000,,,53500,2,,False
2024,Toyota,tacoma,no mentioned,4,gasoline,14713,,,49000,2,,False
2023,Toyota,tacoma,trd,6,gasoline,53206,,,41400,3,,False
2017,Toyota,tacoma,no mentioned,6,gasoline,209940,,,25600,9,,False
2022,Toyota,tacoma,no mentioned,6,gasoline,56215,,,44500,4,,False
2013,Toyota,tacoma,no mentioned,6,gasoline,217781,,,16900,13,,False
2023,Toyota,tacoma,no mentioned,6,gasoline,46748,,,55200,3,,False
2024,Toyota,tacoma,no mentioned,4,gasoline,27500,,,52400,2,,False
2022,Toyota,tacoma,no mentioned,6,gasoline,76458,,,40500,4,,False
2022,Toyota,tacoma,no mentioned,6,gasoline,65669,,,44500,4,,False
2022,Toyota,tacoma,no mentioned,6,gasoline,62170,,,46500,4,,False
2022,Toyota,tacoma,no mentioned,6,gasoline,76484,,,41000,4,,False
2018,Toyota,tacoma,sr5,6,gasoline,157807,,,25600,8,,False
2022,Toyota,tacoma,no mentioned,6,gasoline,31012,,,48300,4,,False
2023,Toyota,tacoma,trd,6,gasoline,38049,,,51600,3,,False
2023,Toyota,tacoma,no mentioned,6,gasoline,15036,,,53750,3,,False
2023,Toyota,tacoma,no mentioned,6,gasoline,64224,,,41400,3,,False
2024,Toyota,tacoma,no mentioned,4,gasoline,23937,,,53750,2,,False
2018,Toyota,tacoma,trd,6,gasoline,65487,,,41750,8,,False
2021,Toyota,tacoma,trd,6,gasoline,78689,,,46500,5,,False
2019,Toyota,tacoma,sr5,6,gasoline,35917,,,44000,7,,False
2016,Toyota,tacoma,sr5,6,gasoline,151195,,,26000,10,,False
2020,Toyota,tacoma,trd,6,gasoline,121030,,,39200,6,,False
2017,Toyota,tacoma,sr5,6,gasoline,160465,,,28600,9,,False
2020,Toyota,tacoma,no mentioned,6,gasoline,74800,,,43000,6,,False
2024,Toyota,tacoma,no mentioned,4,gasoline,15105,,,53200,2,,False
2023,Toyota,tacoma,no mentioned,6,gasoline,63595,,,40500,3,,False
2023,Toyota,tacoma,no mentioned,6,gasoline,66638,,,37500,3,,False
2023,Toyota,tacoma,no mentioned,6,gasoline,19267,,,48500,3,,False
2021,Toyota,tacoma,no mentioned,6,gasoline,59325,,,44250,5,,False
2021,Toyota,tacoma,no mentioned,6,gasoline,43202,,,46500,5,,False
2018,Toyota,tacoma,sr5,6,gasoline,268063,,,15250,8,,False
2019,Toyota,tacoma,sr,6,gasoline,197344,,,28500,7,,False
2019,Toyota,tacoma,trd,6,gasoline,82005,,,37900,7,,False
2023,Toyota,tacoma,no mentioned,6,gasoline,18728,,,52000,3,,False
2021,Toyota,tacoma,no mentioned,6,gasoline,81685,,,42600,5,,False
2018,Toyota,tacoma,sr5,6,gasoline,171018,,,28400,8,,False
2014,Toyota,tacoma,no mentioned,4,gasoline,85861,,,13100,12,,False
2020,Toyota,tacoma,no mentioned,6,gasoline,167114,,,31000,6,,False
2023,Toyota,tacoma,no mentioned,6,gasoline,17520,,,48000,3,,False
2015,Toyota,tacoma,no mentioned,6,gasoline,109266,,,25900,11,,False
2021,Toyota,tacoma,no mentioned,6,gasoline,60971,,,38000,5,,False
2023,Toyota,tacoma,no mentioned,6,gasoline,41600,,,46000,3,,False
2018,Toyota,tacoma,sr5,6,gasoline,197605,,,24200,8,,False
2020,Toyota,tacoma,no mentioned,6,gasoline,107947,,,36800,6,,False
2019,Toyota,tacoma,sr5,6,gasoline,203452,,,29000,7,,False
2021,Toyota,tacoma,no mentioned,6,gasoline,87221,,,40800,5,,False
2015,Toyota,tacoma,no mentioned,6,gasoline,128433,,,23500,11,,False
2012,Toyota,tacoma,no mentioned,6,gasoline,226954,,,7700,14,,False
2023,Toyota,tacoma,sr5,6,gasoline,73653,,,38600,3,,False
2017,Toyota,tacoma,limited,6,gasoline,137813,,,32100,9,,False
2016,Toyota,tacoma,sr5,6,gasoline,213480,,,17500,10,,False
2018,Toyota,tacoma,no mentioned,6,gasoline,98630,,,37500,8,,False
2023,Toyota,tacoma,sr5,6,gasoline,54302,,,43750,3,,False
2020,Toyota,tacoma,trd,6,gasoline,70828,,,44600,6,,False
2019,Toyota,tacoma,sr5,6,gasoline,182711,,,34300,7,,False
2021,Toyota,tacoma,no mentioned,6,gasoline,140113,,,36000,5,,False
2014,Toyota,tacoma,no mentioned,4,gasoline,162938,,,11000,12,,False
2019,Toyota,tacoma,sr5,6,gasoline,141765,,,32500,7,,False
2023,Toyota,tacoma,no mentioned,6,gasoline,14172,,,50000,3,,False
2022,Toyota,tacoma,no mentioned,6,gasoline,58566,,,39900,4,,False
2021,Toyota,tacoma,no mentioned,6,gasoline,70344,,,43500,5,,False
2020,Toyota,tacoma,no mentioned,6,gasoline,47672,,,45250,6,,False
2017,Toyota,tacoma,sr5,6,gasoline,105343,,,32800,9,,False
2019,Toyota,tacoma,sr5,6,gasoline,138803,,,31800,7,,False
2018,Toyota,tacoma,sr5,6,gasoline,72553,,,37500,8,,False
2015,Toyota,tacoma,no mentioned,6,gasoline,114750,,,26500,11,,False
2015,Toyota,tacoma,no mentioned,6,gasoline,220796,,,18500,11,,False
2022,Toyota,tacoma,no mentioned,6,gasoline,53801,,,49000,4,,False
2021,Toyota,tacoma,no mentioned,6,gasoline,96023,,,42500,5,,False
2010,Toyota,tacoma,no mentioned,4,gasoline,288365,,,10000,16,,False
2022,Toyota,tacoma,no mentioned,6,gasoline,36891,,,45100,4,,False
2017,Toyota,tacoma,sr5,6,gasoline,263281,,,16700,9,,False
2016,Toyota,tacoma,sr5,6,gasoline,210156,,,16100,10,,False
2023,Toyota,tacoma,no mentioned,6,gasoline,31007,,,48100,3,,False
2021,Toyota,tacoma,no mentioned,6,gasoline,49575,,,42800,5,,False
2023,Toyota,tacoma,no mentioned,6,gasoline,63450,,,42500,3,,False
2019,Toyota,tacoma,trd,6,gasoline,142333,,,27500,7,,False
2021,Toyota,tacoma,no mentioned,6,gasoline,68900,,,43900,5,,False
2017,Toyota,tacoma,no mentioned,6,gasoline,145748,,,37000,9,,False
2012,Toyota,tacoma,no mentioned,6,gasoline,212061,,,10100,14,,False
2020,Toyota,tacoma,no mentioned,6,gasoline,100033,,,37300,6,,False
2019,Toyota,tacoma,sr5,6,gasoline,176547,,,27000,7,,False
2011,Toyota,tacoma,no mentioned,6,gasoline,292994,,,7700,15,,False
2021,Toyota,tacoma,no mentioned,6,gasoline,40731,,,43300,5,,False
2017,Toyota,tacoma,trd,6,gasoline,163227,,,30300,9,,False
2021,Toyota,tacoma,no mentioned,6,gasoline,60687,,,43100,5,,False
2023,Toyota,tacoma,no mentioned,6,gasoline,65420,,,45100,3,,False
2023,Toyota,tacoma,no mentioned,6,gasoline,33728,,,47750,3,,False
2021,Toyota,tacoma,nightshade,6,gasoline,128748,,,41000,5,,False
2020,Toyota,tacoma,no mentioned,6,gasoline,106355,,,36400,6,,False
2021,Toyota,tacoma,trd,6,gasoline,98305,,,44250,5,,False
2021,Toyota,tacoma,trd,6,gasoline,123903,,,40800,5,,False
2016,Toyota,tacoma,sr5,6,gasoline,253259,,,16000,10,,False
2019,Toyota,tacoma,sr5,6,gasoline,143370,,,29500,7,,False
2010,Toyota,tacoma,no mentioned,6,gasoline,241000,,,4600,16,,False
2023,Toyota,tacoma,no mentioned,6,gasoline,82700,,,44500,3,,False
2011,Toyota,tacoma,no mentioned,6,gasoline,178136,,,9900,15,,False
2023,Toyota,tacoma,no mentioned,6,gasoline,70607,,,40250,3,,False
2023,Toyota,tacoma,no mentioned,6,gasoline,55918,,,43500,3,,False
2023,Toyota,tacoma,no mentioned,6,gasoline,75879,,,38200,3,,False
2022,Toyota,tacoma,trd,6,gasoline,42385,,,47700,4,,False
2023,Toyota,tacoma,nightshade,6,gasoline,19936,,,53600,3,,False
2018,Toyota,tacoma,sr5,6,gasoline,121572,,,31900,8,,False
2021,Toyota,tacoma,no mentioned,6,gasoline,166504,,,25800,5,,False
2018,Toyota,tacoma,sr5,6,gasoline,224156,,,23250,8,,False
2020,Toyota,tacoma,no mentioned,6,gasoline,87778,,,33100,6,,False
2013,Toyota,tacoma,no mentioned,4,gasoline,168219,,,7200,13,,False
2024,Toyota,tacoma,no mentioned,4,gasoline,14776,,,53900,2,,False
2022,Toyota,tacoma,no mentioned,6,gasoline,38543,,,44200,4,,False
2023,Toyota,tacoma,nightshade,6,gasoline,18408,,,51000,3,,False
2019,Toyota,tacoma,sr5,6,gasoline,112467,,,33500,7,,False
2017,Toyota,tacoma,no mentioned,6,gasoline,185449,,,13500,9,,False
2020,Toyota,tacoma,no mentioned,6,gasoline,89965,,,32200,6,,False
2019,Toyota,tacoma,trd,6,gasoline,149233,,,32500,7,,False
2023,Toyota,tacoma,no mentioned,6,gasoline,68128,,,41200,3,,False
2012,Toyota,tacoma,no mentioned,6,gasoline,253701,,,4400,14,,False
2013,Toyota,tacoma,no mentioned,6,gasoline,162418,,,13700,13,,False
2017,Toyota,tacoma,trd,6,gasoline,172488,,,28000,9,,False
2016,Toyota,tacoma,sr5,6,gasoline,307995,,,16200,10,,False
2019,Toyota,tacoma,trd,6,gasoline,142333,,,29800,7,,False
2019,Toyota,tacoma,sr5,6,gasoline,178494,,,25000,7,,False
2019,Toyota,tacoma,sr5,6,gasoline,138937,,,32400,7,,False
2017,Toyota,tacoma,no mentioned,6,gasoline,116806,,,32300,9,,False
2017,Toyota,tacoma,trd,6,gasoline,142181,,,34600,9,,False
2022,Toyota,tacoma,no mentioned,6,gasoline,103920,,,33600,4,,False
2023,Toyota,tacoma,sr5,6,gasoline,73758,,,41500,3,,False
2022,Toyota,tacoma,no mentioned,6,gasoline,72188,,,36000,4,,False
2023,Toyota,tacoma,no mentioned,6,gasoline,68389,,,42500,3,,False
2017,Toyota,tacoma,trd,6,gasoline,117785,,,30400,9,,False
2016,Toyota,tacoma,sr5,6,gasoline,218136,,,19000,10,,False
2019,Toyota,tacoma,sr5,6,gasoline,174683,,,29500,7,,False
2017,Toyota,tacoma,trd,6,gasoline,140748,,,34200,9,,False
2022,Toyota,tacoma,no mentioned,6,gasoline,97383,,,38600,4,,False
2021,Toyota,tacoma,no mentioned,6,gasoline,136396,,,40000,5,,False
2019,Toyota,tacoma,sr5,6,gasoline,203379,,,26600,7,,False
2016,Toyota,tacoma,limited,6,gasoline,265270,,,21600,10,,False
2019,Toyota,tacoma,sr5,6,gasoline,96513,,,35900,7,,False
2017,Toyota,tacoma,trd,6,gasoline,100560,,,31600,9,,False
2021,Toyota,tacoma,no mentioned,6,gasoline,128133,,,33000,5,,False
2016,Toyota,tacoma,sr+,4,gasoline,314048,,,8000,10,,False
2018,Toyota,tacoma,limited,6,gasoline,61568,,,37100,8,,False
2022,Toyota,tacoma,trd,6,gasoline,41569,,,53500,4,,False
2022,Toyota,tacoma,no mentioned,6,gasoline,49749,,,41600,4,,False
2022,Toyota,tacoma,no mentioned,6,gasoline,76076,,,43200,4,,False
2022,Toyota,tacoma,no mentioned,6,gasoline,25695,,,47000,4,,False
2023,Toyota,tacoma,no mentioned,6,gasoline,52402,,,50300,3,,False
2017,Toyota,tacoma,sr5,6,gasoline,115678,,,34400,9,,False
2019,Toyota,tacoma,sr5,6,gasoline,105174,,,36000,7,,False
2020,Toyota,tacoma,no mentioned,6,gasoline,124787,,,41750,6,,False
2015,Toyota,tacoma,no mentioned,6,gasoline,171568,,,23750,11,,False
2022,Toyota,tacoma,no mentioned,6,gasoline,118542,,,39500,4,,False
2011,Toyota,tacoma,no mentioned,6,gasoline,185999,,,14700,15,,False
2020,Toyota,tacoma,no mentioned,6,gasoline,98236,,,39500,6,,False
2024,Toyota,tacoma,no mentioned,4,hybrid,12264,,,79300,2,,False
2024,Toyota,tacoma,no mentioned,4,gasoline,14760,,,52000,2,,False
2023,Toyota,tacoma,trd,6,gasoline,45082,,,39500,3,,False
2021,Toyota,tacoma,no mentioned,6,gasoline,114678,,,40500,5,,False
2021,Toyota,tacoma,no mentioned,6,gasoline,185038,,,28200,5,,False
2013,Toyota,tacoma,no mentioned,6,gasoline,168091,,,18250,13,,False
2010,Toyota,tacoma,no mentioned,6,gasoline,104421,,,17800,16,,False
2019,Toyota,tacoma,trd,6,gasoline,109947,,,33400,7,,False
2024,Toyota,tacoma,no mentioned,4,gasoline,24457,,,55300,2,,False
2024,Toyota,tacoma,no mentioned,4,gasoline,13707,,,53000,2,,False
2023,Toyota,tacoma,no mentioned,6,gasoline,49566,,,46100,3,,False
2012,Toyota,tacoma,no mentioned,6,gasoline,225992,,,13200,14,,False
2022,Toyota,tacoma,no mentioned,6,gasoline,100700,,,42500,4,,False
2022,Toyota,tacoma,trd,6,gasoline,38273,,,43500,4,,False
2021,Toyota,tacoma,trd,6,gasoline,66721,,,45300,5,,False
2020,Toyota,tacoma,sr5,6,gasoline,142190,,,32800,6,,False
2018,Toyota,tacoma,sr5,6,gasoline,141331,,,33258,8,,False
2021,Toyota,tacoma,no mentioned,6,gasoline,35901,,,39200,5,,False
2017,Toyota,tacoma,no mentioned,6,gasoline,116787,,,29000,9,,False
2023,Toyota,tacoma,no mentioned,6,gasoline,24084,,,55500,3,,False
2017,Toyota,tacoma,no mentioned,6,gasoline,202867,,,23200,9,,False
2016,Toyota,tacoma,trd,6,gasoline,199663,,,23600,10,,False
2010,Toyota,tacoma,no mentioned,6,gasoline,212894,,,11100,16,,False
2023,Toyota,tacoma,no mentioned,6,gasoline,29705,,,43800,3,,False
2022,Toyota,tacoma,no mentioned,6,gasoline,71052,,,48000,4,,False
2021,Toyota,tacoma,trd,6,gasoline,90488,,,47750,5,,False
2020,Toyota,tacoma,no mentioned,6,gasoline,103123,,,36100,6,,False
2016,Toyota,tacoma,limited,6,gasoline,116349,,,29000,10,,False
2016,Toyota,tacoma,sr+,4,gasoline,206475,,,6600,10,,False
2019,Toyota,tacoma,sr5,6,gasoline,112246,,,39000,7,,False
2020,Toyota,tacoma,no mentioned,6,gasoline,142074,,,31500,6,,False
2023,Toyota,tacoma,no mentioned,6,gasoline,37396,,,49800,3,,False
2020,Toyota,tacoma,no mentioned,6,gasoline,137544,,,34500,6,,False
2020,Toyota,tacoma,no mentioned,6,gasoline,81930,,,41000,6,,False
2019,Toyota,tacoma,sr5,6,gasoline,281516,,,15500,7,,False
2017,Toyota,tacoma,sr5,6,gasoline,195913,,,22000,9,,False
2023,Toyota,tacoma,no mentioned,6,gasoline,31179,,,46500,3,,False
2022,Toyota,tacoma,no mentioned,6,gasoline,24228,,,50600,4,,False
2022,Toyota,tacoma,no mentioned,6,gasoline,38879,,,45000,4,,False
2017,Toyota,tacoma,no mentioned,6,gasoline,117518,,,26500,9,,False
2022,Toyota,tacoma,no mentioned,6,gasoline,23931,,,48000,4,,False
2023,Toyota,tacoma,no mentioned,6,gasoline,15705,,,38500,3,,False
2021,Toyota,tacoma,trd,6,gasoline,120947,,,34200,5,,False
2017,Toyota,tacoma,trd,6,gasoline,131260,,,29000,9,,False
2020,Toyota,tacoma,no mentioned,6,gasoline,99638,,,35800,6,,False
2021,Toyota,tacoma,no mentioned,6,gasoline,43193,,,43200,5,,False
2020,Toyota,tacoma,no mentioned,6,gasoline,93426,,,38100,6,,False
2022,Toyota,tacoma,no mentioned,6,gasoline,44383,,,48800,4,,False
2010,Toyota,tacoma,no mentioned,6,gasoline,204154,,,9500,16,,False
2023,Toyota,tacoma,no mentioned,6,gasoline,33545,,,47400,3,,False
2024,Toyota,tacoma,no mentioned,4,gasoline,20868,,,51000,2,,False
2019,Toyota,tacoma,sr5,6,gasoline,69758,,,38800,7,,False
2021,Toyota,tacoma,no mentioned,6,gasoline,96331,,,39600,5,,False
2015,Toyota,tacoma,no mentioned,6,gasoline,351542,,,9250,11,,False
2015,Toyota,tacoma,no mentioned,4,gasoline,211331,,,15000,11,,False
2015,Toyota,tacoma,no mentioned,6,gasoline,65732,,,23200,11,,False
2023,Toyota,tacoma,no mentioned,6,gasoline,126957,,,37200,3,,False
2022,Toyota,tacoma,no mentioned,6,gasoline,104883,,,40250,4,,False
2022,Toyota,tacoma,no mentioned,6,gasoline,37157,,,51750,4,,False
2015,Toyota,tacoma,no mentioned,6,gasoline,135407,,,26500,11,,False
2018,Toyota,tacoma,sr+,4,gasoline,174616,,,17000,8,,False
2016,Toyota,tacoma,sr+,4,gasoline,114175,,,20700,10,,False
2023,Toyota,tacoma,no mentioned,6,gasoline,15568,,,50400,3,,False
2023,Toyota,tacoma,sr5,6,gasoline,38454,,,43600,3,,False
2022,Toyota,tacoma,no mentioned,6,gasoline,69293,,,45000,4,,False
2023,Toyota,tacoma,nightshade,6,gasoline,145065,,,36500,3,,False
2022,Toyota,tacoma,no mentioned,6,gasoline,50504,,,47200,4,,False
2021,Toyota,tacoma,no mentioned,6,gasoline,58959,,,48300,5,,False
2020,Toyota,tacoma,no mentioned,6,gasoline,35455,,,47500,6,,False
2022,Toyota,tacoma,no mentioned,6,gasoline,10467,,,51000,4,,False
2015,Toyota,tacoma,no mentioned,6,gasoline,189023,,,18800,11,,False
2017,Toyota,tacoma,no mentioned,6,gasoline,168400,,,31100,9,,False
2019,Toyota,tacoma,sr5,6,gasoline,148584,,,31900,7,,False
2023,Toyota,tacoma,no mentioned,6,gasoline,47350,,,45700,3,,False
2024,Toyota,tacoma,no mentioned,4,gasoline,28343,,,57700,2,,False
2019,Toyota,tacoma,sr5,6,gasoline,99469,,,37500,7,,False
2022,Toyota,tacoma,trd,6,gasoline,88357,,,42000,4,,False
2019,Toyota,tacoma,sr5,6,gasoline,111934,,,28500,7,,False
2021,Toyota,tacoma,no mentioned,6,gasoline,53485,,,52000,5,,False
2018,Toyota,tacoma,sr5,6,gasoline,167485,,,27100,8,,False
2013,Toyota,tacoma,no mentioned,6,gasoline,180710,,,25100,13,,False
2016,Toyota,tacoma,no mentioned,4,gasoline,126040,,,21000,10,,False
2023,Toyota,tacoma,no mentioned,6,gasoline,64000,,,44500,3,,False
2015,Toyota,tacoma,no mentioned,6,gasoline,293387,,,10700,11,,False
2020,Toyota,tacoma,no mentioned,6,gasoline,184448,,,28500,6,,False
2017,Toyota,tacoma,no mentioned,6,gasoline,104776,,,32500,9,,False
2023,Toyota,tacoma,no mentioned,6,gasoline,39866,,,45000,3,,False
2023,Toyota,tacoma,sr5,6,gasoline,31996,,,38250,3,,False
2022,Toyota,tacoma,no mentioned,6,gasoline,85252,,,35500,4,,False
2021,Toyota,tacoma,no mentioned,6,gasoline,80009,,,44500,5,,False
2014,Toyota,tacoma,no mentioned,6,gasoline,185499,,,17500,12,,False
2020,Toyota,tacoma,no mentioned,6,gasoline,128593,,,36000,6,,False
2014,Toyota,tacoma,no mentioned,4,gasoline,288195,,,11400,12,,False
2019,Toyota,tacoma,sr5,6,gasoline,149251,,,31900,7,,False
2012,Toyota,tacoma,no mentioned,6,gasoline,313962,,,11000,14,,False
2022,Toyota,tacoma,no mentioned,6,gasoline,30990,,,50250,4,,False
2023,Toyota,tacoma,no mentioned,6,gasoline,30861,,,43800,3,,False
2016,Toyota,tacoma,sr5,6,gasoline,89562,,,34600,10,,False
2022,Toyota,tacoma,no mentioned,6,gasoline,68296,,,40800,4,,False
2019,Toyota,tacoma,sr5,6,gasoline,120948,,,38000,7,,False
2017,Toyota,tacoma,limited,6,gasoline,241819,,,21400,9,,False
2010,Toyota,tacoma,no mentioned,6,gasoline,247579,,,5600,16,,False
2021,Toyota,tacoma,no mentioned,6,gasoline,81590,,,43200,5,,False
2020,Toyota,tacoma,no mentioned,6,gasoline,95703,,,27000,6,,False
2017,Toyota,tacoma,no mentioned,6,gasoline,159406,,,30000,9,,False
2021,Toyota,tacoma,no mentioned,6,gasoline,112001,,,37200,5,,False
2020,Toyota,tacoma,no mentioned,6,gasoline,104861,,,35200,6,,False
2020,Toyota,tacoma,no mentioned,6,gasoline,162990,,,30000,6,,False
2013,Toyota,tacoma,no mentioned,6,gasoline,182054,,,15400,13,,False
2023,Toyota,tacoma,no mentioned,6,gasoline,28585,,,47500,3,,False
2023,Toyota,tacoma,no mentioned,6,gasoline,69797,,,44900,3,,False
2023,Toyota,tacoma,no mentioned,6,gasoline,16827,,,55250,3,,False
2021,Toyota,tacoma,no mentioned,6,gasoline,56685,,,45000,5,,False
2019,Toyota,tacoma,trd,6,gasoline,143169,,,33000,7,,False
2017,Toyota,tacoma,sr5,6,gasoline,79148,,,35000,9,,False
2021,Toyota,tacoma,no mentioned,6,gasoline,169574,,,25500,5,,False
2012,Toyota,tacoma,no mentioned,6,gasoline,265155,,,9300,14,,False
2015,Toyota,tacoma,no mentioned,6,gasoline,124245,,,26400,11,,False
2014,Toyota,tacoma,no mentioned,6,gasoline,178119,,,21100,12,,False
2014,Toyota,tacoma,no mentioned,6,gasoline,215469,,,16000,12,,False
2013,Toyota,tacoma,no mentioned,6,gasoline,147283,,,22200,13,,False
2023,Toyota,tacoma,no mentioned,6,gasoline,91477,,,37300,3,,False
2023,Toyota,tacoma,nightshade,6,gasoline,88540,,,40000,3,,False
2023,Toyota,tacoma,no mentioned,6,gasoline,59330,,,44500,3,,False
2023,Toyota,tacoma,sr5,6,gasoline,39449,,,40000,3,,False
2023,Toyota,tacoma,sr5,6,gasoline,41843,,,39900,3,,False
2023,Toyota,tacoma,sr5,6,gasoline,49603,,,38600,3,,False
2022,Toyota,tacoma,no mentioned,6,gasoline,15878,,,52000,4,,False
2022,Toyota,tacoma,no mentioned,6,gasoline,206260,,,22250,4,,False
2023,Toyota,tacoma,no mentioned,6,gasoline,41907,,,42100,3,,False
2023,Toyota,tacoma,no mentioned,6,gasoline,59885,,,37000,3,,False
2023,Toyota,tacoma,sr5,6,gasoline,46428,,,38400,3,,False
2023,Toyota,tacoma,trd,6,gasoline,45074,,,39300,3,,False
2020,Toyota,tacoma,trd,6,gasoline,86736,,,39500,6,,False
2015,Toyota,tacoma,no mentioned,6,gasoline,318688,,,8900,11,,False
2024,Toyota,tacoma,no mentioned,4,gasoline,15111,,,52700,2,,False
2013,Toyota,tacoma,no mentioned,6,gasoline,219712,,,11300,13,,False
2023,Toyota,tacoma,no mentioned,6,gasoline,30609,,,48750,3,,False
2023,Toyota,tacoma,no mentioned,6,gasoline,50161,,,47200,3,,False
2021,Toyota,tacoma,trd,6,gasoline,49791,,,42800,5,,False
2019,Toyota,tacoma,sr5,6,gasoline,151366,,,31200,7,,False
2021,Toyota,tacoma,no mentioned,6,gasoline,48783,,,46600,5,,False
2020,Toyota,tacoma,no mentioned,6,gasoline,72837,,,41400,6,,False
2015,Toyota,tacoma,no mentioned,6,gasoline,157747,,,21600,11,,False
2022,Toyota,tundra,sr5,6,gasoline,88730,,,35000,4,,False
2014,Toyota,tundra,sr,8,gasoline,339861,,,11200,12,,False
2016,Toyota,tundra,limited,8,gasoline,116598,,,34800,10,,False
2024,Toyota,tundra,platinum,6,hybrid,23827,,,57750,2,,False
2019,Toyota,tundra,platinum,8,gasoline,53273,,,48200,7,,False
2015,Toyota,tundra,limited,8,gasoline,54660,,,46750,11,,False
2021,Toyota,tundra,sr5,8,gasoline,165759,,,39100,5,,False
2013,Toyota,tundra,sr5,8,gasoline,305698,,,8500,13,,False
2024,Toyota,tundra,limited,6,gasoline,34134,,,54500,2,,False
2020,Toyota,tundra,no mentioned,8,gasoline,164482,,,38400,6,,False
2015,Toyota,tundra,sr5,8,gasoline,193001,,,17800,11,,False
2020,Toyota,tundra,no mentioned,8,gasoline,61448,,,53250,6,,False
2012,Toyota,tundra,limited,8,gasoline,222934,,,13000,14,,False
2014,Toyota,tundra,limited,8,gasoline,245551,,,19000,12,,False
2024,Toyota,tundra,trd,6,gasoline,18257,,,53250,2,,False
2016,Toyota,tundra,sr,8,gasoline,130299,,,24250,10,,False
2018,Toyota,tundra,sr5,8,gasoline,185047,,,18600,8,,False
2017,Toyota,tundra,sr5,8,gasoline,187056,,,28000,9,,False
2018,Toyota,tundra,sr5,8,gasoline,120730,,,32500,8,,False
2018,Toyota,tundra,sr5,8,gasoline,136757,,,35250,8,,False
2021,Toyota,tundra,no mentioned,8,gasoline,164661,,,31700,5,,False
2021,Toyota,tundra,sr5,8,gasoline,159897,,,37550,5,,False
2022,Toyota,tundra,limited,6,gasoline,25505,,,45000,4,,False
2023,Toyota,tundra,sr,6,gasoline,60523,,,45100,3,,False
2018,Toyota,tundra,platinum,8,gasoline,146399,,,39000,8,,False
2013,Toyota,tundra,no mentioned,8,gasoline,344957,,,4000,13,,False
2010,Toyota,tundra,no mentioned,8,gasoline,220396,,,7600,16,,False
2019,Toyota,tundra,sr5,8,gasoline,355030,,,12200,7,,False
2018,Toyota,tundra,platinum,8,gasoline,364776,,,14500,8,,False
2015,Toyota,tundra,sr,8,gasoline,172583,,,21000,11,,False
2017,Toyota,tundra,limited,8,gasoline,217055,,,26600,9,,False
2017,Toyota,tundra,sr,8,gasoline,73255,,,28500,9,,False
2022,Toyota,tundra,no mentioned,6,hybrid,125359,,,49000,4,,False
2012,Toyota,tundra,sr5,8,gasoline,246419,,,11700,14,,False
2025,Toyota,tundra,limited,6,hybrid,18719,,,81500,1,,False
2023,Toyota,tundra,limited,6,hybrid,70682,,,58100,3,,False
2023,Toyota,tundra,limited,6,hybrid,81355,,,64500,3,,False
2012,Toyota,tundra,sr5,8,gasoline,201545,,,17400,14,,False
2022,Toyota,tundra,no mentioned,6,gasoline,96924,,,37000,4,,False
2018,Toyota,tundra,sr5,8,gasoline,258349,,,20500,8,,False
2016,Toyota,tundra,sr5,8,gasoline,72650,,,35000,10,,False
2017,Toyota,tundra,sr5,8,gasoline,111574,,,35300,9,,False
2025,Toyota,tundra,platinum,6,gasoline,13076,,,72000,1,,False
2024,Toyota,tundra,limited,6,hybrid,19040,,,71500,2,,False
2015,Toyota,tundra,sr,8,gasoline,142400,,,24000,11,,False
2021,Toyota,tundra,no mentioned,8,gasoline,84624,,,44000,5,,False
2020,Toyota,tundra,no mentioned,8,gasoline,83071,,,39750,6,,False
2023,Toyota,tundra,limited,6,hybrid,12378,,,71800,3,,False
2018,Toyota,tundra,platinum,8,gasoline,156439,,,35200,8,,False
2015,Toyota,tundra,sr5,8,gasoline,193224,,,22000,11,,False
2017,Toyota,tundra,limited,8,gasoline,216805,,,23100,9,,False
2011,Toyota,tundra,sr5,8,gasoline,336313,,,6500,15,,False
2022,Toyota,tundra,limited,6,gasoline,63323,,,50000,4,,False
2021,Toyota,tundra,sr5,8,gasoline,53976,,,50500,5,,False
2023,Toyota,tundra,limited,6,gasoline,49462,,,55000,3,,False
2010,Toyota,tundra,no mentioned,8,gasoline,124661,,,10000,16,,False
2016,Toyota,tundra,sr,8,gasoline,111265,,,29400,10,,False
2024,Toyota,tundra,platinum,6,gasoline,40758,,,65750,2,,False
2012,Toyota,tundra,sr5,8,gasoline,314949,,,7500,14,,False
2016,Toyota,tundra,sr5,8,gasoline,139082,,,19500,10,,False
2018,Toyota,tundra,platinum,8,gasoline,126188,,,42000,8,,False
2020,Toyota,tundra,no mentioned,8,gasoline,67724,,,46000,6,,False
2014,Toyota,tundra,sr,8,gasoline,137536,,,16100,12,,False
2014,Toyota,tundra,sr,8,gasoline,112286,,,21100,12,,False
2024,Toyota,tundra,limited,6,hybrid,14339,,,61750,2,,False
2024,Toyota,tundra,sr,6,gasoline,60977,,,44000,2,,False
2023,Toyota,tundra,no mentioned,6,hybrid,66791,,,61200,3,,False
2017,Toyota,tundra,sr5,8,gasoline,199482,,,25500,9,,False
2018,Toyota,tundra,sr,8,gasoline,116000,,,31000,8,,False
2019,Toyota,tundra,platinum,8,gasoline,175675,,,34400,7,,False
2020,Toyota,tundra,sr5,8,gasoline,110183,,,39200,6,,False
2023,Toyota,tundra,limited,6,gasoline,30305,,,55500,3,,False
2023,Toyota,tundra,platinum,6,gasoline,52393,,,68900,3,,False
2023,Toyota,tundra,limited,6,hybrid,74596,,,62400,3,,False
2018,Toyota,tundra,sr5,8,gasoline,196014,,,26000,8,,False
2024,Toyota,tundra,sr5,6,gasoline,35385,,,52000,2,,False
2014,Toyota,tundra,platinum,8,gasoline,219809,,,22500,12,,False
2020,Toyota,tundra,sr5,8,gasoline,154471,,,40000,6,,False
2022,Toyota,tundra,platinum,6,hybrid,60284,,,55500,4,,False
2019,Toyota,tundra,sr5,8,gasoline,83925,,,37000,7,,False
2012,Toyota,tundra,sr5,8,gasoline,214155,,,9400,14,,False
2024,Toyota,tundra,platinum,6,gasoline,33000,,,60500,2,,False
2018,Toyota,tundra,platinum,8,gasoline,125780,,,43900,8,,False
2015,Toyota,tundra,platinum,8,gasoline,172029,,,25200,11,,False
2024,Toyota,tundra,sr5,6,gasoline,15176,,,54350,2,,False
2022,Toyota,tundra,platinum,6,gasoline,78591,,,49500,4,,False
2022,Toyota,tundra,limited,6,gasoline,102500,,,44100,4,,False
2015,Toyota,tundra,sr5,8,gasoline,197308,,,25600,11,,False
2020,Toyota,tundra,no mentioned,8,gasoline,118884,,,44300,6,,False
2014,Toyota,tundra,sr,8,gasoline,112263,,,17900,12,,False
2016,Toyota,tundra,sr,8,gasoline,176479,,,14100,10,,False
2021,Toyota,tundra,no mentioned,8,gasoline,104900,,,38000,5,,False
2016,Toyota,tundra,platinum,8,gasoline,145721,,,22900,10,,False
2015,Toyota,tundra,sr5,8,gasoline,129613,,,26000,11,,False
2021,Toyota,tundra,sr5,8,gasoline,181243,,,24600,5,,False
2020,Toyota,tundra,trd,8,gasoline,153171,,,39500,6,,False
2023,Toyota,tundra,sr,6,gasoline,45716,,,47600,3,,False
2022,Toyota,tundra,no mentioned,6,hybrid,29945,,,62000,4,,False
2018,Toyota,tundra,sr5,8,gasoline,103246,,,39400,8,,False
2019,Toyota,tundra,platinum,8,gasoline,129845,,,41600,7,,False
2023,Toyota,tundra,limited,6,hybrid,69476,,,60500,3,,False
2017,Toyota,tundra,platinum,8,gasoline,63905,,,46500,9,,False
2019,Toyota,tundra,limited,8,gasoline,88473,,,48250,7,,False
2023,Toyota,tundra,limited,6,gasoline,39014,,,53250,3,,False
2023,Toyota,tundra,sr,6,gasoline,83683,,,44000,3,,False
2021,Toyota,tundra,sr5,8,gasoline,78233,,,44500,5,,False
2022,Toyota,tundra,limited,6,gasoline,66698,,,55000,4,,False
2024,Toyota,tundra,sr5,6,gasoline,21753,,,51500,2,,False
2012,Toyota,tundra,no mentioned,8,gasoline,213529,,,7500,14,,False
2022,Toyota,tundra,platinum,6,gasoline,41584,,,59000,4,,False
2017,Toyota,tundra,sr5,8,gasoline,160988,,,25400,9,,False
2016,Toyota,tundra,sr,8,gasoline,75000,,,34300,10,,False
2016,Toyota,tundra,platinum,8,gasoline,132812,,,33000,10,,False
2016,Toyota,tundra,sr5,8,gasoline,238564,,,27400,10,,False
2018,Toyota,tundra,sr5,8,gasoline,171013,,,25700,8,,False
2010,Toyota,tundra,sr5,8,gasoline,284957,,,6200,16,,False
2023,Toyota,tundra,limited,6,hybrid,72706,,,65000,3,,False
2023,Toyota,tundra,limited,6,hybrid,41391,,,67200,3,,False
2017,Toyota,tundra,platinum,8,gasoline,63867,,,37500,9,,False
2017,Toyota,tundra,sr5,8,gasoline,76818,,,39750,9,,False
2021,Toyota,tundra,sr5,8,gasoline,84132,,,47000,5,,False
2021,Toyota,tundra,trd,8,gasoline,177709,,,30600,5,,False
2018,Toyota,tundra,sr5,8,gasoline,158534,,,38500,8,,False
2012,Toyota,tundra,limited,8,gasoline,348607,,,7000,14,,False
2014,Toyota,tundra,platinum,8,gasoline,310702,,,15100,12,,False
2022,Toyota,tundra,limited,6,gasoline,77196,,,50000,4,,False
2015,Toyota,tundra,sr,8,gasoline,152220,,,20700,11,,False
2014,Toyota,tundra,platinum,8,gasoline,247606,,,20400,12,,False
2016,Toyota,tundra,sr,8,gasoline,316630,,,15100,10,,False
2014,Toyota,tundra,limited,8,gasoline,221106,,,20600,12,,False
2024,Toyota,tundra,sr5,6,gasoline,21538,,,51000,2,,False
2015,Toyota,tundra,sr,8,gasoline,145280,,,19800,11,,False
2014,Toyota,tundra,sr,8,gasoline,193997,,,15400,12,,False
2022,Toyota,tundra,sr,6,gasoline,155111,,,29500,4,,False
2023,Toyota,tundra,limited,6,hybrid,60188,,,70000,3,,False
2016,Toyota,tundra,limited,8,gasoline,174796,,,19500,10,,False
2022,Toyota,tundra,platinum,6,gasoline,65658,,,50750,4,,False
2018,Toyota,tundra,sr5,8,gasoline,184892,,,25200,8,,False
2016,Toyota,tundra,sr5,8,gasoline,136964,,,26500,10,,False
2019,Toyota,tundra,platinum,8,gasoline,125778,,,44500,7,,False
2013,Toyota,tundra,limited,8,gasoline,169123,,,21200,13,,False
2022,Toyota,tundra,limited,6,gasoline,78635,,,53000,4,,False
2019,Toyota,tundra,sr5,8,gasoline,145575,,,34500,7,,False
2024,Toyota,tundra,no mentioned,6,hybrid,53288,,,72000,2,,False
2018,Toyota,tundra,sr5,8,gasoline,178343,,,26300,8,,False
2018,Toyota,tundra,sr,8,gasoline,104777,,,27500,8,,False
2022,Toyota,tundra,limited,6,gasoline,65534,,,48300,4,,False
2023,Toyota,tundra,limited,6,hybrid,46738,,,65900,3,,False
2024,Toyota,tundra,no mentioned,6,gasoline,33106,,,54500,2,,False
2016,Toyota,tundra,sr,8,gasoline,189598,,,22000,10,,False
2018,Toyota,tundra,sr5,8,gasoline,188582,,,18600,8,,False
2017,Toyota,tundra,sr5,8,gasoline,160890,,,25250,9,,False
2021,Toyota,tundra,sr5,8,gasoline,102054,,,51700,5,,False
2022,Toyota,tundra,sr,6,gasoline,225918,,,24400,4,,False
2017,Toyota,tundra,sr5,8,gasoline,184361,,,27700,9,,False
2015,Toyota,tundra,sr,8,gasoline,174372,,,20000,11,,False
2024,Toyota,tundra,limited,6,hybrid,16585,,,65000,2,,False
2024,Toyota,tundra,limited,6,gasoline,17181,,,62100,2,,False
2023,Toyota,tundra,platinum,6,gasoline,86746,,,60000,3,,False
2015,Toyota,tundra,platinum,8,gasoline,211172,,,27300,11,,False
2016,Toyota,tundra,platinum,8,gasoline,242293,,,24100,10,,False
2013,Toyota,tundra,platinum,8,gasoline,222235,,,19500,13,,False
2023,Toyota,tundra,limited,6,gasoline,38723,,,53200,3,,False
2017,Toyota,tundra,sr,8,gasoline,102299,,,17500,9,,False
2010,Toyota,tundra,sr5,8,gasoline,232000,,,6000,16,,False
2024,Toyota,tundra,limited,6,hybrid,36671,,,76300,2,,False
2016,Toyota,tundra,sr,8,gasoline,114878,,,30000,10,,False
2024,Toyota,tundra,no mentioned,6,gasoline,19241,,,56000,2,,False
2023,Toyota,tundra,sr,6,gasoline,57862,,,53100,3,,False
2014,Toyota,tundra,sr,8,gasoline,229794,,,17400,12,,False
2024,Toyota,tundra,sr5,6,gasoline,21312,,,49700,2,,False
2020,Toyota,tundra,no mentioned,8,gasoline,126659,,,40100,6,,False
2024,Toyota,tundra,sr5,6,gasoline,29616,,,46400,2,,False
2019,Toyota,tundra,sr5,8,gasoline,149353,,,38300,7,,False
2018,Toyota,tundra,sr5,8,gasoline,120069,,,38900,8,,False
2015,Toyota,tundra,sr,8,gasoline,90234,,,13700,11,,False
2022,Toyota,tundra,limited,6,hybrid,47554,,,73000,4,,False
2012,Toyota,tundra,sr5,8,gasoline,164603,,,15200,14,,False
2021,Toyota,tundra,sr5,8,gasoline,73246,,,49500,5,,False
2023,Toyota,tundra,sr,6,gasoline,57599,,,41000,3,,False
2018,Toyota,tundra,sr5,8,gasoline,238946,,,22750,8,,False
2024,Toyota,tundra,sr5,6,gasoline,32654,,,53200,2,,False
2024,Toyota,tundra,sr5,6,gasoline,23046,,,51500,2,,False
2011,Toyota,tundra,no mentioned,8,gasoline,217362,,,6300,15,,False
2023,Toyota,tundra,sr,6,gasoline,40114,,,47100,3,,False
2024,Toyota,tundra,limited,6,gasoline,50504,,,56200,2,,False
2016,Toyota,tundra,sr5,8,gasoline,148749,,,34600,10,,False
2022,Toyota,tundra,limited,6,gasoline,91399,,,42100,4,,False
2023,Toyota,tundra,limited,6,hybrid,82690,,,44900,3,,False
2024,Toyota,tundra,sr5,6,gasoline,35082,,,51000,2,,False
2024,Toyota,tundra,limited,6,hybrid,25934,,,78500,2,,False
2022,Toyota,tundra,platinum,6,hybrid,54935,,,57500,4,,False
2023,Toyota,tundra,limited,6,hybrid,66964,,,56500,3,,False
2024,Toyota,tundra,sr5,6,gasoline,33358,,,55000,2,,False
2021,Toyota,tundra,sr5,8,gasoline,120658,,,41400,5,,False
2017,Toyota,tundra,sr5,8,gasoline,214014,,,28100,9,,False
2018,Toyota,tundra,sr5,8,gasoline,168372,,,34750,8,,False
2020,Toyota,tundra,no mentioned,8,gasoline,218132,,,36800,6,,False
2024,Toyota,tundra,sr5,6,gasoline,24389,,,54500,2,,False
2024,Toyota,tundra,sr5,6,gasoline,27386,,,51000,2,,False
2023,Toyota,tundra,platinum,6,gasoline,51706,,,72600,3,,False
2024,Toyota,tundra,limited,6,hybrid,36666,,,77800,2,,False
2010,Toyota,tundra,sr5,8,gasoline,167866,,,10600,16,,False
2019,Toyota,tundra,sr5,8,gasoline,293392,,,16200,7,,False
2016,Toyota,tundra,sr5,8,gasoline,308135,,,18500,10,,False
2020,Toyota,tundra,platinum,8,gasoline,108598,,,48000,6,,False
2014,Toyota,tundra,platinum,8,gasoline,194003,,,22400,12,,False
2018,Toyota,tundra,platinum,8,gasoline,45411,,,53250,8,,False
2020,Toyota,tundra,no mentioned,8,gasoline,49905,,,52800,6,,False
2022,Toyota,tundra,sr5,6,gasoline,47230,,,46000,4,,False
2022,Toyota,tundra,limited,6,hybrid,58326,,,64500,4,,False
2019,Toyota,tundra,sr5,8,gasoline,207317,,,23400,7,,False
2014,Toyota,tundra,sr,8,gasoline,140319,,,22400,12,,False
2010,Toyota,tundra,sr5,8,gasoline,334596,,,5800,16,,False
2022,Toyota,tundra,no mentioned,6,hybrid,98300,,,54750,4,,False
2018,Toyota,tundra,sr5,8,gasoline,204435,,,23500,8,,False
2021,Toyota,tundra,no mentioned,8,gasoline,17107,,,46700,5,,False
2022,Toyota,tundra,limited,6,hybrid,83534,,,49500,4,,False
2022,Toyota,tundra,limited,6,gasoline,57000,,,46600,4,,False
2024,Toyota,tundra,sr5,6,gasoline,22986,,,55100,2,,False
2024,Toyota,tundra,no mentioned,6,gasoline,13517,,,58000,2,,False
2017,Toyota,tundra,sr5,8,gasoline,152518,,,22000,9,,False
2014,Toyota,tundra,sr,8,gasoline,144721,,,21800,12,,False
2018,Toyota,tundra,sr5,8,gasoline,151768,,,28900,8,,False
2025,Toyota,tundra,limited,6,hybrid,17448,,,80500,1,,False
2020,Toyota,tundra,no mentioned,8,gasoline,96901,,,44500,6,,False
2015,Toyota,tundra,limited,8,gasoline,113937,,,34500,11,,False
2024,Toyota,tundra,limited,6,gasoline,51856,,,54000,2,,False
2023,Toyota,tundra,limited,6,gasoline,96375,,,42600,3,,False
2023,Toyota,tundra,limited,6,hybrid,12373,,,74750,3,,False
2018,Toyota,tundra,platinum,8,gasoline,118082,,,45700,8,,False
2015,Toyota,tundra,platinum,8,gasoline,183423,,,32100,11,,False
2025,Toyota,tundra,limited,6,hybrid,13655,,,75100,1,,False
2024,Toyota,tundra,limited,6,gasoline,14628,,,55000,2,,False
2016,Toyota,tundra,platinum,8,gasoline,234810,,,26600,10,,False
2023,Toyota,tundra,limited,6,gasoline,52513,,,53000,3,,False
2019,Toyota,tundra,sr5,8,gasoline,76431,,,36500,7,,False
2010,Toyota,tundra,no mentioned,8,gasoline,194129,,,10100,16,,False
2023,Toyota,tundra,limited,6,gasoline,75632,,,52800,3,,False
2024,Toyota,tundra,limited,6,gasoline,20334,,,56000,2,,False
2022,Toyota,tundra,sr5,6,gasoline,54714,,,42800,4,,False
2018,Toyota,tundra,sr5,8,gasoline,178014,,,25500,8,,False
2022,Toyota,tundra,limited,6,gasoline,41460,,,46000,4,,False
2019,Toyota,tundra,platinum,8,gasoline,205921,,,32000,7,,False
2021,Toyota,tundra,sr5,8,gasoline,93229,,,43500,5,,False
2024,Toyota,tundra,limited,6,gasoline,51853,,,52750,2,,False
2024,Toyota,tundra,trd,6,gasoline,13513,,,58000,2,,False
2018,Toyota,tundra,sr5,8,gasoline,151759,,,27800,8,,False
2022,Toyota,tundra,no mentioned,6,gasoline,46240,,,44000,4,,False
2012,Toyota,tundra,sr5,8,gasoline,281291,,,11500,14,,False
2016,Toyota,tundra,sr5,8,gasoline,157856,,,33250,10,,False
2012,Toyota,tundra,no mentioned,8,gasoline,340766,,,4300,14,,False
2020,Toyota,tundra,platinum,8,gasoline,97954,,,42200,6,,False
2021,Toyota,tundra,sr5,8,gasoline,55000,,,52000,5,,False
2019,Toyota,tundra,platinum,8,gasoline,189902,,,33800,7,,False
2015,Toyota,tundra,sr,8,gasoline,131883,,,20700,11,,False
2017,Toyota,tundra,sr5,8,gasoline,275002,,,14000,9,,False
2022,Toyota,tundra,platinum,6,gasoline,112637,,,44000,4,,False
2023,Toyota,tundra,sr,6,gasoline,48837,,,43000,3,,False
2019,Toyota,tundra,platinum,8,gasoline,175484,,,36600,7,,False
2019,Toyota,tundra,platinum,8,gasoline,130353,,,44000,7,,False
2014,Toyota,tundra,sr5,8,gasoline,207292,,,20300,12,,False
2011,Toyota,tundra,sr5,8,gasoline,217100,,,13400,15,,False
2023,Toyota,tundra,limited,6,gasoline,115686,,,44000,3,,False
2023,Toyota,tundra,sr,6,gasoline,121940,,,36100,3,,False
2023,Toyota,tundra,sr,6,gasoline,40108,,,48000,3,,False
2021,Toyota,tundra,sr5,8,gasoline,23877,,,39250,5,,False
2023,Toyota,tundra,platinum,6,hybrid,73431,,,65000,3,,False
2021,Toyota,tundra,sr5,8,gasoline,67835,,,50000,5,,False
2023,Toyota,tundra,sr5,6,gasoline,68500,,,44500,3,,False
2022,Toyota,tundra,platinum,6,gasoline,80903,,,54800,4,,False
2024,Toyota,tundra,limited,6,hybrid,19600,,,69000,2,,False
2023,Toyota,tundra,platinum,6,hybrid,67692,,,75600,3,,False
2024,Toyota,tundra,limited,6,hybrid,27125,,,79900,2,,False
2018,Toyota,tundra,sr5,8,gasoline,90500,,,41000,8,,False
2020,Toyota,tundra,no mentioned,8,gasoline,98629,,,45100,6,,False
2022,Toyota,tundra,limited,6,gasoline,31441,,,45000,4,,False
2022,Toyota,tundra,limited,6,hybrid,19054,,,61500,4,,False
2019,Toyota,tundra,sr5,8,gasoline,186739,,,22750,7,,False
2021,Toyota,tundra,sr5,8,gasoline,51337,,,53800,5,,False
2023,Toyota,tundra,sr,6,gasoline,48810,,,39000,3,,False
2019,Toyota,tundra,sr5,8,gasoline,141868,,,34000,7,,False
2018,Toyota,tundra,platinum,8,gasoline,63339,,,52750,8,,False
2021,Toyota,tundra,platinum,8,gasoline,184302,,,42750,5,,False
2023,Toyota,tundra,sr,6,gasoline,108746,,,41500,3,,False
2012,Toyota,tundra,no mentioned,8,gasoline,245443,,,5700,14,,False
2020,Toyota,tundra,no mentioned,8,gasoline,50830,,,47200,6,,False
2023,Toyota,tundra,limited,6,hybrid,18897,,,73500,3,,False
2014,Toyota,tundra,platinum,8,gasoline,309698,,,12500,12,,False
2016,Toyota,tundra,platinum,8,gasoline,242081,,,18300,10,,False
2011,Toyota,tundra,limited,8,gasoline,241439,,,7600,15,,False
2024,Toyota,tundra,sr5,6,gasoline,15666,,,54200,2,,False
2015,Toyota,tundra,sr,8,gasoline,361211,,,8500,11,,False
2018,Toyota,tundra,limited,8,gasoline,89232,,,44400,8,,False
2018,Toyota,tundra,platinum,8,gasoline,173444,,,36100,8,,False
2016,Toyota,tundra,sr5,8,gasoline,196612,,,27500,10,,False
2016,Toyota,tundra,platinum,8,gasoline,131221,,,39267,10,,False
2018,Toyota,tundra,sr5,8,gasoline,209995,,,28750,8,,False
2021,Toyota,tundra,sr5,8,gasoline,187823,,,34200,5,,False
2023,Toyota,tundra,sr,6,gasoline,53782,,,50000,3,,False
2023,Toyota,tundra,sr,6,gasoline,38366,,,50000,3,,False
2010,Toyota,tundra,platinum,8,gasoline,380981,,,6400,16,,False
2020,Toyota,tundra,platinum,8,gasoline,106024,,,47800,6,,False
2024,Toyota,tundra,limited,6,gasoline,23571,,,58000,2,,False
2024,Toyota,tundra,sr5,6,gasoline,31961,,,53200,2,,False
2023,Toyota,tundra,platinum,6,hybrid,47944,,,73000,3,,False
2024,Toyota,tundra,limited,6,hybrid,17100,,,70400,2,,False
2023,Toyota,tundra,sr,6,gasoline,40907,,,52000,3,,False
2022,Toyota,tundra,platinum,6,gasoline,80895,,,55100,4,,False
2013,Toyota,tundra,sr5,8,gasoline,247300,,,12700,13,,False
2024,Toyota,tundra,limited,6,gasoline,34529,,,60000,2,,False
2022,Toyota,tundra,limited,6,hybrid,95563,,,60100,4,,False
2023,Toyota,tundra,sr5,6,gasoline,43911,,,47200,3,,False
2012,Toyota,tundra,no mentioned,8,gasoline,356228,,,5000,14,,False
2010,Toyota,tundra,platinum,8,gasoline,248371,,,7900,16,,False
2019,Toyota,tundra,sr5,8,gasoline,196401,,,33000,7,,False
2011,Toyota,tundra,sr5,8,gasoline,235334,,,13700,15,,False
2023,Toyota,tundra,platinum,6,hybrid,67406,,,64200,3,,False
2016,Toyota,tundra,sr5,8,gasoline,181803,,,23600,10,,False
2023,Toyota,tundra,limited,6,gasoline,57517,,,48100,3,,False
2015,Toyota,tundra,sr,8,gasoline,182149,,,20800,11,,False
2021,Toyota,tundra,sr5,8,gasoline,175175,,,39962,5,,False
2018,Toyota,tundra,sr5,8,gasoline,72946,,,49000,8,,False
2023,Toyota,tundra,sr,6,gasoline,29258,,,46000,3,,False
2024,Toyota,tundra,sr5,6,gasoline,17601,,,56500,2,,False
2016,Toyota,tundra,sr,8,gasoline,55889,,,38250,10,,False
2020,Toyota,tundra,no mentioned,8,gasoline,72625,,,52000,6,,False
2024,Toyota,tundra,limited,6,gasoline,21457,,,59750,2,,False
2023,Toyota,tundra,no mentioned,6,hybrid,27495,,,68000,3,,False
2022,Toyota,tundra,platinum,6,hybrid,130809,,,44500,4,,False
2020,Toyota,tundra,no mentioned,8,gasoline,87487,,,38000,6,,False
2018,Toyota,tundra,sr5,8,gasoline,151753,,,29400,8,,False
2020,Toyota,tundra,no mentioned,8,gasoline,64928,,,43700,6,,False
2021,Toyota,tundra,sr5,8,gasoline,134409,,,43400,5,,False
2018,Toyota,tundra,sr5,8,gasoline,126941,,,32800,8,,False
2010,Toyota,tundra,sr5,8,gasoline,324873,,,6000,16,,False
2023,Toyota,tundra,platinum,6,gasoline,37000,,,70100,3,,False
2022,Toyota,tundra,limited,6,hybrid,69000,,,58000,4,,False
2023,Toyota,tundra,limited,6,gasoline,14502,,,59200,3,,False
2018,Toyota,tundra,sr5,8,gasoline,129270,,,26000,8,,False
2017,Toyota,tundra,platinum,8,gasoline,186312,,,31200,9,,False
2010,Toyota,tundra,sr5,8,gasoline,292064,,,6000,16,,False
2020,Toyota,tundra,no mentioned,8,gasoline,76767,,,52100,6,,False
2014,Toyota,tundra,platinum,8,gasoline,136262,,,35900,12,,False
2022,Toyota,tundra,limited,6,gasoline,76793,,,48400,4,,False
2018,Toyota,tundra,sr5,8,gasoline,188813,,,33000,8,,False
2022,Toyota,tundra,sr,6,gasoline,51712,,,45000,4,,False
2024,Toyota,tundra,sr5,6,gasoline,50020,,,50000,2,,False
2023,Toyota,tundra,limited,6,hybrid,125350,,,54000,3,,False
2023,Toyota,tundra,no mentioned,6,hybrid,33196,,,63000,3,,False
2016,Toyota,tundra,platinum,8,gasoline,131100,,,33400,10,,False
2024,Toyota,tundra,sr5,6,gasoline,36385,,,56600,2,,False
2017,Toyota,tundra,sr5,8,gasoline,186960,,,29250,9,,False
2019,Toyota,tundra,sr5,8,gasoline,83270,,,56250,7,,False
2017,Toyota,tundra,limited,8,gasoline,179681,,,31000,9,,False
2022,Toyota,tundra,limited,6,gasoline,56495,,,48000,4,,False
2024,Toyota,tundra,sr5,6,gasoline,74994,,,40000,2,,False
2024,Toyota,tundra,sr,6,gasoline,28191,,,55000,2,,False
2023,Toyota,tundra,limited,6,hybrid,37364,,,78000,3,,False
2011,Toyota,tundra,sr5,8,gasoline,273315,,,6350,15,,False
2018,Toyota,tundra,sr5,8,gasoline,48663,,,42000,8,,False
2021,Toyota,tundra,sr5,8,gasoline,158489,,,38000,5,,False
2020,Toyota,tundra,no mentioned,8,gasoline,30552,,,51000,6,,False
2021,Toyota,tundra,sr5,8,gasoline,52863,,,51600,5,,False
2024,Toyota,tundra,limited,6,gasoline,81928,,,57750,2,,False
2014,Toyota,tundra,sr,8,gasoline,146466,,,22100,12,,False
2010,Toyota,tundra,sr5,8,gasoline,378870,,,3200,16,,False
2022,Toyota,tundra,no mentioned,6,gasoline,50517,,,45400,4,,False
2011,Toyota,tundra,sr5,8,gasoline,371957,,,7300,15,,False
2021,Toyota,tundra,sr5,8,gasoline,66100,,,49100,5,,False
2022,Toyota,tundra,limited,6,gasoline,102300,,,42000,4,,False
2021,Toyota,tundra,sr5,8,gasoline,175250,,,36000,5,,False
2018,Toyota,tundra,sr,8,gasoline,89873,,,33100,8,,False
2021,Toyota,tundra,sr5,8,gasoline,87750,,,47400,5,,False
2015,Toyota,tundra,sr5,8,gasoline,225774,,,18400,11,,False
2017,Toyota,tundra,sr5,8,gasoline,121641,,,27000,9,,False
2021,Toyota,tundra,platinum,8,gasoline,184006,,,37500,5,,False
2022,Toyota,tundra,sr,6,gasoline,76825,,,46300,4,,False
2018,Toyota,tundra,sr5,8,gasoline,178154,,,33300,8,,False
2024,Toyota,tundra,limited,6,gasoline,24207,,,49000,2,,False
2018,Toyota,tundra,sr5,8,gasoline,104262,,,41250,8,,False
2015,Toyota,tundra,sr5,8,gasoline,154037,,,27500,11,,False
2023,Toyota,tundra,limited,6,gasoline,34775,,,53000,3,,False
2022,Toyota,tundra,sr,6,gasoline,242324,,,28200,4,,False
2024,Toyota,tundra,trd,6,gasoline,28188,,,52500,2,,False
2021,Toyota,tundra,no mentioned,8,gasoline,31534,,,42500,5,,False
2017,Toyota,tundra,sr5,8,gasoline,219551,,,20900,9,,False
2020,Toyota,tundra,sr5,8,gasoline,187967,,,23500,6,,False
2024,Toyota,tundra,limited,6,hybrid,40723,,,65500,2,,False
2021,Toyota,tundra,no mentioned,8,gasoline,43900,,,51000,5,,False
2024,Toyota,tundra,limited,6,gasoline,10337,,,64000,2,,False
2013,Toyota,tundra,platinum,8,gasoline,132928,,,27600,13,,False
2019,Toyota,tundra,platinum,8,gasoline,94851,,,44800,7,,False
2019,Toyota,tundra,limited,8,gasoline,64758,,,50500,7,,False
2017,Toyota,tundra,sr5,8,gasoline,127993,,,35300,9,,False
2022,Toyota,tundra,no mentioned,6,hybrid,21850,,,70000,4,,False
2016,Toyota,tundra,platinum,8,gasoline,295343,,,19500,10,,False
2021,Toyota,tundra,platinum,8,gasoline,55300,,,59250,5,,False
2018,Toyota,tundra,sr5,8,gasoline,115087,,,39000,8,,False
2022,Toyota,tundra,limited,6,gasoline,84460,,,47500,4,,False
2017,Toyota,tundra,sr5,8,gasoline,249899,,,18750,9,,False
2018,Toyota,tundra,sr5,8,gasoline,104768,,,42750,8,,False
2022,Toyota,tundra,sr5,6,gasoline,91037,,,40200,4,,False
2024,Toyota,tundra,sr5,6,gasoline,22524,,,54000,2,,False
2024,Toyota,tundra,sr,6,gasoline,19400,,,58500,2,,False
2023,Toyota,tundra,limited,6,hybrid,66938,,,69000,3,,False
2017,Toyota,tundra,platinum,8,gasoline,247493,,,22900,9,,False
2022,Toyota,tundra,sr5,6,gasoline,35279,,,50100,4,,False
2021,Toyota,tundra,platinum,8,gasoline,82451,,,53400,5,,False
2024,Toyota,tundra,limited,6,hybrid,40450,,,65500,2,,False
2015,Toyota,tundra,limited,8,gasoline,161026,,,23200,11,,False
2021,Toyota,tundra,platinum,8,gasoline,228480,,,40100,5,,False
2019,Toyota,tundra,platinum,8,gasoline,175800,,,32100,7,,False
2015,Toyota,tundra,platinum,8,gasoline,204992,,,26750,11,,False
2019,Toyota,tundra,sr5,8,gasoline,33219,,,44000,7,,False
2014,Toyota,tundra,platinum,8,gasoline,128620,,,30000,12,,False
2014,Toyota,tundra,sr5,8,gasoline,240847,,,13300,12,,False
2015,Toyota,tundra,sr,8,gasoline,128350,,,14800,11,,False
2017,Toyota,tundra,sr5,8,gasoline,119352,,,34750,9,,False
2022,Toyota,tundra,platinum,6,gasoline,84227,,,54100,4,,False
2019,Toyota,tundra,sr5,8,gasoline,169400,,,32500,7,,False
2018,Toyota,tundra,sr5,8,gasoline,125110,,,32500,8,,False
2022,Toyota,tundra,platinum,6,gasoline,112700,,,46000,4,,False
2022,Toyota,tundra,sr5,6,gasoline,137893,,,40000,4,,False
2016,Toyota,tundra,platinum,8,gasoline,345447,,,18100,10,,False
2018,Toyota,tundra,sr5,8,gasoline,88526,,,43600,8,,False
2024,Toyota,tundra,limited,6,hybrid,25240,,,66000,2,,False
2023,Toyota,tundra,sr,6,gasoline,21765,,,41200,3,,False
2016,Toyota,tundra,platinum,8,gasoline,145505,,,32800,10,,False
2016,Toyota,tundra,sr,8,gasoline,207809,,,22700,10,,False
2014,Toyota,tundra,sr,8,gasoline,342702,,,8500,12,,False
2022,Toyota,tundra,limited,6,gasoline,71020,,,48000,4,,False
2012,Toyota,tundra,limited,8,gasoline,158725,,,16700,14,,False
2013,Toyota,tundra,sr5,8,gasoline,221164,,,10200,13,,False
2021,Toyota,tundra,sr5,8,gasoline,50942,,,52500,5,,False
2014,Toyota,tundra,limited,8,gasoline,267587,,,17000,12,,False
2021,Toyota,tundra,sr5,8,gasoline,91368,,,43750,5,,False
2021,Toyota,tundra,sr5,8,gasoline,59315,,,52000,5,,False
2022,Toyota,tundra,sr,6,gasoline,119626,,,32000,4,,False
2022,Toyota,tundra,sr5,6,gasoline,34632,,,47000,4,,False
2020,Toyota,tundra,no mentioned,8,gasoline,113307,,,36000,6,,False
2022,Toyota,tundra,no mentioned,6,gasoline,59206,,,50300,4,,False
2023,Toyota,tundra,limited,6,hybrid,74754,,,56500,3,,False
2015,Toyota,tundra,sr,8,gasoline,127885,,,15000,11,,False
2024,Toyota,tundra,platinum,6,hybrid,36136,,,72000,2,,False
2017,Toyota,tundra,sr5,8,gasoline,164132,,,28100,9,,False
2018,Toyota,tundra,platinum,8,gasoline,65065,,,47800,8,,False
2016,Toyota,tundra,platinum,8,gasoline,114528,,,34500,10,,False
2014,Toyota,tundra,sr,8,gasoline,164654,,,9500,12,,False
2019,Toyota,tundra,sr5,8,gasoline,121160,,,42700,7,,False
2023,Toyota,tundra,sr,6,gasoline,61367,,,48000,3,,False
2015,Toyota,tundra,sr,8,gasoline,207408,,,7800,11,,False
2024,Toyota,tundra,limited,6,gasoline,68311,,,40000,2,,False
2017,Toyota,tundra,platinum,8,gasoline,160872,,,30000,9,,False
2022,Toyota,tundra,limited,6,gasoline,56492,,,53750,4,,False
2023,Toyota,tundra,limited,6,gasoline,29229,,,59000,3,,False
2022,Toyota,tundra,sr,6,gasoline,51070,,,45700,4,,False
2010,Toyota,tundra,sr5,8,gasoline,181881,,,11100,16,,False
2024,Toyota,tundra,no mentioned,6,hybrid,32388,,,74000,2,,False
2023,Toyota,tundra,limited,6,gasoline,19626,,,49500,3,,False
2020,Toyota,tundra,no mentioned,8,gasoline,60971,,,49100,6,,False
2011,Toyota,tundra,limited,8,gasoline,209968,,,11200,15,,False
2022,Toyota,tundra,limited,6,hybrid,54538,,,65100,4,,False
2010,Toyota,tundra,sr5,8,gasoline,371082,,,5000,16,,False
2022,Toyota,tundra,platinum,6,hybrid,53479,,,56300,4,,False
2024,Toyota,tundra,platinum,6,hybrid,35202,,,73200,2,,False
2021,Toyota,tundra,no mentioned,8,gasoline,69987,,,41800,5,,False
2018,Toyota,tundra,platinum,8,gasoline,149314,,,42500,8,,False
2016,Toyota,tundra,sr,8,gasoline,207438,,,17000,10,,False
2019,Toyota,tundra,platinum,8,gasoline,57900,,,52300,7,,False
2015,Toyota,tundra,sr5,8,gasoline,266500,,,16000,11,,False
2022,Toyota,tundra,limited,6,hybrid,56876,,,57600,4,,False
2011,Toyota,tundra,sr5,8,gasoline,129261,,,13300,15,,False
2024,Toyota,tundra,limited,6,hybrid,38389,,,65000,2,,False
2018,Toyota,tundra,platinum,8,gasoline,69041,,,51500,8,,False
2017,Toyota,tundra,limited,8,gasoline,179538,,,26500,9,,False
2011,Toyota,tundra,sr5,8,gasoline,187065,,,13000,15,,False
2020,Toyota,tundra,no mentioned,8,gasoline,196588,,,26500,6,,False
2021,Toyota,tundra,sr5,8,gasoline,113000,,,45500,5,,False
2025,Toyota,tundra,limited,6,hybrid,15500,,,83000,1,,False
2019,Toyota,tundra,platinum,8,gasoline,94765,,,46500,7,,False
2021,Toyota,tundra,sr5,8,gasoline,90290,,,62000,5,,False
2015,Toyota,tundra,sr5,8,gasoline,175510,,,23250,11,,False
2021,Toyota,tundra,sr5,8,gasoline,106770,,,46000,5,,False
2021,Toyota,tundra,sr5,8,gasoline,80387,,,61250,5,,False
2023,Toyota,tundra,limited,6,gasoline,29227,,,59250,3,,False
2018,Toyota,tundra,sr5,8,gasoline,129968,,,32000,8,,False
2021,Toyota,tundra,sr5,8,gasoline,102248,,,43900,5,,False
2022,Toyota,tundra,platinum,6,gasoline,63208,,,59200,4,,False
2022,Toyota,tundra,sr5,6,gasoline,65616,,,43500,4,,False
2019,Toyota,tundra,platinum,8,gasoline,86732,,,46500,7,,False
2011,Toyota,tundra,limited,8,gasoline,264741,,,15300,15,,False
2024,Toyota,tundra,no mentioned,6,hybrid,10593,,,77500,2,,False
2011,Toyota,tundra,limited,8,gasoline,369540,,,7900,15,,False
2019,Toyota,tundra,sr5,8,gasoline,98625,,,42000,7,,False
2020,Toyota,tundra,no mentioned,8,gasoline,88750,,,50900,6,,False
2017,Toyota,tundra,platinum,8,gasoline,146381,,,34250,9,,False
2024,Toyota,tundra,limited,6,gasoline,19375,,,62500,2,,False
2017,Toyota,tundra,sr5,8,gasoline,73542,,,40000,9,,False
2021,Toyota,tundra,platinum,8,gasoline,92550,,,52400,5,,False
2019,Toyota,tundra,sr5,8,gasoline,177198,,,33000,7,,False
2021,Toyota,tundra,sr5,8,gasoline,37577,,,68250,5,,False
2023,Toyota,tundra,platinum,6,hybrid,88893,,,61750,3,,False
2012,Toyota,tundra,sr5,8,gasoline,214371,,,16100,14,,False
2013,Toyota,tundra,sr5,8,gasoline,279678,,,10200,13,,False
2016,Toyota,tundra,platinum,8,gasoline,126210,,,34400,10,,False
2019,Toyota,tundra,platinum,8,gasoline,148678,,,41500,7,,False
2018,Toyota,tundra,sr5,8,gasoline,221236,,,25000,8,,False
2022,Toyota,tundra,sr,6,gasoline,119495,,,30800,4,,False
2010,Toyota,tundra,sr5,8,gasoline,371810,,,4400,16,,False
2010,Toyota,tundra,limited,8,gasoline,214057,,,9400,16,,False
2022,Toyota,tundra,platinum,6,gasoline,112242,,,41000,4,,False
2020,Toyota,tundra,no mentioned,8,gasoline,109408,,,44700,6,,False
2022,Toyota,tundra,no mentioned,6,gasoline,65867,,,43300,4,,False
2020,Toyota,tundra,sr5,8,gasoline,195943,,,25400,6,,False
2023,Toyota,tundra,limited,6,hybrid,27756,,,72800,3,,False
2014,Toyota,tundra,platinum,8,gasoline,93606,,,36500,12,,False
2024,Toyota,tundra,sr5,6,gasoline,35281,,,54750,2,,False
2024,Toyota,tundra,sr5,6,gasoline,49901,,,45250,2,,False
2017,Toyota,tundra,sr5,8,gasoline,97734,,,32500,9,,False
2020,Toyota,tundra,no mentioned,8,gasoline,73000,,,45500,6,,False
2024,Toyota,tundra,platinum,6,gasoline,50107,,,68000,2,,False
2011,Toyota,tundra,sr5,8,gasoline,184150,,,12000,15,,False
2024,Toyota,tundra,no mentioned,6,hybrid,13542,,,75000,2,,False
2017,Toyota,tundra,sr5,8,gasoline,171144,,,21000,9,,False
2019,Toyota,tundra,sr5,8,gasoline,64606,,,53000,7,,False
2021,Ram,1500 Classic,EXPRESS,8,Gasoline,301826,,,13300,5,,False
2022,Ram,1500 Classic,WARLOCK,6,Gasoline,49806,,,33300,4,,False
2022,Ram,1500 Classic,TRADESMAN,8,Gasoline,43268,,,24000,4,,False
2019,Ram,1500 Classic,WARLOCK,8,Gasoline,105515,,,16000,7,,False
2021,Ram,1500 Classic,WARLOCK,8,Gasoline,129047,,,26700,5,,False
2023,Ram,1500 Classic,EXPRESS,6,Gasoline,77294,,,26500,3,,False
2019,Ram,1500 Classic,EXPRESS,8,Gasoline,187055,,,7000,7,,False
2020,Ram,1500 Classic,EXPRESS,8,Gasoline,123611,,,12000,6,,False
2020,Ram,1500 Classic,EXPRESS,8,Gasoline,130230,,,20000,6,,False
2022,Ram,1500 Classic,WARLOCK,6,Gasoline,43144,,,34100,4,,False
2022,Ram,1500 Classic,WARLOCK,6,Gasoline,41566,,,36000,4,,False
2024,Ram,1500 Classic,WARLOCK,8,Gasoline,18108,,,48100,2,,False
2019,Ram,1500 Classic,EXPRESS,8,Gasoline,87404,,,31400,7,,False
2020,Ram,1500 Classic,WARLOCK,8,Gasoline,170325,,,21000,6,,False
2022,Ram,1500 Classic,WARLOCK,8,Gasoline,49609,,,23000,4,,False
2022,Ram,1500 Classic,WARLOCK,8,Gasoline,65188,,,23250,4,,False
2022,Ram,1500 Classic,WARLOCK,8,Gasoline,45711,,,36000,4,,False
2019,Ram,1500 Classic,SLT,6,Diesel,148460,,,14000,7,,False
2021,Ram,1500 Classic,WARLOCK,8,Gasoline,56817,,,33250,5,,False
2021,Ram,1500 Classic,EXPRESS,6,Gasoline,234985,,,7100,5,,False
2022,Ram,1500 Classic,EXPRESS,6,Gasoline,56468,,,25000,4,,False
2023,Ram,1500 Classic,EXPRESS,6,Gasoline,61801,,,32400,3,,False
2020,Ram,1500 Classic,EXPRESS,8,Gasoline,112739,,,21700,6,,False
2020,Ram,1500 Classic,EXPRESS,8,Gasoline,108846,,,19250,6,,False
2023,Ram,1500 Classic,WARLOCK,6,Gasoline,23299,,,38000,3,,False
2021,Ram,1500 Classic,WARLOCK,6,Gasoline,63068,,,28400,5,,False
2023,Ram,1500 Classic,WARLOCK,6,Gasoline,34463,,,37500,3,,False
2023,Ram,1500 Classic,WARLOCK,6,Gasoline,22963,,,38500,3,,False
2019,Ram,1500 Classic,TRADESMAN,6,Flex,147431,,,7000,7,,False
2022,Ram,1500 Classic,EXPRESS,6,Gasoline,43133,,,29700,4,,False
2019,Ram,1500 Classic,EXPRESS,8,Gasoline,125606,,,18000,7,,False
2019,Ram,1500 Classic,WARLOCK,8,Gasoline,82674,,,30800,7,,False
2020,Ram,1500 Classic,WARLOCK,8,Gasoline,89323,,,30300,6,,False
2022,Ram,1500 Classic,EXPRESS,8,Gasoline,48853,,,34000,4,,False
2021,Ram,1500 Classic,WARLOCK,8,Gasoline,118228,,,29500,5,,False
2020,Ram,1500 Classic,WARLOCK,8,Gasoline,35005,,,32000,6,,False
2021,Ram,1500 Classic,WARLOCK,8,Gasoline,82524,,,34000,5,,False
2022,Ram,1500 Classic,EXPRESS,6,Gasoline,67699,,,29800,4,,False
2021,Ram,1500 Classic,EXPRESS,6,Gasoline,101893,,,26400,5,,False
2021,Ram,1500 Classic,EXPRESS,6,Gasoline,132700,,,19750,5,,False
2022,Ram,1500 Classic,TRADESMAN,6,Gasoline,51588,,,28000,4,,False
2023,Ram,1500 Classic,EXPRESS,8,Gasoline,33824,,,39250,3,,False
2021,Ram,1500 Classic,WARLOCK,6,Gasoline,111978,,,24000,5,,False
2023,Ram,1500 Classic,WARLOCK,6,Gasoline,53953,,,35000,3,,False
2021,Ram,1500 Classic,WARLOCK,6,Gasoline,84624,,,28500,5,,False
2021,Ram,1500 Classic,WARLOCK,6,Gasoline,180798,,,21000,5,,False
2022,Ram,1500 Classic,WARLOCK,6,Gasoline,106843,,,24750,4,,False
2019,Ram,1500 Classic,SLT,6,Diesel,137486,,,19400,7,,False
2019,Ram,1500 Classic,SLT,6,Diesel,138123,,,24250,7,,False
2023,Ram,1500 Classic,EXPRESS,6,Gasoline,18723,,,36200,3,,False
2023,Ram,1500 Classic,EXPRESS,6,Gasoline,26260,,,36100,3,,False
2020,Ram,1500 Classic,SLT,6,Gasoline,67967,,,26000,6,,False
2023,Ram,1500 Classic,SLT,6,Gasoline,72859,,,27500,3,,False
2023,Ram,1500 Classic,SLT,8,Gasoline,61901,,,30000,3,,False
2023,Ram,1500 Classic,SLT,8,Gasoline,82754,,,31250,3,,False
2023,Ram,1500 Classic,EXPRESS,8,Gasoline,41304,,,36000,3,,False
2022,Ram,1500 Classic,WARLOCK,6,Gasoline,71340,,,33500,4,,False
2021,Ram,1500 Classic,EXPRESS,8,Gasoline,119750,,,26000,5,,False
2021,Ram,1500 Classic,WARLOCK,8,Gasoline,97550,,,29000,5,,False
2020,Ram,1500 Classic,WARLOCK,8,Gasoline,115275,,,23500,6,,False
2019,Ram,1500 Classic,TRADESMAN,6,Diesel,195703,,,8500,7,,False
2019,Ram,1500 Classic,EXPRESS,8,Gasoline,245557,,,11600,7,,False
2023,Ram,1500 Classic,WARLOCK,6,Gasoline,15512,,,37250,3,,False
2023,Ram,1500 Classic,EXPRESS,6,Gasoline,16174,,,32800,3,,False
2023,Ram,1500 Classic,SLT,8,Gasoline,54033,,,29000,3,,False
2023,Ram,1500 Classic,SLT,8,Gasoline,73776,,,29800,3,,False
2023,Ram,1500 Classic,SLT,8,Gasoline,56273,,,29200,3,,False
2019,Ram,1500 Classic,EXPRESS,8,Gasoline,88254,,,26000,7,,False
2019,Ram,1500 Classic,WARLOCK,8,Gasoline,126321,,,25400,7,,False
2020,Ram,1500 Classic,EXPRESS,8,Gasoline,217969,,,11000,6,,False
2021,Ram,1500 Classic,EXPRESS,8,Gasoline,78766,,,31100,5,,False
2019,Ram,1500 Classic,WARLOCK,8,Gasoline,122239,,,26000,7,,False
2021,Ram,1500 Classic,WARLOCK,8,Gasoline,71891,,,33400,5,,False
2021,Ram,1500 Classic,EXPRESS,8,Gasoline,165484,,,19300,5,,False
2022,Ram,1500 Classic,EXPRESS,8,Gasoline,47156,,,29000,4,,False
2019,Ram,1500 Classic,ST,8,Gasoline,208201,,,10900,7,,False
2022,Ram,1500 Classic,SLT,8,Gasoline,124185,,,21900,4,,False
2021,Ram,1500 Classic,WARLOCK,6,Gasoline,106380,,,29000,5,,False
2019,Ram,1500 Classic,EXPRESS,8,Gasoline,85025,,,26500,7,,False
2022,Ram,1500 Classic,WARLOCK,8,Gasoline,187900,,,21500,4,,False
2021,Ram,1500 Classic,WARLOCK,8,Gasoline,66505,,,37500,5,,False
2022,Ram,1500 Classic,SLT,8,Gasoline,71657,,,29600,4,,False
2021,Ram,1500 Classic,WARLOCK,8,Gasoline,137573,,,26600,5,,False
2021,Ram,1500 Classic,WARLOCK,8,Gasoline,109656,,,29600,5,,False
2022,Ram,1500 Classic,EXPRESS,6,Gasoline,117491,,,27000,4,,False
2019,Ram,1500 Classic,EXPRESS,6,Flex,129875,,,17200,7,,False
2019,Ram,1500 Classic,ST,6,Flex,149786,,,14200,7,,False
2019,Ram,1500 Classic,EXPRESS,8,Gasoline,77376,,,25000,7,,False
2020,Ram,1500 Classic,ST,6,Gasoline,213532,,,9550,6,,False
2023,Ram,1500 Classic,EXPRESS,6,Gasoline,43057,,,36000,3,,False
2019,Ram,1500 Classic,EXPRESS,8,Gasoline,110492,,,26900,7,,False
2019,Ram,1500 Classic,EXPRESS,8,Gasoline,155446,,,19600,7,,False
2023,Ram,1500 Classic,WARLOCK,6,Gasoline,46890,,,37200,3,,False
2023,Ram,1500 Classic,WARLOCK,8,Gasoline,81218,,,34000,3,,False
2022,Ram,1500 Classic,SLT,8,Gasoline,70653,,,25600,4,,False
2023,Ram,1500 Classic,WARLOCK,8,Gasoline,51585,,,35500,3,,False
2022,Ram,1500 Classic,WARLOCK,8,Gasoline,56335,,,34000,4,,False
2021,Ram,1500 Classic,WARLOCK,8,Gasoline,199180,,,18400,5,,False
2019,Ram,1500 Classic,EXPRESS,6,Flex,183422,,,10000,7,,False
2020,Ram,1500 Classic,EXPRESS,6,Gasoline,154035,,,13800,6,,False
2023,Ram,1500 Classic,EXPRESS,6,Gasoline,34179,,,34200,3,,False
2020,Ram,1500 Classic,SLT,6,Gasoline,99859,,,25000,6,,False
2023,Ram,1500 Classic,WARLOCK,6,Gasoline,33240,,,34500,3,,False
2019,Ram,1500 Classic,EXPRESS,8,Gasoline,67651,,,31000,7,,False
2019,Ram,1500 Classic,EXPRESS,8,Gasoline,88151,,,24100,7,,False
2023,Ram,1500 Classic,EXPRESS,6,Gasoline,77767,,,26000,3,,False
2022,Ram,1500 Classic,EXPRESS,8,Gasoline,81308,,,30500,4,,False
2023,Ram,1500 Classic,EXPRESS,8,Gasoline,48726,,,33250,3,,False
2020,Ram,1500 Classic,EXPRESS,8,Gasoline,126502,,,22600,6,,False
2022,Ram,1500 Classic,EXPRESS,8,Gasoline,76254,,,29000,4,,False
2020,Ram,1500 Classic,EXPRESS,8,Gasoline,42521,,,28000,6,,False
2022,Ram,1500 Classic,EXPRESS,8,Gasoline,88771,,,26000,4,,False
2022,Ram,1500 Classic,EXPRESS,8,Gasoline,114308,,,28000,4,,False
2020,Ram,1500 Classic,EXPRESS,8,Gasoline,129253,,,20500,6,,False
2023,Ram,1500 Classic,SLT,8,Gasoline,51625,,,30500,3,,False
2021,Ram,1500 Classic,WARLOCK,8,Gasoline,96585,,,29200,5,,False
2019,Ram,1500 Classic,EXPRESS,8,Gasoline,88280,,,31400,7,,False
2023,Ram,1500 Classic,EXPRESS,6,Gasoline,80430,,,28600,3,,False
2022,Ram,1500 Classic,WARLOCK,6,Gasoline,71705,,,32300,4,,False
2019,Ram,1500 Classic,TRADESMAN,6,Diesel,139000,,,18200,7,,False
2020,Ram,1500 Classic,WARLOCK,8,Gasoline,102025,,,29500,6,,False
2021,Ram,1500 Classic,EXPRESS,6,Gasoline,60750,,,28300,5,,False
2019,Ram,1500 Classic,EXPRESS,8,Gasoline,132960,,,24200,7,,False
2022,Ram,1500 Classic,WARLOCK,8,Gasoline,166632,,,19300,4,,False
2019,Ram,1500 Classic,EXPRESS,8,Gasoline,87656,,,21800,7,,False
2019,Ram,1500 Classic,TRADESMAN,6,Diesel,205672,,,12250,7,,False
2023,Ram,1500 Classic,EXPRESS,8,Gasoline,43436,,,31450,3,,False
2022,Ram,1500 Classic,EXPRESS,8,Gasoline,125801,,,26000,4,,False
2021,Ram,1500 Classic,EXPRESS,8,Gasoline,74102,,,32100,5,,False
2019,Ram,1500 Classic,EXPRESS,6,Flex,178273,,,10100,7,,False
2022,Ram,1500 Classic,SLT,6,Gasoline,79072,,,30000,4,,False
2022,Ram,1500 Classic,EXPRESS,8,Gasoline,86057,,,20750,4,,False
2021,Ram,1500 Classic,WARLOCK,8,Gasoline,73713,,,32500,5,,False
2023,Ram,1500 Classic,WARLOCK,6,Gasoline,42785,,,37500,3,,False
2020,Ram,1500 Classic,EXPRESS,8,Gasoline,105522,,,23100,6,,False
2022,Ram,1500 Classic,WARLOCK,8,Gasoline,101902,,,31000,4,,False
2021,Ram,1500 Classic,WARLOCK,8,Gasoline,75817,,,33000,5,,False
2019,Ram,1500 Classic,WARLOCK,8,Gasoline,227618,,,16000,7,,False
2021,Ram,1500 Classic,WARLOCK,8,Gasoline,245571,,,13000,5,,False
2022,Ram,1500 Classic,WARLOCK,8,Gasoline,33387,,,39500,4,,False
2022,Ram,1500 Classic,WARLOCK,8,Gasoline,130187,,,29600,4,,False
2021,Ram,1500 Classic,WARLOCK,8,Gasoline,121080,,,25100,5,,False
2021,Ram,1500 Classic,SLT,8,Gasoline,136115,,,20000,5,,False
2019,Ram,1500 Classic,WARLOCK,8,Gasoline,103511,,,27600,7,,False
2019,Ram,1500 Classic,EXPRESS,8,Gasoline,93591,,,29500,7,,False
2023,Ram,1500 Classic,WARLOCK,6,Gasoline,47412,,,35500,3,,False
2021,Ram,1500 Classic,WARLOCK,6,Gasoline,87926,,,26700,5,,False
2020,Ram,1500 Classic,TRADESMAN,6,Gasoline,118336,,,17000,6,,False
2019,Ram,1500 Classic,TRADESMAN,6,Flex,154919,,,15100,7,,False
2019,Ram,1500 Classic,EXPRESS,8,Gasoline,82135,,,26250,7,,False
2022,Ram,1500 Classic,EXPRESS,8,Gasoline,91155,,,31000,4,,False
2021,Ram,1500 Classic,WARLOCK,6,Gasoline,86596,,,28500,5,,False
2023,Ram,1500 Classic,WARLOCK,8,Gasoline,29574,,,39100,3,,False
2022,Ram,1500 Classic,WARLOCK,8,Gasoline,68861,,,35250,4,,False
2021,Ram,1500 Classic,WARLOCK,8,Gasoline,61123,,,30500,5,,False
2021,Ram,1500 Classic,WARLOCK,8,Gasoline,59477,,,35000,5,,False
2023,Ram,1500 Classic,WARLOCK,8,Gasoline,34309,,,41000,3,,False
2021,Ram,1500 Classic,SLT,8,Gasoline,246243,,,13250,5,,False
2022,Ram,1500 Classic,WARLOCK,8,Gasoline,48643,,,34750,4,,False
2023,Ram,1500 Classic,WARLOCK,8,Gasoline,72933,,,28500,3,,False
2022,Ram,1500 Classic,WARLOCK,8,Gasoline,51024,,,36100,4,,False
2022,Ram,1500 Classic,WARLOCK,8,Gasoline,99045,,,33250,4,,False
2019,Ram,1500 Classic,EXPRESS,6,Flex,79672,,,26000,7,,False
2023,Ram,1500 Classic,EXPRESS,8,Gasoline,29070,,,31000,3,,False
2019,Ram,1500 Classic,EXPRESS,8,Gasoline,227698,,,11750,7,,False
2022,Ram,1500 Classic,WARLOCK,6,Gasoline,32786,,,34500,4,,False
2019,Ram,1500 Classic,TRADESMAN,6,Diesel,360809,,,4200,7,,False
2023,Ram,1500 Classic,EXPRESS,8,Gasoline,48867,,,32000,3,,False
2019,Ram,1500 Classic,EXPRESS,8,Gasoline,125712,,,27750,7,,False
2023,Ram,1500 Classic,EXPRESS,8,Gasoline,23312,,,34400,3,,False
2021,Ram,1500 Classic,WARLOCK,6,Gasoline,180108,,,19250,5,,False
2022,Ram,1500 Classic,WARLOCK,6,Gasoline,51654,,,34500,4,,False
2021,Ram,1500 Classic,WARLOCK,6,Gasoline,104867,,,29600,5,,False
2022,Ram,1500 Classic,EXPRESS,6,Gasoline,33278,,,34800,4,,False
2019,Ram,1500 Classic,EXPRESS,8,Gasoline,125031,,,17200,7,,False
2022,Ram,1500 Classic,EXPRESS,8,Gasoline,68339,,,32000,4,,False
2023,Ram,1500 Classic,SLT,6,Gasoline,56455,,,31000,3,,False
2024,Ram,1500 Classic,WARLOCK,6,Gasoline,32548,,,42500,2,,False
2019,Ram,1500 Classic,WARLOCK,8,Gasoline,134458,,,23200,7,,False
2019,Ram,1500 Classic,WARLOCK,6,Flex,116296,,,26000,7,,False
2019,Ram,1500 Classic,SLT,8,Gasoline,161752,,,13300,7,,False
2022,Ram,1500 Classic,WARLOCK,8,Gasoline,226121,,,15500,4,,False
2019,Ram,1500 Classic,SLT,8,Gasoline,58491,,,26200,7,,False
2022,Ram,1500 Classic,WARLOCK,8,Gasoline,76411,,,32500,4,,False
2024,Ram,1500 Classic,TRADESMAN,8,Gasoline,19650,,,30800,2,,False
2022,Ram,1500 Classic,EXPRESS,6,Gasoline,121936,,,24750,4,,False
2020,Ram,1500 Classic,EXPRESS,8,Gasoline,222306,,,6600,6,,False
2020,Ram,1500 Classic,EXPRESS,8,Gasoline,118844,,,26200,6,,False
2021,Ram,1500 Classic,EXPRESS,8,Gasoline,147210,,,17100,5,,False
2023,Ram,1500 Classic,SLT,8,Gasoline,83584,,,29500,3,,False
2023,Ram,1500 Classic,SLT,8,Gasoline,68504,,,29200,3,,False
2019,Ram,1500 Classic,EXPRESS,8,Gasoline,104281,,,21900,7,,False
2023,Ram,1500 Classic,EXPRESS,6,Gasoline,100344,,,27100,3,,False
2022,Ram,1500 Classic,EXPRESS,8,Gasoline,95551,,,27000,4,,False
2020,Ram,1500 Classic,EXPRESS,8,Gasoline,83001,,,29500,6,,False
2021,Ram,1500 Classic,WARLOCK,8,Gasoline,92760,,,31600,5,,False
2021,Ram,1500 Classic,EXPRESS,6,Gasoline,68396,,,29900,5,,False
2019,Ram,1500 Classic,WARLOCK,8,Gasoline,269822,,,14100,7,,False
2022,Ram,1500 Classic,WARLOCK,8,Gasoline,101916,,,23000,4,,False
2023,Ram,1500 Classic,EXPRESS,6,Gasoline,30593,,,35800,3,,False
2019,Ram,1500 Classic,WARLOCK,8,Gasoline,172110,,,21200,7,,False
2019,Ram,1500 Classic,EXPRESS,8,Gasoline,117677,,,27500,7,,False
2022,Ram,1500 Classic,WARLOCK,8,Gasoline,39962,,,39700,4,,False
2021,Ram,1500 Classic,WARLOCK,8,Gasoline,67661,,,33000,5,,False
2019,Ram,1500 Classic,ST,6,Flex,125324,,,10000,7,,False
2023,Ram,1500 Classic,EXPRESS,8,Gasoline,62186,,,32100,3,,False
2022,Ram,1500 Classic,WARLOCK,6,Gasoline,17447,,,37700,4,,False
2021,Ram,1500 Classic,WARLOCK,6,Gasoline,184738,,,17100,5,,False
2021,Ram,1500 Classic,WARLOCK,6,Gasoline,58131,,,28700,5,,False
2022,Ram,1500 Classic,EXPRESS,8,Gasoline,71089,,,25200,4,,False
2023,Ram,1500 Classic,SLT,8,Gasoline,61099,,,32250,3,,False
2023,Ram,1500 Classic,SLT,8,Gasoline,57138,,,33500,3,,False
2023,Ram,1500 Classic,SLT,8,Gasoline,73949,,,33500,3,,False
2022,Ram,1500 Classic,SLT,8,Gasoline,108586,,,24200,4,,False
2023,Ram,1500 Classic,SLT,8,Gasoline,82134,,,33500,3,,False
2022,Ram,1500 Classic,TRADESMAN,6,Gasoline,70900,,,24500,4,,False
2021,Ram,1500 Classic,EXPRESS,8,Gasoline,142897,,,19000,5,,False
2021,Ram,1500 Classic,WARLOCK,8,Gasoline,70174,,,35200,5,,False
2022,Ram,1500 Classic,WARLOCK,8,Gasoline,104006,,,34750,4,,False
2019,Ram,1500 Classic,EXPRESS,6,Flex,210178,,,9700,7,,False
2019,Ram,1500 Classic,ST,6,Flex,128175,,,19500,7,,False
2021,Ram,1500 Classic,EXPRESS,6,Gasoline,79441,,,26500,5,,False
2021,Ram,1500 Classic,EXPRESS,8,Gasoline,59108,,,29500,5,,False
2022,Ram,1500 Classic,EXPRESS,8,Gasoline,60120,,,29500,4,,False
2019,Ram,1500 Classic,ST,6,Flex,246048,,,6000,7,,False
2022,Ram,1500 Classic,EXPRESS,8,Gasoline,85384,,,31800,4,,False
2020,Ram,1500 Classic,WARLOCK,6,Gasoline,192935,,,16100,6,,False
2022,Ram,1500 Classic,SLT,6,Gasoline,71091,,,29000,4,,False
2021,Ram,1500 Classic,SLT,6,Gasoline,139851,,,22600,5,,False
2019,Ram,1500 Classic,TRADESMAN,6,Flex,120135,,,19900,7,,False
2023,Ram,1500 Classic,TRADESMAN,8,Gasoline,51539,,,20800,3,,False
2022,Ram,1500 Classic,EXPRESS,6,Gasoline,110670,,,25250,4,,False
2020,Ram,1500 Classic,EXPRESS,8,Gasoline,75216,,,26750,6,,False
2022,Ram,1500 Classic,EXPRESS,8,Gasoline,68337,,,28000,4,,False
2022,Ram,1500 Classic,SLT,6,Gasoline,70479,,,25600,4,,False
2023,Ram,1500 Classic,SLT,8,Gasoline,31657,,,36750,3,,False
2023,Ram,1500 Classic,SLT,8,Gasoline,46741,,,30000,3,,False
2021,Ram,1500 Classic,EXPRESS,6,Gasoline,67476,,,31200,5,,False
2019,Ram,1500 Classic,WARLOCK,8,Gasoline,89669,,,32400,7,,False
2022,Ram,1500 Classic,WARLOCK,8,Gasoline,57174,,,35500,4,,False
2019,Ram,1500 Classic,SLT,8,Gasoline,194245,,,8600,7,,False
2022,Ram,1500 Classic,EXPRESS,6,Gasoline,39997,,,30000,4,,False
2019,Ram,1500 Classic,EXPRESS,6,Flex,205604,,,12000,7,,False
2022,Ram,1500 Classic,EXPRESS,8,Gasoline,41167,,,34000,4,,False
2019,Ram,1500 Classic,EXPRESS,8,Gasoline,107839,,,33000,7,,False
2019,Ram,1500 Classic,EXPRESS,8,Gasoline,36962,,,29400,7,,False
2020,Ram,1500 Classic,EXPRESS,8,Gasoline,99473,,,25700,6,,False
2023,Ram,1500 Classic,WARLOCK,6,Gasoline,27160,,,39250,3,,False
2021,Ram,1500 Classic,WARLOCK,6,Gasoline,49268,,,32500,5,,False
2021,Ram,1500 Classic,EXPRESS,8,Gasoline,109460,,,24750,5,,False
2020,Ram,1500 Classic,EXPRESS,8,Gasoline,93833,,,25500,6,,False
2019,Ram,1500 Classic,EXPRESS,8,Gasoline,49870,,,27800,7,,False
2022,Ram,1500 Classic,EXPRESS,8,Gasoline,40196,,,39800,4,,False
2022,Ram,1500 Classic,EXPRESS,8,Gasoline,81763,,,30750,4,,False
2022,Ram,1500 Classic,SLT,6,Gasoline,83773,,,28600,4,,False
2020,Ram,1500 Classic,SLT,6,Gasoline,106377,,,23250,6,,False
2019,Ram,1500 Classic,SLT,8,Gasoline,192009,,,14500,7,,False
2020,Ram,1500 Classic,EXPRESS,8,Gasoline,185025,,,16000,6,,False
2022,Ram,1500 Classic,WARLOCK,8,Gasoline,30559,,,38000,4,,False
2020,Ram,1500 Classic,WARLOCK,8,Gasoline,156233,,,23500,6,,False
2023,Ram,1500 Classic,SLT,8,Gasoline,66564,,,32200,3,,False
2019,Ram,1500 Classic,SLT,8,Gasoline,121893,,,18500,7,,False
2019,Ram,1500 Classic,SLT,8,Gasoline,139196,,,11300,7,,False
2022,Ram,1500 Classic,TRADESMAN,6,Gasoline,70800,,,19700,4,,False
2019,Ram,1500 Classic,EXPRESS,8,Gasoline,74842,,,21700,7,,False
2022,Ram,1500 Classic,EXPRESS,8,Gasoline,45559,,,33800,4,,False
2023,Ram,1500 Classic,SLT,8,Gasoline,78551,,,33000,3,,False
2023,Ram,1500 Classic,SLT,8,Gasoline,57276,,,31000,3,,False
2020,Ram,1500 Classic,TRADESMAN,8,Gasoline,74526,,,19500,6,,False
2021,Ram,1500 Classic,WARLOCK,6,Gasoline,106153,,,21100,5,,False
2019,Ram,1500 Classic,WARLOCK,8,Gasoline,67602,,,34700,7,,False
2019,Ram,1500 Classic,EXPRESS,8,Gasoline,148573,,,19000,7,,False
2019,Ram,1500 Classic,EXPRESS,8,Gasoline,150967,,,17800,7,,False
2019,Ram,1500 Classic,EXPRESS,8,Gasoline,125329,,,27200,7,,False
2020,Ram,1500 Classic,EXPRESS,8,Gasoline,56500,,,28800,6,,False
2019,Ram,1500 Classic,EXPRESS,8,Gasoline,80701,,,14000,7,,False
2021,Ram,1500 Classic,WARLOCK,8,Gasoline,107876,,,29000,5,,False
2022,Ram,1500 Classic,SLT,8,Gasoline,103054,,,27000,4,,False
2021,Ram,1500 Classic,EXPRESS,8,Gasoline,155068,,,16100,5,,False
2022,Ram,1500 Classic,WARLOCK,6,Gasoline,89009,,,28250,4,,False
2019,Ram,1500 Classic,ST,6,Flex,107838,,,20000,7,,False
2021,Ram,1500 Classic,WARLOCK,8,Gasoline,121288,,,25500,5,,False
2021,Ram,1500 Classic,EXPRESS,8,Gasoline,144500,,,21500,5,,False
2022,Ram,1500 Classic,EXPRESS,8,Gasoline,83000,,,32700,4,,False
2022,Ram,1500 Classic,WARLOCK,8,Gasoline,76790,,,34500,4,,False
2024,Ram,1500 Classic,WARLOCK,8,Gasoline,21145,,,44500,2,,False
2023,Ram,1500 Classic,WARLOCK,8,Gasoline,35982,,,40250,3,,False
2019,Ram,1500 Classic,WARLOCK,8,Gasoline,170677,,,25000,7,,False
2023,Ram,1500 Classic,WARLOCK,8,Gasoline,33775,,,43000,3,,False
2022,Ram,1500 Classic,TRADESMAN,6,Gasoline,85915,,,19300,4,,False
2019,Ram,1500 Classic,EXPRESS,6,Flex,118387,,,21250,7,,False
2022,Ram,1500 Classic,EXPRESS,6,Gasoline,38929,,,34000,4,,False
2019,Ram,1500 Classic,ST,8,Gasoline,217761,,,6100,7,,False
2019,Ram,1500 Classic,SLT,6,Flex,200160,,,7300,7,,False
2023,Ram,1500 Classic,EXPRESS,6,Gasoline,85276,,,24750,3,,False
2019,Ram,1500 Classic,ST,8,Gasoline,132343,,,16800,7,,False
2023,Ram,1500 Classic,WARLOCK,6,Gasoline,45968,,,34500,3,,False
2021,Ram,1500 Classic,WARLOCK,6,Gasoline,36321,,,36400,5,,False
2021,Ram,1500 Classic,SLT,6,Gasoline,102786,,,28100,5,,False
2023,Ram,1500 Classic,WARLOCK,6,Gasoline,24099,,,38000,3,,False
2020,Ram,1500 Classic,TRADESMAN,8,Gasoline,55191,,,15400,6,,False
2021,Ram,1500 Classic,EXPRESS,6,Gasoline,99312,,,20000,5,,False
2019,Ram,1500 Classic,EXPRESS,8,Gasoline,115610,,,17000,7,,False
2023,Ram,1500 Classic,EXPRESS,8,Gasoline,23853,,,41000,3,,False
2023,Ram,1500 Classic,EXPRESS,8,Gasoline,54150,,,34900,3,,False
2023,Ram,1500 Classic,EXPRESS,8,Gasoline,34855,,,37000,3,,False
2021,Ram,1500 Classic,WARLOCK,8,Gasoline,132259,,,28500,5,,False
2019,Ram,1500 Classic,WARLOCK,8,Gasoline,180679,,,20400,7,,False
2019,Ram,1500 Classic,WARLOCK,8,Gasoline,97769,,,32000,7,,False
2023,Ram,1500 Classic,WARLOCK,8,Gasoline,20930,,,40700,3,,False
2020,Ram,1500 Classic,WARLOCK,8,Gasoline,259127,,,8300,6,,False
2019,Ram,1500 Classic,SLT,8,Gasoline,128945,,,16500,7,,False
2023,Ram,1500 Classic,SLT,8,Gasoline,23876,,,38000,3,,False
2021,Ram,1500 Classic,WARLOCK,8,Gasoline,127215,,,29750,5,,False
2021,Ram,1500 Classic,WARLOCK,8,Gasoline,47060,,,36000,5,,False
2021,Ram,1500 Classic,WARLOCK,8,Gasoline,62363,,,37000,5,,False
2023,Ram,1500 Classic,EXPRESS,6,Gasoline,19128,,,38000,3,,False
2021,Ram,1500 Classic,EXPRESS,6,Gasoline,289795,,,9000,5,,False
2019,Ram,1500 Classic,EXPRESS,8,Gasoline,157319,,,19500,7,,False
2021,Ram,1500 Classic,EXPRESS,8,Gasoline,86650,,,29000,5,,False
2019,Ram,1500 Classic,TRADESMAN,8,Gasoline,170157,,,9600,7,,False
2019,Ram,1500 Classic,EXPRESS,8,Gasoline,220377,,,10200,7,,False
2022,Ram,1500 Classic,WARLOCK,6,Gasoline,31799,,,36000,4,,False
2022,Ram,1500 Classic,WARLOCK,6,Gasoline,45552,,,36700,4,,False
2021,Ram,1500 Classic,WARLOCK,6,Gasoline,132261,,,23250,5,,False
2023,Ram,1500 Classic,WARLOCK,6,Gasoline,34789,,,42500,3,,False
2022,Ram,1500 Classic,WARLOCK,6,Gasoline,53997,,,33200,4,,False
2023,Ram,1500 Classic,WARLOCK,6,Gasoline,47787,,,36500,3,,False
2021,Ram,1500 Classic,TRADESMAN,6,Gasoline,134647,,,14750,5,,False
2022,Ram,1500 Classic,EXPRESS,8,Gasoline,53396,,,33750,4,,False
2022,Ram,1500 Classic,EXPRESS,8,Gasoline,82513,,,29200,4,,False
2021,Ram,1500 Classic,EXPRESS,8,Gasoline,37263,,,33200,5,,False
2022,Ram,1500 Classic,EXPRESS,8,Gasoline,45234,,,25500,4,,False
2022,Ram,1500 Classic,EXPRESS,8,Gasoline,71967,,,32200,4,,False
2023,Ram,1500 Classic,SLT,8,Gasoline,57142,,,33750,3,,False
2023,Ram,1500 Classic,SLT,8,Gasoline,81774,,,34500,3,,False
2019,Ram,1500 Classic,SLT,8,Gasoline,118302,,,24500,7,,False
2022,Ram,1500 Classic,SLT,8,Gasoline,112277,,,24600,4,,False
2021,Ram,1500 Classic,EXPRESS,6,Gasoline,99764,,,19000,5,,False
2019,Ram,1500 Classic,SLT,8,Gasoline,203922,,,7250,7,,False
2023,Ram,1500 Classic,TRADESMAN,6,Gasoline,176936,,,8500,3,,False
2023,Ram,1500 Classic,EXPRESS,8,Gasoline,14883,,,40100,3,,False
2023,Ram,1500 Classic,EXPRESS,8,Gasoline,65266,,,32500,3,,False
2021,Ram,1500 Classic,WARLOCK,6,Gasoline,113489,,,30100,5,,False
2019,Ram,1500 Classic,WARLOCK,8,Gasoline,89800,,,32500,7,,False
2022,Ram,1500 Classic,EXPRESS,8,Gasoline,66000,,,30100,4,,False
2019,Ram,1500 Classic,EXPRESS,8,Gasoline,233158,,,11700,7,,False
2023,Ram,1500 Classic,TRADESMAN,6,Gasoline,40577,,,28500,3,,False
2021,Ram,1500 Classic,EXPRESS,8,Gasoline,118570,,,22300,5,,False
2022,Ram,1500 Classic,SLT,8,Gasoline,61227,,,28000,4,,False
2023,Ram,1500 Classic,EXPRESS,8,Gasoline,37000,,,37700,3,,False
2019,Ram,1500 Classic,EXPRESS,8,Gasoline,130950,,,25300,7,,False
2022,Ram,1500 Classic,SLT,6,Gasoline,76022,,,30000,4,,False
2019,Ram,1500 Classic,EXPRESS,8,Gasoline,176591,,,19100,7,,False
2022,Ram,1500 Classic,SLT,8,Gasoline,63381,,,27600,4,,False
2023,Ram,1500 Classic,WARLOCK,8,Gasoline,22492,,,41750,3,,False
2021,Ram,1500 Classic,TRADESMAN,6,Gasoline,84410,,,24200,5,,False
2022,Ram,1500 Classic,EXPRESS,8,Gasoline,30843,,,34400,4,,False
2023,Ram,1500 Classic,EXPRESS,6,Gasoline,25732,,,39000,3,,False
2019,Ram,1500 Classic,EXPRESS,8,Gasoline,127389,,,26250,7,,False
2021,Ram,1500 Classic,WARLOCK,6,Gasoline,117883,,,25500,5,,False
2020,Ram,1500 Classic,EXPRESS,8,Gasoline,112747,,,23500,6,,False
2023,Ram,1500 Classic,EXPRESS,8,Gasoline,25113,,,38100,3,,False
2022,Ram,1500 Classic,EXPRESS,8,Gasoline,89586,,,33000,4,,False
2022,Ram,1500 Classic,EXPRESS,8,Gasoline,88162,,,31500,4,,False
2021,Ram,1500 Classic,SLT,8,Gasoline,106474,,,21750,5,,False
2021,Ram,1500 Classic,EXPRESS,8,Gasoline,54477,,,32400,5,,False
2019,Ram,1500 Classic,ST,8,Gasoline,68142,,,17200,7,,False
2021,Ram,1500 Classic,WARLOCK,8,Gasoline,130104,,,30500,5,,False
2021,Ram,1500 Classic,EXPRESS,8,Gasoline,85533,,,23200,5,,False
2022,Ram,1500 Classic,SLT,8,Gasoline,58144,,,32250,4,,False
2022,Ram,1500 Classic,SLT,8,Gasoline,64016,,,28000,4,,False
2021,Ram,1500 Classic,WARLOCK,8,Gasoline,76400,,,37000,5,,False
2022,Ram,1500 Classic,WARLOCK,8,Gasoline,44122,,,40000,4,,False
2022,Ram,1500 Classic,TRADESMAN,8,Gasoline,93015,,,24200,4,,False
2019,Ram,1500 Classic,EXPRESS,8,Gasoline,93097,,,24100,7,,False
2019,Ram,1500 Classic,SLT,6,Flex,109977,,,18400,7,,False
2023,Ram,1500 Classic,EXPRESS,6,Gasoline,38608,,,39500,3,,False
2022,Ram,1500 Classic,EXPRESS,8,Gasoline,35865,,,40000,4,,False
2023,Ram,1500 Classic,SLT,6,Gasoline,38469,,,35500,3,,False
2019,Ram,1500 Classic,SLT,6,Diesel,215546,,,8100,7,,False
2022,Ram,1500 Classic,EXPRESS,8,Gasoline,38036,,,31500,4,,False
2020,Ram,1500 Classic,SLT,6,Gasoline,239000,,,11000,6,,False
2022,Ram,1500 Classic,SLT,6,Gasoline,61882,,,24700,4,,False
2019,Ram,1500 Classic,EXPRESS,8,Gasoline,198544,,,11200,7,,False
2021,Ram,1500 Classic,EXPRESS,6,Gasoline,110795,,,26500,5,,False
2022,Ram,1500 Classic,EXPRESS,6,Gasoline,82989,,,33800,4,,False
2021,Ram,1500 Classic,WARLOCK,8,Gasoline,48852,,,37200,5,,False
2021,Ram,1500 Classic,EXPRESS,8,Gasoline,98689,,,27500,5,,False
2022,Ram,1500 Classic,SLT,8,Gasoline,79500,,,27000,4,,False
2022,Ram,1500 Classic,EXPRESS,8,Gasoline,46000,,,35500,4,,False
2019,Ram,1500 Classic,SLT,6,Diesel,113556,,,15500,7,,False
2019,Ram,1500 Classic,EXPRESS,6,Flex,174938,,,14000,7,,False
2019,Ram,1500 Classic,EXPRESS,8,Gasoline,129920,,,22500,7,,False
2019,Ram,1500 Classic,EXPRESS,8,Gasoline,313757,,,3100,7,,False
2019,Ram,1500 Classic,EXPRESS,8,Gasoline,139946,,,20700,7,,False
2022,Ram,1500 Classic,WARLOCK,8,Gasoline,26160,,,41250,4,,False
2022,Ram,1500 Classic,WARLOCK,8,Gasoline,61488,,,37000,4,,False
2023,Ram,1500 Classic,WARLOCK,8,Gasoline,38922,,,41800,3,,False
2019,Ram,1500 Classic,TRADESMAN,8,Gasoline,135669,,,22100,7,,False
2023,Ram,1500 Classic,SLT,8,Gasoline,35424,,,32750,3,,False
2022,Ram,1500 Classic,SLT,8,Gasoline,69201,,,33000,4,,False
2022,Ram,1500 Classic,WARLOCK,8,Gasoline,63939,,,37000,4,,False
2023,Ram,1500 Classic,WARLOCK,8,Gasoline,30013,,,42500,3,,False
2022,Ram,1500 Classic,WARLOCK,8,Gasoline,81040,,,35750,4,,False
2021,Ram,1500 Classic,TRADESMAN,8,Gasoline,156045,,,15000,5,,False
2022,Ram,1500 Classic,WARLOCK,6,Gasoline,44178,,,34500,4,,False
2019,Ram,1500 Classic,SLT,6,Diesel,148758,,,16500,7,,False
2022,Ram,1500 Classic,WARLOCK,8,Gasoline,100632,,,30750,4,,False
2023,Ram,1500 Classic,EXPRESS,6,Gasoline,47183,,,32300,3,,False
2019,Ram,1500 Classic,EXPRESS,8,Gasoline,173720,,,16800,7,,False
2019,Ram,1500 Classic,EXPRESS,8,Gasoline,98578,,,29000,7,,False
2023,Ram,1500 Classic,WARLOCK,6,Gasoline,77404,,,34500,3,,False
2022,Ram,1500 Classic,WARLOCK,6,Gasoline,39870,,,35000,4,,False
2023,Ram,1500 Classic,WARLOCK,6,Gasoline,36495,,,39000,3,,False
2021,Ram,1500 Classic,EXPRESS,8,Gasoline,58999,,,31300,5,,False
2023,Ram,1500 Classic,SLT,8,Gasoline,42259,,,23250,3,,False
2022,Ram,1500 Classic,EXPRESS,8,Gasoline,115533,,,29100,4,,False
2021,Ram,1500 Classic,EXPRESS,8,Gasoline,54961,,,32500,5,,False
2021,Ram,1500 Classic,WARLOCK,8,Gasoline,100282,,,31000,5,,False
2023,Ram,1500 Classic,WARLOCK,8,Gasoline,11207,,,46600,3,,False
2021,Ram,1500 Classic,WARLOCK,8,Gasoline,90604,,,33500,5,,False
2021,Ram,1500 Classic,WARLOCK,8,Gasoline,107067,,,33000,5,,False
2021,Ram,1500 Classic,WARLOCK,8,Gasoline,220833,,,18500,5,,False
2021,Ram,1500 Classic,EXPRESS,6,Gasoline,218220,,,20500,5,,False
2019,Ram,1500 Classic,EXPRESS,8,Gasoline,95642,,,30500,7,,False
2024,Ram,1500 Classic,WARLOCK,6,Gasoline,19576,,,41000,2,,False
2023,Ram,1500 Classic,SLT,6,Gasoline,23468,,,31500,3,,False
2023,Ram,1500 Classic,WARLOCK,6,Gasoline,118202,,,31500,3,,False
2020,Ram,1500 Classic,TRADESMAN,8,Gasoline,180988,,,13000,6,,False
2020,Ram,1500 Classic,TRADESMAN,8,Gasoline,77068,,,22000,6,,False
2022,Ram,1500 Classic,TRADESMAN,6,Gasoline,40761,,,28500,4,,False
2021,Ram,1500 Classic,EXPRESS,8,Gasoline,62110,,,28500,5,,False
2022,Ram,1500 Classic,SLT,6,Gasoline,63192,,,30200,4,,False
2020,Ram,1500 Classic,SLT,6,Gasoline,52066,,,27400,6,,False
2023,Ram,1500 Classic,SLT,8,Gasoline,71113,,,34000,3,,False
2023,Ram,1500 Classic,SLT,8,Gasoline,66392,,,30300,3,,False
2021,Ram,1500 Classic,EXPRESS,8,Gasoline,115651,,,25000,5,,False
2021,Ram,1500 Classic,EXPRESS,6,Gasoline,102968,,,27500,5,,False
2023,Ram,1500 Classic,SLT,8,Gasoline,147600,,,26400,3,,False
2019,Ram,1500 Classic,EXPRESS,8,Gasoline,218757,,,9200,7,,False
2022,Ram,1500 Classic,EXPRESS,8,Gasoline,65887,,,28600,4,,False
2019,Ram,1500 Classic,EXPRESS,8,Gasoline,94562,,,17009,7,,False
2020,Ram,1500 Classic,EXPRESS,8,Gasoline,34692,,,31300,6,,False
2022,Ram,1500 Classic,EXPRESS,8,Gasoline,45502,,,32000,4,,False
2022,Ram,1500 Classic,SLT,6,Gasoline,179896,,,16300,4,,False
2020,Ram,1500 Classic,WARLOCK,8,Gasoline,57675,,,36500,6,,False
2019,Ram,1500 Classic,EXPRESS,8,Gasoline,191578,,,17000,7,,False
2023,Ram,1500 Classic,WARLOCK,6,Gasoline,56796,,,38500,3,,False
2023,Ram,1500 Classic,WARLOCK,8,Gasoline,11062,,,48500,3,,False
2021,Ram,1500 Classic,EXPRESS,8,Gasoline,86458,,,26700,5,,False
2021,Ram,1500 Classic,WARLOCK,6,Gasoline,75577,,,26700,5,,False
2019,Ram,1500 Classic,EXPRESS,8,Gasoline,113057,,,20500,7,,False
2023,Ram,1500 Classic,EXPRESS,6,Gasoline,50733,,,36100,3,,False
2019,Ram,1500 Classic,EXPRESS,6,Flex,190734,,,14600,7,,False
2021,Ram,1500 Classic,WARLOCK,8,Gasoline,81587,,,30000,5,,False
2019,Ram,1500 Classic,EXPRESS,8,Gasoline,131033,,,22100,7,,False
2022,Ram,1500 Classic,EXPRESS,6,Gasoline,54059,,,34100,4,,False
2019,Ram,1500 Classic,WARLOCK,8,Gasoline,156761,,,16500,7,,False
2023,Ram,1500 Classic,WARLOCK,8,Gasoline,28253,,,41000,3,,False
2022,Ram,1500 Classic,EXPRESS,6,Gasoline,47688,,,32000,4,,False
2022,Ram,1500 Classic,EXPRESS,8,Gasoline,125428,,,26100,4,,False
2023,Ram,1500 Classic,EXPRESS,8,Gasoline,38192,,,34800,3,,False
2019,Ram,1500 Classic,EXPRESS,8,Gasoline,133618,,,21700,7,,False
2023,Ram,1500 Classic,WARLOCK,6,Gasoline,17589,,,41000,3,,False
2021,Ram,1500 Classic,WARLOCK,6,Gasoline,113843,,,28000,5,,False
2023,Ram,1500 Classic,WARLOCK,6,Gasoline,28023,,,40500,3,,False
2023,Ram,1500 Classic,WARLOCK,6,Gasoline,48110,,,37000,3,,False
2021,Ram,1500 Classic,EXPRESS,8,Gasoline,114911,,,24000,5,,False
2021,Ram,1500 Classic,EXPRESS,8,Gasoline,136629,,,24200,5,,False
2021,Ram,1500 Classic,EXPRESS,8,Gasoline,36259,,,29200,5,,False
2021,Ram,1500 Classic,EXPRESS,8,Gasoline,77604,,,28200,5,,False
2021,Ram,1500 Classic,EXPRESS,8,Gasoline,119109,,,26200,5,,False
2019,Ram,1500 Classic,EXPRESS,6,Flex,193709,,,12800,7,,False
2019,Ram,1500 Classic,WARLOCK,8,Gasoline,149566,,,24000,7,,False
2021,Ram,1500 Classic,WARLOCK,8,Gasoline,93506,,,31500,5,,False
2021,Ram,1500 Classic,WARLOCK,8,Gasoline,178624,,,22600,5,,False
2021,Ram,1500 Classic,WARLOCK,8,Gasoline,97708,,,29600,5,,False
2022,Ram,1500 Classic,WARLOCK,8,Gasoline,79551,,,33750,4,,False
2021,Ram,1500 Classic,WARLOCK,8,Gasoline,71879,,,35250,5,,False
2021,Ram,1500 Classic,SLT,8,Gasoline,89659,,,27300,5,,False
2022,Ram,1500 Classic,SLT,8,Gasoline,38954,,,33500,4,,False
2019,Ram,1500 Classic,WARLOCK,8,Gasoline,85989,,,33750,7,,False
2023,Ram,1500 Classic,EXPRESS,6,Gasoline,34580,,,34000,3,,False
2019,Ram,1500 Classic,EXPRESS,6,Flex,165377,,,14500,7,,False
2019,Ram,1500 Classic,EXPRESS,6,Flex,95639,,,23500,7,,False
2019,Ram,1500 Classic,ST,8,Gasoline,202751,,,7200,7,,False
2019,Ram,1500 Classic,EXPRESS,8,Gasoline,133153,,,22200,7,,False
2021,Ram,1500 Classic,WARLOCK,6,Gasoline,75103,,,34000,5,,False
2022,Ram,1500 Classic,WARLOCK,8,Gasoline,69481,,,35000,4,,False
2023,Ram,1500 Classic,EXPRESS,6,Gasoline,18909,,,37500,3,,False
2020,Ram,1500 Classic,TRADESMAN,8,Gasoline,104438,,,19500,6,,False
2020,Ram,1500 Classic,EXPRESS,8,Gasoline,236129,,,11000,6,,False
2019,Ram,1500 Classic,EXPRESS,8,Gasoline,100355,,,18000,7,,False
2021,Ram,1500 Classic,EXPRESS,8,Gasoline,156501,,,20500,5,,False
2022,Ram,1500 Classic,EXPRESS,8,Gasoline,128371,,,28000,4,,False
2023,Ram,1500 Classic,EXPRESS,8,Gasoline,36713,,,38600,3,,False
2023,Ram,1500 Classic,SLT,6,Gasoline,68229,,,30750,3,,False
2023,Ram,1500 Classic,SLT,8,Gasoline,37213,,,35250,3,,False
2022,Ram,1500 Classic,WARLOCK,8,Gasoline,69258,,,37000,4,,False
2021,Ram,1500 Classic,WARLOCK,8,Gasoline,113074,,,30000,5,,False
2019,Ram,1500 Classic,WARLOCK,8,Gasoline,122803,,,31100,7,,False
2022,Ram,1500 Classic,SLT,8,Gasoline,54420,,,30100,4,,False
2022,Ram,1500 Classic,WARLOCK,8,Gasoline,33278,,,38000,4,,False
2019,Ram,1500 Classic,WARLOCK,8,Gasoline,147283,,,23800,7,,False
2022,Ram,1500 Classic,EXPRESS,6,Gasoline,86643,,,32200,4,,False
2019,Ram,1500 Classic,ST,6,Flex,83183,,,20750,7,,False
2022,Ram,1500 Classic,EXPRESS,8,Gasoline,26972,,,44000,4,,False
2019,Ram,1500 Classic,SLT,6,Diesel,300671,,,4400,7,,False
2023,Ram,1500 Classic,EXPRESS,8,Gasoline,29559,,,34500,3,,False
2021,Ram,1500 Classic,EXPRESS,6,Gasoline,80156,,,12500,5,,False
2021,Ram,1500 Classic,WARLOCK,6,Gasoline,111046,,,24300,5,,False
2020,Ram,1500 Classic,EXPRESS,8,Gasoline,69564,,,28500,6,,False
2023,Ram,1500 Classic,SLT,8,Gasoline,43000,,,32200,3,,False
2019,Ram,1500 Classic,EXPRESS,8,Gasoline,211733,,,11500,7,,False
2022,Ram,1500 Classic,EXPRESS,8,Gasoline,61900,,,33700,4,,False
2021,Ram,1500 Classic,EXPRESS,8,Gasoline,130546,,,21200,5,,False
2019,Ram,1500 Classic,EXPRESS,8,Gasoline,67630,,,23000,7,,False
2022,Ram,1500 Classic,SLT,8,Gasoline,97705,,,30400,4,,False
2019,Ram,1500 Classic,EXPRESS,8,Gasoline,118889,,,26200,7,,False
2019,Ram,1500 Classic,EXPRESS,8,Gasoline,78369,,,30600,7,,False
2019,Ram,1500 Classic,EXPRESS,8,Gasoline,87549,,,27000,7,,False
2021,Ram,1500 Classic,SLT,6,Gasoline,234643,,,11400,5,,False
2021,Ram,1500 Classic,EXPRESS,8,Gasoline,223951,,,12000,5,,False
2020,Ram,1500 Classic,EXPRESS,8,Gasoline,176717,,,15000,6,,False
2019,Ram,1500 Classic,EXPRESS,8,Gasoline,104394,,,25400,7,,False
2019,Ram,1500 Classic,EXPRESS,8,Gasoline,79643,,,29400,7,,False
2020,Ram,1500 Classic,WARLOCK,8,Gasoline,105677,,,29900,6,,False
2022,Ram,1500 Classic,WARLOCK,8,Gasoline,108584,,,32800,4,,False
2020,Ram,1500 Classic,WARLOCK,8,Gasoline,86666,,,32500,6,,False
2023,Ram,1500 Classic,EXPRESS,8,Gasoline,50006,,,39250,3,,False
2020,Ram,1500 Classic,EXPRESS,8,Gasoline,97517,,,16000,6,,False
2022,Ram,1500 Classic,TRADESMAN,6,Gasoline,52037,,,32500,4,,False
2019,Ram,1500 Classic,EXPRESS,6,Flex,173584,,,16200,7,,False
2019,Ram,1500 Classic,EXPRESS,8,Gasoline,80659,,,22700,7,,False
2019,Ram,1500 Classic,WARLOCK,8,Gasoline,167048,,,23300,7,,False
2022,Ram,1500 Classic,WARLOCK,8,Gasoline,23134,,,41000,4,,False
2023,Ram,1500 Classic,SLT,8,Gasoline,34898,,,34000,3,,False
2023,Ram,1500 Classic,WARLOCK,8,Gasoline,19459,,,43500,3,,False
2023,Ram,1500 Classic,WARLOCK,8,Gasoline,64307,,,42500,3,,False
2022,Ram,1500 Classic,WARLOCK,8,Gasoline,22904,,,39750,4,,False
2023,Ram,1500 Classic,WARLOCK,8,Gasoline,45411,,,43250,3,,False
2022,Ram,1500 Classic,SLT,8,Gasoline,42052,,,39000,4,,False
2021,Ram,1500 Classic,TRADESMAN,6,Gasoline,72563,,,20000,5,,False
2023,Ram,1500 Classic,EXPRESS,6,Gasoline,39586,,,36200,3,,False
2021,Ram,1500 Classic,EXPRESS,6,Gasoline,70077,,,29100,5,,False
2022,Ram,1500 Classic,WARLOCK,8,Gasoline,53311,,,35800,4,,False
2023,Ram,1500 Classic,EXPRESS,6,Gasoline,100030,,,27000,3,,False
2023,Ram,1500 Classic,WARLOCK,6,Gasoline,46742,,,35000,3,,False
2023,Ram,1500 Classic,WARLOCK,6,Gasoline,22946,,,41500,3,,False
2021,Ram,1500 Classic,WARLOCK,6,Gasoline,97181,,,25500,5,,False
2022,Ram,1500 Classic,WARLOCK,6,Gasoline,49996,,,34000,4,,False
2023,Ram,1500 Classic,WARLOCK,6,Gasoline,30055,,,38250,3,,False
2021,Ram,1500 Classic,EXPRESS,6,Gasoline,102845,,,22250,5,,False
2022,Ram,1500 Classic,EXPRESS,8,Gasoline,100213,,,26400,4,,False
2021,Ram,1500 Classic,EXPRESS,8,Gasoline,195010,,,14800,5,,False
2023,Ram,1500 Classic,SLT,8,Gasoline,25269,,,34250,3,,False
2022,Ram,1500 Classic,EXPRESS,8,Gasoline,63882,,,31700,4,,False
2022,Ram,1500 Classic,SLT,8,Gasoline,46781,,,32750,4,,False
2022,Ram,1500 Classic,WARLOCK,8,Gasoline,140128,,,29000,4,,False
2021,Ram,1500 Classic,WARLOCK,8,Gasoline,69778,,,33800,5,,False
2019,Ram,1500 Classic,WARLOCK,8,Gasoline,118820,,,31750,7,,False
2019,Ram,1500 Classic,WARLOCK,8,Gasoline,85982,,,34000,7,,False
2021,Ram,1500 Classic,EXPRESS,6,Gasoline,69528,,,25250,5,,False
2021,Ram,1500 Classic,EXPRESS,6,Gasoline,123273,,,20250,5,,False
2021,Ram,1500 Classic,EXPRESS,6,Gasoline,107871,,,25750,5,,False
2023,Ram,1500 Classic,EXPRESS,6,Gasoline,21004,,,36250,3,,False
2023,Ram,1500 Classic,EXPRESS,6,Gasoline,26009,,,35200,3,,False
2022,Ram,1500 Classic,EXPRESS,6,Gasoline,41821,,,33750,4,,False
2022,Ram,1500 Classic,TRADESMAN,6,Gasoline,47269,,,27500,4,,False
2019,Ram,1500 Classic,EXPRESS,6,Flex,220976,,,12200,7,,False
2019,Ram,1500 Classic,EXPRESS,8,Gasoline,226857,,,10500,7,,False
2023,Ram,1500 Classic,EXPRESS,6,Gasoline,31053,,,39700,3,,False
2023,Ram,1500 Classic,EXPRESS,6,Gasoline,46363,,,39750,3,,False
2023,Ram,1500 Classic,EXPRESS,6,Gasoline,51888,,,40000,3,,False
2023,Ram,1500 Classic,WARLOCK,6,Gasoline,75300,,,39200,3,,False
2023,Ram,1500 Classic,WARLOCK,6,Gasoline,40939,,,37250,3,,False
2022,Ram,1500 Classic,WARLOCK,6,Gasoline,40037,,,37750,4,,False
2023,Ram,1500 Classic,WARLOCK,6,Gasoline,26792,,,39500,3,,False
2022,Ram,1500 Classic,EXPRESS,8,Gasoline,51944,,,36400,4,,False
2020,Ram,1500 Classic,EXPRESS,8,Gasoline,79375,,,26800,6,,False
2021,Ram,1500 Classic,EXPRESS,8,Gasoline,92023,,,28200,5,,False
2021,Ram,1500 Classic,EXPRESS,8,Gasoline,228179,,,14000,5,,False
2022,Ram,1500 Classic,EXPRESS,8,Gasoline,58249,,,33250,4,,False
2022,Ram,1500 Classic,EXPRESS,8,Gasoline,68123,,,34000,4,,False
2021,Ram,1500 Classic,EXPRESS,8,Gasoline,80222,,,27100,5,,False
2022,Ram,1500 Classic,WARLOCK,8,Gasoline,98003,,,34600,4,,False
2023,Ram,1500 Classic,SLT,8,Gasoline,83515,,,28000,3,,False
2021,Ram,1500 Classic,WARLOCK,8,Gasoline,142131,,,27300,5,,False
2021,Ram,1500 Classic,EXPRESS,8,Gasoline,98580,,,21500,5,,False
2021,Ram,1500 Classic,TRADESMAN,6,Gasoline,179117,,,14000,5,,False
2021,Ram,1500 Classic,WARLOCK,8,Gasoline,73645,,,32000,5,,False
2021,Ram,1500 Classic,WARLOCK,8,Gasoline,40677,,,33400,5,,False
2022,Ram,1500 Classic,WARLOCK,8,Gasoline,29391,,,40000,4,,False
2019,Ram,1500 Classic,ST,6,Flex,146712,,,9800,7,,False
2019,Ram,1500 Classic,ST,8,Gasoline,175171,,,14800,7,,False
2024,Ram,1500 Classic,TRADESMAN,8,Gasoline,22926,,,37100,2,,False
2023,Ram,1500 Classic,TRADESMAN,6,Gasoline,41651,,,23000,3,,False
2019,Ram,1500 Classic,EXPRESS,8,Gasoline,141299,,,10000,7,,False
2023,Ram,1500 Classic,SLT,8,Gasoline,53543,,,34200,3,,False
2022,Ram,1500 Classic,SLT,8,Gasoline,77524,,,30100,4,,False
2022,Ram,1500 Classic,EXPRESS,8,Gasoline,53065,,,36200,4,,False
2019,Ram,1500 Classic,SLT,8,Gasoline,329091,,,4400,7,,False
2021,Ram,1500 Classic,WARLOCK,8,Gasoline,133676,,,26300,5,,False
2020,Ram,1500 Classic,EXPRESS,8,Gasoline,44375,,,33200,6,,False
2019,Ram,1500 Classic,SLT,8,Gasoline,142055,,,14500,7,,False
2022,Ram,1500 Classic,WARLOCK,8,Gasoline,76811,,,39500,4,,False
2021,Ram,1500 Classic,EXPRESS,8,Gasoline,243847,,,9500,5,,False
2019,Ram,1500 Classic,EXPRESS,8,Gasoline,141188,,,25000,7,,False
2023,Ram,1500 Classic,SLT,8,Gasoline,72800,,,28464,3,,False
2021,Ram,1500 Classic,WARLOCK,6,Gasoline,158888,,,24000,5,,False
2022,Ram,1500 Classic,WARLOCK,8,Gasoline,21588,,,40000,4,,False
2022,Ram,1500 Classic,EXPRESS,8,Gasoline,109782,,,30300,4,,False
2021,Ram,1500 Classic,EXPRESS,8,Gasoline,95636,,,27000,5,,False
2022,Ram,1500 Classic,WARLOCK,8,Gasoline,105070,,,30000,4,,False
2019,Ram,1500 Classic,ST,6,Flex,117336,,,8800,7,,False
2023,Ram,1500 Classic,WARLOCK,8,Gasoline,20669,,,43500,3,,False
2022,Ram,1500 Classic,SLT,8,Gasoline,29413,,,33750,4,,False
2021,Ram,1500 Classic,WARLOCK,8,Gasoline,77231,,,33750,5,,False
2022,Ram,1500 Classic,WARLOCK,8,Gasoline,51682,,,26000,4,,False
2022,Ram,1500 Classic,WARLOCK,8,Gasoline,181078,,,16100,4,,False
2021,Ram,1500 Classic,WARLOCK,8,Gasoline,128626,,,29500,5,,False
2023,Ram,1500 Classic,EXPRESS,8,Gasoline,19771,,,38750,3,,False
2019,Ram,1500 Classic,EXPRESS,8,Gasoline,114960,,,20300,7,,False
2023,Ram,1500 Classic,WARLOCK,6,Gasoline,39678,,,40000,3,,False
2022,Ram,1500 Classic,WARLOCK,6,Gasoline,75427,,,33250,4,,False
2022,Ram,1500 Classic,EXPRESS,8,Gasoline,33600,,,37200,4,,False
2019,Ram,1500 Classic,EXPRESS,8,Gasoline,141817,,,16000,7,,False
2022,Ram,1500 Classic,EXPRESS,8,Gasoline,158091,,,23900,4,,False
2021,Ram,1500 Classic,EXPRESS,8,Gasoline,161564,,,14000,5,,False
2020,Ram,1500 Classic,EXPRESS,8,Gasoline,119401,,,26000,6,,False
2019,Ram,1500 Classic,SLT,6,Diesel,167799,,,13800,7,,False
2023,Ram,1500 Classic,WARLOCK,8,Gasoline,31978,,,43500,3,,False
2022,Ram,1500 Classic,EXPRESS,8,Gasoline,12604,,,41000,4,,False
2023,Ram,1500 Classic,WARLOCK,8,Gasoline,30260,,,41500,3,,False
2022,Ram,1500 Classic,SLT,8,Gasoline,40425,,,37750,4,,False
2021,Ram,1500 Classic,SLT,8,Gasoline,64668,,,31000,5,,False
2021,Ram,1500 Classic,WARLOCK,8,Gasoline,87400,,,21000,5,,False
2021,Ram,1500 Classic,WARLOCK,8,Gasoline,127082,,,25600,5,,False
2019,Ram,1500 Classic,WARLOCK,8,Gasoline,114293,,,28100,7,,False
2021,Ram,1500 Classic,WARLOCK,8,Gasoline,172852,,,21000,5,,False
2023,Ram,1500 Classic,SLT,8,Gasoline,35979,,,37750,3,,False
2021,Ram,1500 Classic,WARLOCK,8,Gasoline,61432,,,35500,5,,False
2019,Ram,1500 Classic,SLT,8,Gasoline,329081,,,3100,7,,False
2023,Ram,1500 Classic,EXPRESS,6,Gasoline,37399,,,38000,3,,False
2022,Ram,1500 Classic,EXPRESS,8,Gasoline,48341,,,36400,4,,False
2022,Ram,1500 Classic,WARLOCK,6,Gasoline,54621,,,36300,4,,False
2020,Ram,1500 Classic,SLT,6,Gasoline,214213,,,13500,6,,False
2023,Ram,1500 Classic,EXPRESS,6,Gasoline,54863,,,37500,3,,False
2023,Ram,1500 Classic,EXPRESS,6,Gasoline,46359,,,39200,3,,False
2023,Ram,1500 Classic,EXPRESS,6,Gasoline,36382,,,39200,3,,False
2019,Ram,1500 Classic,EXPRESS,8,Gasoline,97737,,,28200,7,,False
2019,Ram,1500 Classic,EXPRESS,8,Gasoline,126539,,,26000,7,,False
2023,Ram,1500 Classic,WARLOCK,6,Gasoline,38540,,,43500,3,,False
2022,Ram,1500 Classic,SLT,6,Gasoline,71967,,,29250,4,,False
2023,Ram,1500 Classic,WARLOCK,6,Gasoline,39331,,,38250,3,,False
2023,Ram,1500 Classic,TRADESMAN,6,Gasoline,35881,,,32000,3,,False
2020,Ram,1500 Classic,EXPRESS,8,Gasoline,127919,,,22750,6,,False
2022,Ram,1500 Classic,EXPRESS,8,Gasoline,85115,,,26250,4,,False
2023,Ram,1500 Classic,SLT,6,Gasoline,85793,,,32500,3,,False
2019,Ram,1500 Classic,WARLOCK,8,Gasoline,387738,,,5000,7,,False
2021,Ram,1500 Classic,WARLOCK,8,Gasoline,89765,,,32400,5,,False
2022,Ram,1500 Classic,WARLOCK,8,Gasoline,70190,,,39750,4,,False
2021,Ram,1500 Classic,EXPRESS,8,Gasoline,127932,,,20750,5,,False
2019,Ram,1500 Classic,WARLOCK,6,Flex,111760,,,26000,7,,False
2019,Ram,1500 Classic,SLT,6,Diesel,137402,,,10300,7,,False
2023,Ram,1500 Classic,EXPRESS,8,Gasoline,55778,,,28500,3,,False
2021,Ram,1500 Classic,EXPRESS,8,Gasoline,106097,,,28100,5,,False
2019,Ram,1500 Classic,EXPRESS,8,Gasoline,231175,,,11200,7,,False
2022,Ram,1500 Classic,EXPRESS,8,Gasoline,105250,,,30500,4,,False
2021,Ram,1500 Classic,EXPRESS,8,Gasoline,159576,,,21000,5,,False
2019,Ram,1500 Classic,EXPRESS,8,Gasoline,211545,,,10000,7,,False
2022,Ram,1500 Classic,SLT,6,Gasoline,100575,,,28500,4,,False
2021,Ram,1500 Classic,EXPRESS,6,Gasoline,255120,,,12500,5,,False
2022,Ram,1500 Classic,EXPRESS,8,Gasoline,109148,,,25000,4,,False
2019,Ram,1500 Classic,EXPRESS,8,Gasoline,231166,,,7300,7,,False
2019,Ram,1500 Classic,EXPRESS,8,Gasoline,67562,,,28200,7,,False
2019,Ram,1500 Classic,SLT,8,Gasoline,145181,,,14100,7,,False
2019,Ram,1500 Classic,ST,6,Flex,106017,,,18500,7,,False
2019,Ram,1500 Classic,EXPRESS,8,Gasoline,198629,,,7600,7,,False
2021,Ram,1500 Classic,WARLOCK,6,Gasoline,88045,,,29500,5,,False
2023,Ram,1500 Classic,SLT,6,Gasoline,59608,,,31250,3,,False
2023,Ram,1500 Classic,SLT,8,Gasoline,58257,,,33500,3,,False
2021,Ram,1500 Classic,WARLOCK,6,Gasoline,103999,,,32200,5,,False
2019,Ram,1500 Classic,EXPRESS,8,Gasoline,219624,,,13500,7,,False
2020,Ram,1500 Classic,EXPRESS,8,Gasoline,184307,,,15800,6,,False
2019,Ram,1500 Classic,EXPRESS,8,Gasoline,220179,,,12000,7,,False
2019,Ram,1500 Classic,ST,6,Flex,156674,,,18000,7,,False
2021,Ram,1500 Classic,EXPRESS,8,Gasoline,95540,,,29200,5,,False
2021,Ram,1500 Classic,WARLOCK,8,Gasoline,72110,,,30500,5,,False
2023,Ram,1500 Classic,WARLOCK,8,Gasoline,31693,,,42250,3,,False
2022,Ram,1500 Classic,WARLOCK,8,Gasoline,52370,,,37750,4,,False
2021,Ram,1500 Classic,WARLOCK,8,Gasoline,93768,,,31250,5,,False
2022,Ram,1500 Classic,EXPRESS,6,Gasoline,45713,,,33000,4,,False
2019,Ram,1500 Classic,EXPRESS,8,Gasoline,193951,,,14500,7,,False
2023,Ram,1500 Classic,WARLOCK,6,Gasoline,24856,,,40000,3,,False
2022,Ram,1500 Classic,WARLOCK,6,Gasoline,92139,,,32500,4,,False
2021,Ram,1500 Classic,EXPRESS,8,Gasoline,200238,,,11800,5,,False
2020,Ram,1500 Classic,EXPRESS,8,Gasoline,155301,,,21500,6,,False
2022,Ram,1500 Classic,EXPRESS,8,Gasoline,42228,,,37900,4,,False
2023,Ram,1500 Classic,EXPRESS,8,Gasoline,34278,,,39250,3,,False
2021,Ram,1500 Classic,WARLOCK,8,Gasoline,121881,,,27500,5,,False
2023,Ram,1500 Classic,SLT,8,Gasoline,86703,,,33100,3,,False
2022,Ram,1500 Classic,SLT,8,Gasoline,65150,,,33200,4,,False
2022,Ram,1500 Classic,WARLOCK,8,Gasoline,75163,,,35500,4,,False
2023,Ram,1500 Classic,WARLOCK,8,Gasoline,47459,,,44500,3,,False
2022,Ram,1500 Classic,WARLOCK,8,Gasoline,81568,,,35500,4,,False
2023,Ram,1500 Classic,SLT,8,Gasoline,171044,,,21000,3,,False
2022,Ram,1500 Classic,WARLOCK,8,Gasoline,72628,,,36250,4,,False
2019,Ram,1500 Classic,WARLOCK,8,Gasoline,95073,,,33800,7,,False
2019,Ram,1500 Classic,EXPRESS,6,Flex,107674,,,21500,7,,False
2023,Ram,1500 Classic,EXPRESS,6,Gasoline,17755,,,38000,3,,False
2023,Ram,1500 Classic,EXPRESS,8,Gasoline,38539,,,35500,3,,False
2022,Ram,1500 Classic,SLT,6,Gasoline,98238,,,27500,4,,False
2023,Ram,1500 Classic,EXPRESS,6,Gasoline,12389,,,39600,3,,False
2023,Ram,1500 Classic,EXPRESS,6,Gasoline,30799,,,38800,3,,False
2022,Ram,1500 Classic,EXPRESS,6,Gasoline,49229,,,36400,4,,False
2023,Ram,1500 Classic,EXPRESS,6,Gasoline,72172,,,34000,3,,False
2019,Ram,1500 Classic,EXPRESS,8,Gasoline,130730,,,22600,7,,False
2022,Ram,1500 Classic,SLT,6,Gasoline,66209,,,32500,4,,False
2023,Ram,1500 Classic,WARLOCK,6,Gasoline,24491,,,43000,3,,False
2023,Ram,1500 Classic,SLT,6,Gasoline,42801,,,35750,3,,False
2019,Ram,1500 Classic,SLT,6,Diesel,201223,,,9250,7,,False
2023,Ram,1500 Classic,EXPRESS,6,Gasoline,66100,,,39750,3,,False
2023,Ram,1500 Classic,TRADESMAN,6,Gasoline,35881,,,29300,3,,False
2021,Ram,1500 Classic,EXPRESS,6,Gasoline,47405,,,28600,5,,False
2023,Ram,1500 Classic,EXPRESS,8,Gasoline,19763,,,41800,3,,False
2023,Ram,1500 Classic,EXPRESS,8,Gasoline,84712,,,33900,3,,False
2023,Ram,1500 Classic,EXPRESS,8,Gasoline,35780,,,25000,3,,False
2023,Ram,1500 Classic,SLT,6,Gasoline,60848,,,32000,3,,False
2021,Ram,1500 Classic,EXPRESS,8,Gasoline,85087,,,29000,5,,False
2019,Ram,1500 Classic,EXPRESS,8,Gasoline,118989,,,21500,7,,False
2021,Ram,1500 Classic,WARLOCK,6,Gasoline,154598,,,26400,5,,False
2023,Ram,1500 Classic,WARLOCK,8,Gasoline,63279,,,36500,3,,False
2019,Ram,1500 Classic,EXPRESS,8,Gasoline,160804,,,14300,7,,False
2019,Ram,1500 Classic,TRADESMAN,8,Gasoline,226048,,,6000,7,,False
2023,Ram,1500 Classic,EXPRESS,8,Gasoline,23042,,,31300,3,,False
2022,Ram,1500 Classic,EXPRESS,8,Gasoline,119186,,,31000,4,,False
2023,Ram,1500 Classic,SLT,6,Gasoline,71957,,,29300,3,,False
2022,Ram,1500 Classic,SLT,8,Gasoline,19451,,,33750,4,,False
2019,Ram,1500 Classic,EXPRESS,8,Gasoline,140150,,,21900,7,,False
2021,Ram,1500 Classic,EXPRESS,8,Gasoline,78480,,,31000,5,,False
2019,Ram,1500 Classic,EXPRESS,8,Gasoline,144505,,,23300,7,,False
2020,Ram,1500 Classic,EXPRESS,8,Gasoline,82175,,,24300,6,,False
2022,Ram,1500 Classic,WARLOCK,8,Gasoline,64974,,,33700,4,,False
2019,Ram,1500 Classic,EXPRESS,8,Gasoline,190763,,,8000,7,,False
2019,Ram,1500 Classic,EXPRESS,8,Gasoline,229205,,,13100,7,,False
2019,Ram,1500 Classic,SLT,6,Diesel,228770,,,10900,7,,False
2019,Ram,1500 Classic,EXPRESS,6,Flex,133800,,,19950,7,,False
2020,Ram,1500 Classic,EXPRESS,8,Gasoline,146233,,,16500,6,,False
2019,Ram,1500 Classic,SLT,6,Flex,95945,,,19500,7,,False
2019,Ram,1500 Classic,WARLOCK,6,Flex,105832,,,27000,7,,False
2019,Ram,1500 Classic,EXPRESS,8,Gasoline,205140,,,8500,7,,False
2019,Ram,1500 Classic,SLT,6,Diesel,217464,,,10700,7,,False
2022,Ram,1500 Classic,SLT,6,Gasoline,63136,,,29600,4,,False
2021,Ram,1500 Classic,SLT,8,Gasoline,76304,,,28500,5,,False
2022,Ram,1500 Classic,EXPRESS,8,Gasoline,31250,,,30100,4,,False
2022,Ram,1500 Classic,TRADESMAN,8,Gasoline,92067,,,31200,4,,False
2021,Ram,1500 Classic,WARLOCK,8,Gasoline,47931,,,37000,5,,False
2022,Ram,1500 Classic,EXPRESS,6,Gasoline,53682,,,32000,4,,False
2019,Ram,1500 Classic,ST,6,Flex,214343,,,8000,7,,False
2019,Ram,1500 Classic,ST,6,Flex,175309,,,15600,7,,False
2019,Ram,1500 Classic,EXPRESS,8,Gasoline,161831,,,8500,7,,False
2023,Ram,1500 Classic,WARLOCK,6,Gasoline,33100,,,39100,3,,False
2021,Ram,1500 Classic,WARLOCK,6,Gasoline,163375,,,19300,5,,False
2021,Ram,1500 Classic,WARLOCK,6,Gasoline,84191,,,30400,5,,False
2019,Ram,1500 Classic,SLT,6,Flex,80603,,,22750,7,,False
2019,Ram,1500 Classic,SLT,6,Flex,115540,,,18750,7,,False
2023,Ram,1500 Classic,EXPRESS,6,Gasoline,44211,,,39400,3,,False
2022,Ram,1500 Classic,EXPRESS,8,Gasoline,64093,,,31500,4,,False
2020,Ram,1500 Classic,EXPRESS,8,Gasoline,86119,,,29000,6,,False
2020,Ram,1500 Classic,EXPRESS,8,Gasoline,24574,,,24750,6,,False
2021,Ram,1500 Classic,EXPRESS,8,Gasoline,101209,,,29250,5,,False
2019,Ram,1500 Classic,SLT,8,Gasoline,83598,,,29500,7,,False
2021,Ram,1500 Classic,WARLOCK,8,Gasoline,92308,,,34000,5,,False
2022,Ram,1500 Classic,WARLOCK,8,Gasoline,51280,,,39700,4,,False
2022,Ram,1500 Classic,WARLOCK,8,Gasoline,20956,,,40250,4,,False
2021,Ram,1500 Classic,WARLOCK,8,Gasoline,64814,,,38250,5,,False
2023,Ram,1500 Classic,WARLOCK,8,Gasoline,48145,,,38000,3,,False
2022,Ram,1500 Classic,WARLOCK,8,Gasoline,94608,,,34500,4,,False
2019,Ram,1500 Classic,EXPRESS,6,Flex,135782,,,23250,7,,False
2023,Ram,1500 Classic,EXPRESS,6,Gasoline,37396,,,39000,3,,False
2023,Ram,1500 Classic,EXPRESS,6,Gasoline,36964,,,36000,3,,False
2020,Ram,1500 Classic,WARLOCK,6,Gasoline,68430,,,31750,6,,False
2022,Ram,1500 Classic,WARLOCK,6,Gasoline,33252,,,36700,4,,False
2019,Ram,1500 Classic,SLT,8,Gasoline,182392,,,13500,7,,False
2021,Ram,1500 Classic,WARLOCK,8,Gasoline,71343,,,33000,5,,False
2019,Ram,1500 Classic,ST,6,Flex,148968,,,14000,7,,False
2023,Ram,1500 Classic,SLT,6,Gasoline,22167,,,34250,3,,False
2020,Ram,1500 Classic,EXPRESS,8,Gasoline,93436,,,28600,6,,False
2020,Ram,1500 Classic,EXPRESS,8,Gasoline,128630,,,26100,6,,False
2023,Ram,1500 Classic,EXPRESS,8,Gasoline,48984,,,34750,3,,False
2019,Ram,1500 Classic,EXPRESS,8,Gasoline,104667,,,25250,7,,False
2023,Ram,1500 Classic,SLT,8,Gasoline,166074,,,18500,3,,False
2021,Ram,1500 Classic,WARLOCK,6,Gasoline,53993,,,35700,5,,False
2022,Ram,1500 Classic,TRADESMAN,6,Gasoline,51238,,,32000,4,,False
2022,Ram,1500 Classic,WARLOCK,8,Gasoline,75118,,,32900,4,,False
2019,Ram,1500 Classic,SLT,8,Gasoline,109280,,,23600,7,,False
2019,Ram,1500 Classic,EXPRESS,8,Gasoline,245493,,,12000,7,,False
2022,Ram,1500 Classic,WARLOCK,8,Gasoline,77115,,,34000,4,,False
2019,Ram,1500 Classic,WARLOCK,8,Gasoline,217996,,,8250,7,,False
2019,Ram,1500 Classic,EXPRESS,8,Gasoline,157729,,,17600,7,,False
2022,Ram,1500 Classic,WARLOCK,6,Gasoline,42882,,,34500,4,,False
2019,Ram,1500 Classic,TRADESMAN,6,Flex,157780,,,12600,7,,False
2023,Ram,1500 Classic,EXPRESS,8,Gasoline,29822,,,39500,3,,False
2019,Ram,1500 Classic,EXPRESS,8,Gasoline,118819,,,19600,7,,False
2020,Ram,1500 Classic,EXPRESS,8,Gasoline,164099,,,14100,6,,False
2021,Ram,1500 Classic,SLT,8,Gasoline,175588,,,16700,5,,False
2019,Ram,1500 Classic,EXPRESS,8,Gasoline,193457,,,13800,7,,False
2019,Ram,1500 Classic,EXPRESS,8,Gasoline,156365,,,22600,7,,False
2019,Ram,1500 Classic,WARLOCK,6,Flex,118179,,,24200,7,,False
2021,Ram,1500 Classic,SLT,6,Gasoline,154423,,,21500,5,,False
2020,Ram,1500 Classic,TRADESMAN,6,Gasoline,126259,,,20000,6,,False
2023,Ram,1500 Classic,EXPRESS,8,Gasoline,10588,,,39500,3,,False
2019,Ram,1500 Classic,EXPRESS,8,Gasoline,139099,,,21900,7,,False
2022,Ram,1500 Classic,SLT,6,Gasoline,62194,,,31000,4,,False
2021,Ram,1500 Classic,EXPRESS,8,Gasoline,71559,,,32000,5,,False
2019,Ram,1500 Classic,EXPRESS,6,Flex,131788,,,18800,7,,False
2022,Ram,1500 Classic,WARLOCK,8,Gasoline,21927,,,39100,4,,False
2022,Ram,1500 Classic,WARLOCK,8,Gasoline,72375,,,38000,4,,False
2022,Ram,1500 Classic,SLT,8,Gasoline,46779,,,36000,4,,False
2023,Ram,1500 Classic,WARLOCK,8,Gasoline,132089,,,22400,3,,False
2019,Ram,1500 Classic,WARLOCK,8,Gasoline,87650,,,32200,7,,False
2019,Ram,1500 Classic,ST,8,Gasoline,160980,,,8700,7,,False
2021,Ram,1500 Classic,SLT,8,Gasoline,60012,,,31600,5,,False
2022,Ram,1500 Classic,EXPRESS,8,Gasoline,32124,,,39800,4,,False
2019,Ram,1500 Classic,TRADESMAN,8,Gasoline,172441,,,10000,7,,False
2021,Ram,1500 Classic,WARLOCK,6,Gasoline,102900,,,31500,5,,False
2023,Ram,1500 Classic,WARLOCK,6,Gasoline,29289,,,41250,3,,False
2023,Ram,1500 Classic,TRADESMAN,6,Gasoline,11261,,,35250,3,,False
2021,Ram,1500 Classic,EXPRESS,8,Gasoline,116228,,,22750,5,,False
2021,Ram,1500 Classic,EXPRESS,8,Gasoline,53426,,,31600,5,,False
2021,Ram,1500 Classic,EXPRESS,8,Gasoline,100747,,,23800,5,,False
2021,Ram,1500 Classic,WARLOCK,8,Gasoline,91549,,,34750,5,,False
2023,Ram,1500 Classic,WARLOCK,8,Gasoline,35062,,,44750,3,,False
2021,Ram,1500 Classic,EXPRESS,6,Gasoline,126111,,,25250,5,,False
2022,Ram,1500 Classic,EXPRESS,6,Gasoline,86273,,,28800,4,,False
2022,Ram,1500 Classic,EXPRESS,6,Gasoline,52797,,,29700,4,,False
2021,Ram,1500 Classic,TRADESMAN,8,Gasoline,100356,,,25000,5,,False
2021,Ram,1500 Classic,SLT,6,Gasoline,134724,,,21600,5,,False
2022,Ram,1500 Classic,WARLOCK,8,Gasoline,69477,,,37300,4,,False
2022,Ram,1500 Classic,WARLOCK,8,Gasoline,38527,,,38250,4,,False
2020,Ram,1500 Classic,EXPRESS,8,Gasoline,86822,,,29500,6,,False
2023,Ram,1500 Classic,EXPRESS,8,Gasoline,54810,,,36700,3,,False
2019,Ram,1500 Classic,EXPRESS,8,Gasoline,145411,,,22750,7,,False
2023,Ram,1500 Classic,EXPRESS,8,Gasoline,47561,,,39250,3,,False
2019,Ram,1500 Classic,WARLOCK,6,Flex,87118,,,30500,7,,False
2022,Ram,1500 Classic,WARLOCK,6,Gasoline,56519,,,36250,4,,False
2021,Ram,1500 Classic,WARLOCK,6,Gasoline,136666,,,27000,5,,False
2021,Ram,1500 Classic,EXPRESS,6,Gasoline,74549,,,28500,5,,False
2023,Ram,1500 Classic,EXPRESS,6,Gasoline,13944,,,41000,3,,False
2023,Ram,1500 Classic,EXPRESS,6,Gasoline,41993,,,37000,3,,False
2020,Ram,1500 Classic,EXPRESS,8,Gasoline,151060,,,12700,6,,False
2022,Ram,1500 Classic,EXPRESS,8,Gasoline,51117,,,37250,4,,False
2023,Ram,1500 Classic,EXPRESS,8,Gasoline,19566,,,42500,3,,False
2022,Ram,1500 Classic,SLT,6,Gasoline,54517,,,33600,4,,False
2023,Ram,1500 Classic,SLT,8,Gasoline,45378,,,32250,3,,False
2023,Ram,1500 Classic,SLT,8,Gasoline,50181,,,31300,3,,False
2019,Ram,1500 Classic,WARLOCK,8,Gasoline,170806,,,20000,7,,False
2021,Ram,1500 Classic,WARLOCK,8,Gasoline,106099,,,31000,5,,False
2021,Ram,1500 Classic,WARLOCK,8,Gasoline,96875,,,34500,5,,False
2021,Ram,1500 Classic,SLT,8,Gasoline,28804,,,29300,5,,False
2021,Ram,1500 Classic,WARLOCK,8,Gasoline,165378,,,21500,5,,False
2023,Ram,1500 Classic,EXPRESS,8,Gasoline,100612,,,24300,3,,False
2019,Ram,1500 Classic,SLT,6,Flex,170259,,,13900,7,,False
2020,Ram,1500 Classic,EXPRESS,8,Gasoline,114354,,,26100,6,,False
2021,Ram,1500 Classic,WARLOCK,6,Gasoline,112955,,,30000,5,,False
2022,Ram,1500 Classic,EXPRESS,8,Gasoline,52760,,,35500,4,,False
2019,Ram,1500 Classic,EXPRESS,6,Flex,117718,,,24500,7,,False
2023,Ram,1500 Classic,SLT,8,Gasoline,80458,,,31000,3,,False
2022,Ram,1500 Classic,EXPRESS,8,Gasoline,87663,,,33100,4,,False
2019,Ram,1500 Classic,EXPRESS,6,Flex,300765,,,6600,7,,False
2022,Ram,1500 Classic,WARLOCK,6,Gasoline,66036,,,36100,4,,False
2020,Ram,1500 Classic,WARLOCK,6,Gasoline,112340,,,29700,6,,False
2023,Ram,1500 Classic,WARLOCK,6,Gasoline,37755,,,40900,3,,False
2022,Ram,1500 Classic,EXPRESS,8,Gasoline,28080,,,39900,4,,False
2021,Ram,1500 Classic,WARLOCK,8,Gasoline,50776,,,33500,5,,False
2021,Ram,1500 Classic,WARLOCK,8,Gasoline,91882,,,30400,5,,False
2023,Ram,1500 Classic,SLT,8,Gasoline,46288,,,35000,3,,False
2019,Ram,1500 Classic,EXPRESS,8,Gasoline,138737,,,17300,7,,False
2021,Ram,1500 Classic,WARLOCK,6,Gasoline,50368,,,32600,5,,False
2022,Ram,1500 Classic,EXPRESS,8,Gasoline,26600,,,39000,4,,False
2021,Ram,1500 Classic,EXPRESS,8,Gasoline,43349,,,32000,5,,False
2019,Ram,1500 Classic,WARLOCK,8,Gasoline,91898,,,33900,7,,False
2021,Ram,1500 Classic,EXPRESS,6,Gasoline,175488,,,21700,5,,False
2022,Ram,1500 Classic,EXPRESS,6,Gasoline,40215,,,37200,4,,False
2019,Ram,1500 Classic,SLT,6,Diesel,169606,,,20500,7,,False
2019,Ram,1500 Classic,EXPRESS,8,Gasoline,101462,,,22750,7,,False
2021,Ram,1500 Classic,WARLOCK,8,Gasoline,101901,,,31500,5,,False
2022,Ram,1500 Classic,WARLOCK,8,Gasoline,83589,,,36500,4,,False
2020,Ram,1500 Classic,WARLOCK,8,Gasoline,190972,,,18400,6,,False
2022,Ram,1500 Classic,EXPRESS,8,Gasoline,88365,,,33700,4,,False
2022,Ram,1500 Classic,WARLOCK,8,Gasoline,35818,,,42000,4,,False
2022,Ram,1500 Classic,WARLOCK,8,Gasoline,24588,,,42400,4,,False
2021,Ram,1500 Classic,WARLOCK,8,Gasoline,154527,,,27250,5,,False
2021,Ram,1500 Classic,WARLOCK,8,Gasoline,102095,,,33800,5,,False
2021,Ram,1500 Classic,WARLOCK,8,Gasoline,146653,,,25200,5,,False
2022,Ram,1500 Classic,SLT,8,Gasoline,18536,,,37600,4,,False
2019,Ram,1500 Classic,WARLOCK,8,Gasoline,113280,,,27900,7,,False
2023,Ram,1500 Classic,WARLOCK,8,Gasoline,50936,,,43250,3,,False
2023,Ram,1500 Classic,WARLOCK,8,Gasoline,33756,,,44250,3,,False
2022,Ram,1500 Classic,WARLOCK,8,Gasoline,47934,,,39200,4,,False
2023,Ram,1500 Classic,WARLOCK,8,Gasoline,34960,,,44250,3,,False
2022,Ram,1500 Classic,TRADESMAN,6,Gasoline,77992,,,26500,4,,False
2022,Ram,1500 Classic,TRADESMAN,6,Gasoline,71591,,,23750,4,,False
2019,Ram,1500 Classic,SLT,6,Flex,113049,,,22000,7,,False
2021,Ram,1500 Classic,EXPRESS,6,Gasoline,72590,,,25000,5,,False
2022,Ram,1500 Classic,EXPRESS,6,Gasoline,57374,,,34000,4,,False
2022,Ram,1500 Classic,EXPRESS,6,Gasoline,34908,,,35000,4,,False
2023,Ram,1500 Classic,EXPRESS,8,Gasoline,50037,,,34500,3,,False
2023,Ram,1500 Classic,EXPRESS,6,Gasoline,23420,,,38800,3,,False
2022,Ram,1500 Classic,WARLOCK,6,Gasoline,54319,,,35750,4,,False
2023,Ram,1500 Classic,WARLOCK,6,Gasoline,29063,,,40900,3,,False
2021,Ram,1500 Classic,TRADESMAN,6,Gasoline,102052,,,19000,5,,False
2020,Ram,1500 Classic,EXPRESS,8,Gasoline,158016,,,21400,6,,False
2019,Ram,1500 Classic,SLT,8,Gasoline,188841,,,12000,7,,False
2022,Ram,1500 Classic,WARLOCK,6,Gasoline,126479,,,28000,4,,False
2021,Ram,1500 Classic,EXPRESS,8,Gasoline,100398,,,32500,5,,False
2021,Ram,1500 Classic,WARLOCK,8,Gasoline,82721,,,33500,5,,False
2022,Ram,1500 Classic,WARLOCK,8,Gasoline,64964,,,29200,4,,False
2022,Ram,1500 Classic,SLT,8,Gasoline,70916,,,30000,4,,False
2022,Ram,1500 Classic,WARLOCK,8,Gasoline,20953,,,42400,4,,False
2019,Ram,1500 Classic,WARLOCK,8,Gasoline,109070,,,18500,7,,False
2023,Ram,1500 Classic,SLT,8,Gasoline,89447,,,31750,3,,False
2019,Ram,1500 Classic,SLT,8,Gasoline,147799,,,23000,7,,False
2019,Ram,1500 Classic,SLT,8,Gasoline,224932,,,8300,7,,False
2019,Ram,1500 Classic,SLT,6,Flex,146210,,,18750,7,,False
2023,Ram,1500 Classic,EXPRESS,6,Gasoline,73527,,,29500,3,,False
2022,Ram,1500 Classic,EXPRESS,6,Gasoline,45840,,,35000,4,,False
2019,Ram,1500 Classic,EXPRESS,8,Gasoline,66666,,,28700,7,,False
2019,Ram,1500 Classic,EXPRESS,8,Gasoline,139957,,,13250,7,,False
2022,Ram,1500 Classic,EXPRESS,8,Gasoline,56231,,,35000,4,,False
2023,Ram,1500 Classic,EXPRESS,8,Gasoline,31085,,,39000,3,,False
2022,Ram,1500 Classic,WARLOCK,6,Gasoline,31800,,,35000,4,,False
2023,Ram,1500 Classic,SLT,6,Gasoline,52440,,,34200,3,,False
2023,Ram,1500 Classic,EXPRESS,6,Gasoline,43323,,,36250,3,,False
2022,Ram,1500 Classic,EXPRESS,6,Gasoline,78263,,,28300,4,,False
2022,Ram,1500 Classic,EXPRESS,6,Gasoline,59709,,,37200,4,,False
2023,Ram,1500 Classic,EXPRESS,6,Gasoline,40804,,,39000,3,,False
2019,Ram,1500 Classic,EXPRESS,8,Gasoline,166533,,,11000,7,,False
2020,Ram,1500 Classic,EXPRESS,8,Gasoline,165381,,,19250,6,,False
2022,Ram,1500 Classic,SLT,6,Gasoline,62310,,,31100,4,,False
2022,Ram,1500 Classic,TRADESMAN,8,Gasoline,36212,,,29900,4,,False
2019,Ram,1500 Classic,SLT,8,Gasoline,123566,,,19300,7,,False
2019,Ram,1500 Classic,EXPRESS,6,Flex,177870,,,15250,7,,False
2023,Ram,1500 Classic,EXPRESS,8,Gasoline,66879,,,32000,3,,False
2019,Ram,1500 Classic,EXPRESS,8,Gasoline,321059,,,8000,7,,False
2021,Ram,1500 Classic,EXPRESS,8,Gasoline,148897,,,22500,5,,False
2022,Ram,1500 Classic,EXPRESS,8,Gasoline,54126,,,29600,4,,False
2023,Ram,1500 Classic,SLT,8,Gasoline,98881,,,31900,3,,False
2020,Ram,1500 Classic,EXPRESS,8,Gasoline,166078,,,20900,6,,False
2021,Ram,1500 Classic,WARLOCK,8,Gasoline,100847,,,33400,5,,False
2019,Ram,1500 Classic,EXPRESS,8,Gasoline,153740,,,18000,7,,False
2021,Ram,1500 Classic,EXPRESS,6,Gasoline,91564,,,26500,5,,False
2022,Ram,1500 Classic,SLT,8,Gasoline,114711,,,30000,4,,False
2022,Ram,1500 Classic,SLT,8,Gasoline,49640,,,29500,4,,False
2022,Ram,1500 Classic,EXPRESS,8,Gasoline,78656,,,35000,4,,False
2023,Ram,1500 Classic,EXPRESS,8,Gasoline,78652,,,35000,3,,False
2021,Ram,1500 Classic,WARLOCK,8,Gasoline,52046,,,37100,5,,False
2023,Ram,1500 Classic,WARLOCK,8,Gasoline,11218,,,44500,3,,False
2022,Ram,1500 Classic,WARLOCK,8,Gasoline,83265,,,28900,4,,False
2022,Ram,1500 Classic,WARLOCK,8,Gasoline,121910,,,29800,4,,False
2021,Ram,1500 Classic,EXPRESS,6,Gasoline,129605,,,22800,5,,False
2022,Ram,1500 Classic,EXPRESS,6,Gasoline,16527,,,36400,4,,False
2022,Ram,1500 Classic,EXPRESS,6,Gasoline,25111,,,29800,4,,False
2019,Ram,1500 Classic,TRADESMAN,8,Gasoline,81158,,,15750,7,,False
2023,Ram,1500 Classic,EXPRESS,8,Gasoline,33168,,,39500,3,,False
2022,Ram,1500 Classic,WARLOCK,6,Gasoline,126461,,,23000,4,,False
2022,Ram,1500 Classic,WARLOCK,6,Gasoline,71146,,,36800,4,,False
2023,Ram,1500 Classic,EXPRESS,6,Gasoline,33071,,,38700,3,,False
2023,Ram,1500 Classic,EXPRESS,6,Gasoline,25283,,,39000,3,,False
2022,Ram,1500 Classic,EXPRESS,8,Gasoline,77467,,,34600,4,,False
2019,Ram,1500 Classic,EXPRESS,8,Gasoline,211532,,,13750,7,,False
2022,Ram,1500 Classic,EXPRESS,8,Gasoline,47261,,,37000,4,,False
2020,Ram,1500 Classic,EXPRESS,8,Gasoline,87116,,,27000,6,,False
2022,Ram,1500 Classic,WARLOCK,6,Gasoline,63317,,,36500,4,,False
2021,Ram,1500 Classic,EXPRESS,6,Gasoline,101655,,,27600,5,,False
2023,Ram,1500 Classic,EXPRESS,8,Gasoline,65970,,,34900,3,,False
2020,Ram,1500 Classic,EXPRESS,8,Gasoline,94655,,,30000,6,,False
2023,Ram,1500 Classic,SLT,8,Gasoline,45642,,,38500,3,,False
2023,Ram,1500 Classic,SLT,8,Gasoline,32134,,,39250,3,,False
2023,Ram,1500 Classic,WARLOCK,8,Gasoline,27395,,,43500,3,,False
2019,Ram,1500 Classic,WARLOCK,8,Gasoline,125707,,,26800,7,,False
2022,Ram,1500 Classic,SLT,8,Gasoline,53500,,,35000,4,,False
2022,Ram,1500 Classic,WARLOCK,8,Gasoline,56441,,,34000,4,,False
2022,Ram,1500 Classic,WARLOCK,8,Gasoline,43842,,,39200,4,,False
2019,Ram,1500 Classic,SLT,8,Gasoline,144153,,,24200,7,,False
2022,Ram,1500 Classic,SLT,8,Gasoline,80373,,,32000,4,,False
2019,Ram,1500 Classic,WARLOCK,8,Gasoline,143332,,,19100,7,,False
2021,Ram,1500 Classic,WARLOCK,8,Gasoline,140635,,,21200,5,,False
2023,Ram,1500 Classic,EXPRESS,6,Gasoline,73518,,,27000,3,,False
2021,Ram,1500 Classic,EXPRESS,6,Gasoline,125957,,,19750,5,,False
2023,Ram,1500 Classic,EXPRESS,6,Gasoline,36243,,,36400,3,,False
2022,Ram,1500 Classic,TRADESMAN,8,Gasoline,37275,,,29250,4,,False
2023,Ram,1500 Classic,WARLOCK,6,Gasoline,27579,,,42250,3,,False
2023,Ram,1500 Classic,EXPRESS,6,Gasoline,35192,,,39400,3,,False
2019,Ram,1500 Classic,EXPRESS,8,Gasoline,132339,,,23750,7,,False
2023,Ram,1500 Classic,EXPRESS,8,Gasoline,87781,,,30800,3,,False
2019,Ram,1500 Classic,EXPRESS,8,Gasoline,138521,,,25800,7,,False
2019,Ram,1500 Classic,EXPRESS,8,Gasoline,78118,,,27000,7,,False
2022,Ram,1500 Classic,EXPRESS,8,Gasoline,28171,,,39600,4,,False
2020,Ram,1500 Classic,SLT,6,Gasoline,175419,,,15500,6,,False
2020,Ram,1500 Classic,EXPRESS,8,Gasoline,78505,,,30250,6,,False
2022,Ram,1500 Classic,EXPRESS,8,Gasoline,52916,,,37200,4,,False
2022,Ram,1500 Classic,EXPRESS,8,Gasoline,85901,,,34000,4,,False
2023,Ram,1500 Classic,EXPRESS,8,Gasoline,13381,,,42000,3,,False
2023,Ram,1500 Classic,EXPRESS,8,Gasoline,50642,,,31800,3,,False
2022,Ram,1500 Classic,EXPRESS,8,Gasoline,74474,,,28600,4,,False
2023,Ram,1500 Classic,SLT,6,Gasoline,29507,,,34000,3,,False
2022,Ram,1500 Classic,SLT,6,Gasoline,79196,,,30000,4,,False
2020,Ram,1500 Classic,SLT,6,Gasoline,149078,,,23750,6,,False
2023,Ram,1500 Classic,SLT,8,Gasoline,66352,,,32000,3,,False
2023,Ram,1500 Classic,WARLOCK,8,Gasoline,66579,,,39100,3,,False
2022,Ram,1500 Classic,EXPRESS,8,Gasoline,84862,,,31500,4,,False
2023,Ram,1500 Classic,TRADESMAN,6,Gasoline,18146,,,35400,3,,False
2021,Ram,1500 Classic,EXPRESS,6,Gasoline,177087,,,13750,5,,False
2022,Ram,1500 Classic,WARLOCK,6,Gasoline,60838,,,32500,4,,False
2019,Ram,1500 Classic,SLT,6,Flex,61806,,,20250,7,,False
2021,Ram,1500 Classic,EXPRESS,6,Gasoline,194072,,,11800,5,,False
2023,Ram,1500 Classic,SLT,8,Gasoline,54134,,,32800,3,,False
2020,Ram,1500 Classic,WARLOCK,8,Gasoline,72600,,,33600,6,,False
2020,Ram,1500 Classic,EXPRESS,6,Gasoline,127235,,,23800,6,,False
2021,Ram,1500 Classic,WARLOCK,8,Gasoline,158898,,,23100,5,,False
2022,Ram,1500 Classic,WARLOCK,6,Gasoline,14706,,,41000,4,,False
2022,Ram,1500 Classic,WARLOCK,6,Gasoline,15901,,,40400,4,,False
2021,Ram,1500 Classic,WARLOCK,8,Gasoline,126836,,,30800,5,,False
2024,Ram,1500 Classic,TRADESMAN,8,Gasoline,10069,,,45400,2,,False
2023,Ram,1500 Classic,EXPRESS,8,Gasoline,12585,,,43000,3,,False
2021,Ram,1500 Classic,WARLOCK,8,Gasoline,122979,,,27700,5,,False
2021,Ram,1500 Classic,TRADESMAN,8,Gasoline,59396,,,30600,5,,False
2019,Ram,1500 Classic,EXPRESS,6,Flex,124718,,,17200,7,,False
2019,Ram,1500 Classic,WARLOCK,6,Flex,161261,,,23500,7,,False
2019,Ram,1500 Classic,ST,6,Flex,116593,,,19000,7,,False
2022,Ram,1500 Classic,WARLOCK,6,Gasoline,38973,,,38000,4,,False
2019,Ram,1500 Classic,SLT,6,Flex,178515,,,14200,7,,False
2019,Ram,1500 Classic,EXPRESS,8,Gasoline,62505,,,33360,7,,False
2019,Ram,1500 Classic,EXPRESS,8,Gasoline,144123,,,10600,7,,False
2020,Ram,1500 Classic,EXPRESS,8,Gasoline,253848,,,7900,6,,False
2022,Ram,1500 Classic,SLT,6,Gasoline,61839,,,23000,4,,False
2023,Ram,1500 Classic,EXPRESS,8,Gasoline,45183,,,35500,3,,False
2019,Ram,1500 Classic,TRADESMAN,6,Diesel,49500,,,26500,7,,False
2021,Ram,1500 Classic,EXPRESS,6,Gasoline,107093,,,26300,5,,False
2023,Ram,1500 Classic,SLT,8,Gasoline,34758,,,31200,3,,False
2019,Ram,1500 Classic,SLT,8,Gasoline,183033,,,14000,7,,False
2021,Ram,1500 Classic,WARLOCK,8,Gasoline,27255,,,39750,5,,False
2022,Ram,1500 Classic,EXPRESS,6,Gasoline,90058,,,28400,4,,False
2023,Ram,1500 Classic,EXPRESS,6,Gasoline,35320,,,30000,3,,False
2019,Ram,1500 Classic,SLT,6,Flex,257317,,,6200,7,,False
2022,Ram,1500 Classic,WARLOCK,6,Gasoline,60940,,,28500,4,,False
2021,Ram,1500 Classic,EXPRESS,6,Gasoline,172838,,,18000,5,,False
2023,Ram,1500 Classic,EXPRESS,8,Gasoline,26836,,,40500,3,,False
2022,Ram,1500 Classic,SLT,6,Gasoline,182501,,,20250,4,,False
2021,Ram,1500 Classic,SLT,8,Gasoline,113764,,,23400,5,,False
2021,Ram,1500 Classic,WARLOCK,6,Gasoline,120247,,,26600,5,,False
2023,Ram,1500 Classic,EXPRESS,6,Gasoline,137923,,,28500,3,,False
2022,Ram,1500 Classic,TRADESMAN,8,Gasoline,64103,,,33600,4,,False
2023,Ram,1500 Classic,SLT,8,Gasoline,17094,,,37750,3,,False
2021,Ram,1500 Classic,WARLOCK,8,Gasoline,44717,,,36200,5,,False
2022,Ram,1500 Classic,WARLOCK,8,Gasoline,88796,,,36000,4,,False
2023,Ram,1500 Classic,SLT,8,Gasoline,27599,,,40200,3,,False
2022,Ram,1500 Classic,SLT,8,Gasoline,19916,,,33500,4,,False
2021,Ram,1500 Classic,SLT,8,Gasoline,154403,,,27600,5,,False
2022,Ram,1500 Classic,TRADESMAN,6,Gasoline,115276,,,22500,4,,False
2023,Ram,1500 Classic,EXPRESS,6,Gasoline,38264,,,37600,3,,False
2022,Ram,1500 Classic,EXPRESS,6,Gasoline,51913,,,35200,4,,False
2023,Ram,1500 Classic,EXPRESS,6,Gasoline,44264,,,39500,3,,False
2023,Ram,1500 Classic,EXPRESS,6,Gasoline,38022,,,41800,3,,False
2019,Ram,1500 Classic,EXPRESS,8,Gasoline,206625,,,12800,7,,False
2019,Ram,1500 Classic,EXPRESS,8,Gasoline,72500,,,28100,7,,False
2019,Ram,1500 Classic,EXPRESS,8,Gasoline,211430,,,12250,7,,False
2019,Ram,1500 Classic,ST,8,Gasoline,131320,,,20000,7,,False
2019,Ram,1500 Classic,SLT,6,Flex,183442,,,16000,7,,False
2021,Ram,1500 Classic,EXPRESS,6,Gasoline,50140,,,18200,5,,False
2021,Ram,1500 Classic,EXPRESS,8,Gasoline,101842,,,27000,5,,False
2020,Ram,1500 Classic,EXPRESS,8,Gasoline,153201,,,20700,6,,False
2021,Ram,1500 Classic,EXPRESS,8,Gasoline,60927,,,33750,5,,False
2022,Ram,1500 Classic,EXPRESS,8,Gasoline,25013,,,38600,4,,False
2021,Ram,1500 Classic,EXPRESS,8,Gasoline,164010,,,21500,5,,False
2019,Ram,1500 Classic,SLT,8,Gasoline,80283,,,27500,7,,False
2019,Ram,1500 Classic,EXPRESS,8,Gasoline,139953,,,21300,7,,False
2019,Ram,1500 Classic,WARLOCK,8,Gasoline,76856,,,32600,7,,False
2019,Ram,1500 Classic,EXPRESS,8,Gasoline,77765,,,26700,7,,False
2021,Ram,1500 Classic,EXPRESS,8,Gasoline,87956,,,31800,5,,False
2021,Ram,1500 Classic,WARLOCK,8,Gasoline,81698,,,35500,5,,False
2019,Ram,1500 Classic,ST,6,Flex,166298,,,12800,7,,False
2019,Ram,1500 Classic,TRADESMAN,8,Gasoline,207906,,,9800,7,,False
2019,Ram,1500 Classic,EXPRESS,8,Gasoline,172741,,,14400,7,,False
2021,Ram,1500 Classic,WARLOCK,6,Gasoline,70329,,,30500,5,,False
2023,Ram,1500 Classic,EXPRESS,6,Gasoline,42483,,,34600,3,,False
2019,Ram,1500 Classic,EXPRESS,8,Gasoline,135069,,,23000,7,,False
2019,Ram,1500 Classic,EXPRESS,8,Gasoline,176749,,,11600,7,,False
2021,Ram,1500 Classic,WARLOCK,8,Gasoline,119775,,,32000,5,,False
2022,Ram,1500 Classic,WARLOCK,6,Gasoline,40709,,,38000,4,,False
2021,Ram,1500 Classic,EXPRESS,8,Gasoline,147207,,,22600,5,,False
2019,Ram,1500 Classic,SLT,6,Flex,110810,,,22900,7,,False
2019,Ram,1500 Classic,SLT,8,Gasoline,156854,,,11900,7,,False
2019,Ram,1500 Classic,ST,6,Flex,153259,,,14200,7,,False
2022,Ram,1500 Classic,WARLOCK,8,Gasoline,100618,,,21000,4,,False
2020,Ram,1500 Classic,EXPRESS,8,Gasoline,248890,,,10100,6,,False
2020,Ram,1500 Classic,EXPRESS,8,Gasoline,172131,,,12900,6,,False
2023,Ram,1500 Classic,WARLOCK,8,Gasoline,12958,,,47000,3,,False
2022,Ram,1500 Classic,EXPRESS,8,Gasoline,28597,,,35900,4,,False
2021,Ram,1500 Classic,EXPRESS,8,Gasoline,126345,,,25000,5,,False
2022,Ram,1500 Classic,WARLOCK,8,Gasoline,53897,,,39800,4,,False
2022,Ram,1500 Classic,WARLOCK,8,Gasoline,97628,,,30750,4,,False
2022,Ram,1500 Classic,WARLOCK,8,Gasoline,57700,,,38200,4,,False
2021,Ram,1500 Classic,WARLOCK,8,Gasoline,128308,,,25500,5,,False
2021,Ram,1500 Classic,EXPRESS,6,Gasoline,123406,,,27250,5,,False
2019,Ram,1500 Classic,EXPRESS,6,Flex,108422,,,24300,7,,False
2021,Ram,1500 Classic,EXPRESS,6,Gasoline,105339,,,28000,5,,False
2022,Ram,1500 Classic,EXPRESS,8,Gasoline,54371,,,35000,4,,False
2022,Ram,1500 Classic,WARLOCK,6,Gasoline,14699,,,41000,4,,False
2022,Ram,1500 Classic,WARLOCK,8,Gasoline,37782,,,35000,4,,False
2020,Ram,1500 Classic,EXPRESS,8,Gasoline,129157,,,26700,6,,False
2019,Ram,1500 Classic,EXPRESS,8,Gasoline,133540,,,21500,7,,False
2023,Ram,1500 Classic,SLT,6,Gasoline,35542,,,37100,3,,False
2023,Ram,1500 Classic,EXPRESS,8,Gasoline,27218,,,41250,3,,False
2022,Ram,1500 Classic,SLT,6,Gasoline,145501,,,26600,4,,False
2020,Ram,1500 Classic,SLT,6,Gasoline,158903,,,23200,6,,False
2023,Ram,1500 Classic,SLT,8,Gasoline,36067,,,39750,3,,False
2019,Ram,1500 Classic,WARLOCK,8,Gasoline,236485,,,11000,7,,False
2019,Ram,1500 Classic,EXPRESS,8,Gasoline,93674,,,25000,7,,False
2019,Ram,1500 Classic,EXPRESS,8,Gasoline,132268,,,18400,7,,False
2021,Ram,1500 Classic,WARLOCK,8,Gasoline,81598,,,32800,5,,False
2021,Ram,1500 Classic,EXPRESS,6,Gasoline,104650,,,27400,5,,False
2021,Ram,1500 Classic,EXPRESS,8,Gasoline,119838,,,26700,5,,False
2022,Ram,1500 Classic,WARLOCK,8,Gasoline,54892,,,39750,4,,False
2022,Ram,1500 Classic,WARLOCK,8,Gasoline,35004,,,39250,4,,False
2022,Ram,1500 Classic,SLT,8,Gasoline,72485,,,28500,4,,False
2019,Ram,1500 Classic,SLT,8,Gasoline,88742,,,22250,7,,False
2021,Ram,1500 Classic,WARLOCK,8,Gasoline,78648,,,35400,5,,False
2022,Ram,1500 Classic,WARLOCK,8,Gasoline,82615,,,36100,4,,False
2019,Ram,1500 Classic,WARLOCK,8,Gasoline,137959,,,27250,7,,False
2021,Ram,1500 Classic,WARLOCK,8,Gasoline,68763,,,36500,5,,False
2022,Ram,1500 Classic,EXPRESS,6,Gasoline,89776,,,24500,4,,False
2019,Ram,1500 Classic,EXPRESS,8,Gasoline,101161,,,22250,7,,False
2022,Ram,1500 Classic,EXPRESS,8,Gasoline,64148,,,35250,4,,False
2021,Ram,1500 Classic,WARLOCK,8,Gasoline,75537,,,33750,5,,False
2022,Ram,1500 Classic,SLT,8,Gasoline,17835,,,41500,4,,False
2022,Ram,1500 Classic,WARLOCK,8,Gasoline,69471,,,37000,4,,False
2023,Ram,1500 Classic,EXPRESS,6,Gasoline,34653,,,41800,3,,False
2019,Ram,1500 Classic,EXPRESS,8,Gasoline,97944,,,23100,7,,False
2022,Ram,1500 Classic,EXPRESS,8,Gasoline,66662,,,32000,4,,False
2019,Ram,1500 Classic,EXPRESS,8,Gasoline,90948,,,26250,7,,False
2021,Ram,1500 Classic,TRADESMAN,6,Gasoline,75483,,,23000,5,,False
2019,Ram,1500 Classic,SLT,6,Flex,158768,,,16100,7,,False
2023,Ram,1500 Classic,EXPRESS,6,Gasoline,40444,,,41600,3,,False
2022,Ram,1500 Classic,EXPRESS,6,Gasoline,48568,,,31000,4,,False
2022,Ram,1500 Classic,EXPRESS,8,Gasoline,29382,,,32400,4,,False
2022,Ram,1500 Classic,EXPRESS,8,Gasoline,15271,,,40000,4,,False
2020,Ram,1500 Classic,SLT,6,Gasoline,139863,,,21750,6,,False
2019,Ram,1500 Classic,EXPRESS,8,Gasoline,62487,,,27000,7,,False
2023,Ram,1500 Classic,SLT,8,Gasoline,44220,,,34000,3,,False
2021,Ram,1500 Classic,WARLOCK,8,Gasoline,64743,,,34700,5,,False
2021,Ram,1500 Classic,WARLOCK,8,Gasoline,49531,,,36000,5,,False
2019,Ram,1500 Classic,WARLOCK,8,Gasoline,145276,,,22000,7,,False
2023,Ram,1500 Classic,EXPRESS,8,Gasoline,44110,,,37000,3,,False
2022,Ram,1500 Classic,WARLOCK,8,Gasoline,41534,,,38000,4,,False
2022,Ram,1500 Classic,WARLOCK,8,Gasoline,80647,,,36900,4,,False
2021,Ram,1500 Classic,WARLOCK,6,Gasoline,142151,,,21200,5,,False
2022,Ram,1500 Classic,SLT,8,Gasoline,23888,,,28000,4,,False
2021,Ram,1500 Classic,EXPRESS,8,Gasoline,99610,,,27800,5,,False
2022,Ram,1500 Classic,EXPRESS,8,Gasoline,78868,,,28600,4,,False
2023,Ram,1500 Classic,EXPRESS,8,Gasoline,108998,,,27500,3,,False
2020,Ram,1500 Classic,EXPRESS,8,Gasoline,146795,,,17500,6,,False
2019,Ram,1500 Classic,EXPRESS,8,Gasoline,220925,,,8500,7,,False
2022,Ram,1500 Classic,SLT,8,Gasoline,53857,,,34500,4,,False
2022,Ram,1500 Classic,SLT,6,Gasoline,79882,,,31000,4,,False
2020,Ram,1500 Classic,EXPRESS,8,Gasoline,44580,,,29500,6,,False
2023,Ram,1500 Classic,SLT,8,Gasoline,59678,,,33300,3,,False
2022,Ram,1500 Classic,TRADESMAN,6,Gasoline,108121,,,27400,4,,False
2022,Ram,1500 Classic,WARLOCK,8,Gasoline,48345,,,39400,4,,False
2023,Ram,1500 Classic,WARLOCK,8,Gasoline,21016,,,45700,3,,False
2019,Ram,1500 Classic,SLT,8,Gasoline,182594,,,18200,7,,False
2019,Ram,1500 Classic,SLT,8,Gasoline,52510,,,31300,7,,False
2019,Ram,1500 Classic,WARLOCK,8,Gasoline,56599,,,35250,7,,False
2019,Ram,1500 Classic,SLT,8,Gasoline,98380,,,21250,7,,False
2019,Ram,1500 Classic,SLT,8,Gasoline,180878,,,12900,7,,False
2019,Ram,1500 Classic,EXPRESS,6,Flex,122519,,,25000,7,,False
2019,Ram,1500 Classic,SLT,6,Flex,113641,,,23000,7,,False
2019,Ram,1500 Classic,EXPRESS,8,Gasoline,73056,,,30000,7,,False
2023,Ram,1500 Classic,EXPRESS,8,Gasoline,17403,,,38200,3,,False
2019,Ram,1500 Classic,EXPRESS,8,Gasoline,220816,,,8300,7,,False
2019,Ram,1500 Classic,EXPRESS,8,Gasoline,183763,,,11400,7,,False
2021,Ram,1500 Classic,WARLOCK,6,Gasoline,86711,,,32500,5,,False
2022,Ram,1500 Classic,EXPRESS,8,Gasoline,21631,,,42500,4,,False
2022,Ram,1500 Classic,EXPRESS,8,Gasoline,53962,,,37500,4,,False
2022,Ram,1500 Classic,EXPRESS,8,Gasoline,21874,,,41000,4,,False
2022,Ram,1500 Classic,SLT,6,Gasoline,62167,,,22250,4,,False
2021,Ram,1500 Classic,WARLOCK,8,Gasoline,269275,,,15500,5,,False
2021,Ram,1500 Classic,EXPRESS,6,Gasoline,65123,,,28300,5,,False
2021,Ram,1500 Classic,EXPRESS,8,Gasoline,99898,,,29700,5,,False
2019,Ram,1500 Classic,WARLOCK,8,Gasoline,160084,,,20300,7,,False
2019,Ram,1500 Classic,SLT,8,Gasoline,91913,,,25750,7,,False
2022,Ram,1500 Classic,WARLOCK,8,Gasoline,53236,,,37000,4,,False
2022,Ram,1500 Classic,EXPRESS,6,Gasoline,47498,,,23750,4,,False
2023,Ram,1500 Classic,TRADESMAN,6,Gasoline,54405,,,30700,3,,False
2019,Ram,1500 Classic,EXPRESS,8,Gasoline,102465,,,28250,7,,False
2022,Ram,1500 Classic,EXPRESS,8,Gasoline,82712,,,30500,4,,False
2020,Ram,1500 Classic,EXPRESS,8,Gasoline,185974,,,17700,6,,False
2023,Ram,1500 Classic,EXPRESS,8,Gasoline,89971,,,32000,3,,False
2020,Ram,1500 Classic,EXPRESS,8,Gasoline,63065,,,11000,6,,False
2024,Ram,1500 Classic,TRADESMAN,8,Gasoline,38707,,,32000,2,,False
2019,Ram,1500 Classic,SLT,6,Diesel,228735,,,11000,7,,False
2022,Ram,1500 Classic,EXPRESS,8,Gasoline,47163,,,40000,4,,False
2020,Ram,1500 Classic,EXPRESS,8,Gasoline,65403,,,29600,6,,False
2022,Ram,1500 Classic,EXPRESS,8,Gasoline,94007,,,29000,4,,False
2022,Ram,1500 Classic,SLT,6,Gasoline,75435,,,33200,4,,False
2022,Ram,1500 Classic,WARLOCK,8,Gasoline,16574,,,43900,4,,False
2021,Ram,1500 Classic,WARLOCK,8,Gasoline,90059,,,30100,5,,False
2019,Ram,1500 Classic,ST,8,Gasoline,59998,,,29500,7,,False
2022,Ram,1500 Classic,WARLOCK,8,Gasoline,43551,,,39200,4,,False
2022,Ram,1500 Classic,WARLOCK,8,Gasoline,28933,,,42750,4,,False
2021,Ram,1500 Classic,EXPRESS,6,Gasoline,91635,,,28600,5,,False
2022,Ram,1500 Classic,EXPRESS,6,Gasoline,78693,,,30600,4,,False
2019,Ram,1500 Classic,EXPRESS,8,Gasoline,129680,,,20200,7,,False
2019,Ram,1500 Classic,TRADESMAN,8,Gasoline,132869,,,21000,7,,False
2019,Ram,1500 Classic,WARLOCK,6,Flex,151428,,,19100,7,,False
2021,Ram,1500 Classic,SLT,6,Gasoline,134468,,,21400,5,,False
2023,Ram,1500 Classic,EXPRESS,8,Gasoline,34485,,,40000,3,,False
2022,Ram,1500 Classic,WARLOCK,8,Gasoline,187377,,,20000,4,,False
2019,Ram,1500 Classic,SLT,8,Gasoline,132435,,,24400,7,,False
2021,Ram,1500 Classic,WARLOCK,6,Gasoline,37393,,,35700,5,,False
2019,Ram,1500 Classic,SLT,8,Gasoline,95753,,,24200,7,,False
2019,Ram,1500 Classic,EXPRESS,8,Gasoline,209883,,,10200,7,,False
2022,Ram,1500 Classic,EXPRESS,8,Gasoline,108460,,,29200,4,,False
2022,Ram,1500 Classic,WARLOCK,6,Gasoline,75641,,,35500,4,,False
2022,Ram,1500 Classic,SLT,8,Gasoline,54785,,,31900,4,,False
2021,Ram,1500 Classic,WARLOCK,8,Gasoline,51237,,,34400,5,,False
2021,Ram,1500 Classic,WARLOCK,6,Gasoline,102778,,,24750,5,,False
2022,Ram,1500 Classic,EXPRESS,8,Gasoline,104385,,,31000,4,,False
2020,Ram,1500 Classic,EXPRESS,8,Gasoline,70155,,,30000,6,,False
2023,Ram,1500 Classic,EXPRESS,8,Gasoline,17664,,,30000,3,,False
2023,Ram,1500 Classic,WARLOCK,6,Gasoline,21717,,,41500,3,,False
2022,Ram,1500 Classic,EXPRESS,8,Gasoline,31236,,,34500,4,,False
2019,Ram,1500 Classic,WARLOCK,8,Gasoline,98710,,,31200,7,,False
2023,Ram,1500 Classic,WARLOCK,8,Gasoline,40378,,,43250,3,,False
2021,Ram,1500 Classic,WARLOCK,8,Gasoline,183446,,,19800,5,,False
2024,Ram,1500 Classic,WARLOCK,8,Gasoline,23099,,,44300,2,,False
2022,Ram,1500 Classic,SLT,8,Gasoline,73552,,,30750,4,,False
2019,Ram,1500 Classic,ST,6,Flex,180329,,,8900,7,,False
2022,Ram,1500 Classic,EXPRESS,6,Gasoline,15067,,,35400,4,,False
2019,Ram,1500 Classic,ST,8,Gasoline,221178,,,8000,7,,False
2019,Ram,1500 Classic,EXPRESS,8,Gasoline,73911,,,26200,7,,False
2019,Ram,1500 Classic,EXPRESS,8,Gasoline,182480,,,14900,7,,False
2022,Ram,1500 Classic,WARLOCK,6,Gasoline,36358,,,36500,4,,False
2022,Ram,1500 Classic,WARLOCK,6,Gasoline,53865,,,34000,4,,False
2019,Ram,1500 Classic,EXPRESS,8,Gasoline,114355,,,23500,7,,False
2021,Ram,1500 Classic,EXPRESS,8,Gasoline,114782,,,19500,5,,False
2021,Ram,1500 Classic,EXPRESS,8,Gasoline,60878,,,30900,5,,False
2021,Ram,1500 Classic,EXPRESS,8,Gasoline,129979,,,22600,5,,False
2022,Ram,1500 Classic,SLT,6,Gasoline,96443,,,31250,4,,False
2021,Ram,1500 Classic,SLT,8,Gasoline,88061,,,30000,5,,False
2023,Ram,1500 Classic,SLT,8,Gasoline,38750,,,33000,3,,False
2021,Ram,1500 Classic,EXPRESS,6,Gasoline,69314,,,27700,5,,False
2022,Ram,1500 Classic,SLT,8,Gasoline,22843,,,33500,4,,False
2019,Ram,1500 Classic,WARLOCK,8,Gasoline,167294,,,25000,7,,False
2021,Ram,1500 Classic,WARLOCK,8,Gasoline,109549,,,29800,5,,False
2021,Ram,1500 Classic,WARLOCK,8,Gasoline,28639,,,39500,5,,False
2021,Ram,1500 Classic,WARLOCK,8,Gasoline,148261,,,20500,5,,False
2019,Ram,1500 Classic,SLT,8,Gasoline,161222,,,13000,7,,False
2022,Ram,1500 Classic,EXPRESS,6,Gasoline,43205,,,32000,4,,False
2019,Ram,1500 Classic,SLT,8,Gasoline,128957,,,18000,7,,False
2022,Ram,1500 Classic,SLT,8,Gasoline,35850,,,34900,4,,False
2023,Ram,1500 Classic,EXPRESS,8,Gasoline,74720,,,33400,3,,False
2023,Ram,1500 Classic,EXPRESS,8,Gasoline,32450,,,38500,3,,False
2021,Ram,1500 Classic,WARLOCK,6,Gasoline,34869,,,34200,5,,False
2021,Ram,1500 Classic,TRADESMAN,6,Gasoline,69965,,,21500,5,,False
2021,Ram,1500 Classic,EXPRESS,8,Gasoline,79372,,,27700,5,,False
2023,Ram,1500 Classic,SLT,8,Gasoline,48934,,,33000,3,,False
2019,Ram,1500 Classic,WARLOCK,6,Flex,156258,,,21000,7,,False
2020,Ram,1500 Classic,EXPRESS,8,Gasoline,102951,,,29000,6,,False
2020,Ram,1500 Classic,EXPRESS,8,Gasoline,84863,,,28800,6,,False
2022,Ram,1500 Classic,SLT,8,Gasoline,27906,,,36500,4,,False
2019,Ram,1500 Classic,ST,6,Flex,132806,,,21000,7,,False
2019,Ram,1500 Classic,EXPRESS,8,Gasoline,205888,,,7100,7,,False
2019,Ram,1500 Classic,EXPRESS,8,Gasoline,161187,,,20400,7,,False
2019,Ram,1500 Classic,TRADESMAN,8,Gasoline,249344,,,6100,7,,False
2019,Ram,1500 Classic,EXPRESS,8,Gasoline,188640,,,11100,7,,False
2021,Ram,1500 Classic,SLT,8,Gasoline,126177,,,22000,5,,False
2022,Ram,1500 Classic,EXPRESS,6,Gasoline,25325,,,38100,4,,False
2021,Ram,1500 Classic,EXPRESS,8,Gasoline,114738,,,15300,5,,False
2019,Ram,1500 Classic,EXPRESS,8,Gasoline,252313,,,8500,7,,False
2019,Ram,1500 Classic,EXPRESS,8,Gasoline,119933,,,24300,7,,False
2022,Ram,1500 Classic,WARLOCK,8,Gasoline,73390,,,29000,4,,False
2022,Ram,1500 Classic,WARLOCK,8,Gasoline,104123,,,24000,4,,False
2022,Ram,1500 Classic,EXPRESS,8,Gasoline,89166,,,28900,4,,False
2022,Ram,1500 Classic,WARLOCK,8,Gasoline,130978,,,27800,4,,False
2022,Ram,1500 Classic,WARLOCK,8,Gasoline,24148,,,41400,4,,False
2021,Ram,1500 Classic,WARLOCK,8,Gasoline,52315,,,36500,5,,False
2023,Ram,1500 Classic,WARLOCK,8,Gasoline,37533,,,44000,3,,False
2021,Ram,1500 Classic,WARLOCK,8,Gasoline,52140,,,36250,5,,False
2021,Ram,1500 Classic,WARLOCK,8,Gasoline,173037,,,15000,5,,False
2020,Ram,1500 Classic,WARLOCK,8,Gasoline,174808,,,15000,6,,False
2022,Ram,1500 Classic,SLT,8,Gasoline,31491,,,40000,4,,False
2021,Ram,1500 Classic,WARLOCK,8,Gasoline,58195,,,36200,5,,False
2022,Ram,1500 Classic,WARLOCK,8,Gasoline,94105,,,28500,4,,False
2022,Ram,1500 Classic,EXPRESS,6,Gasoline,53982,,,34000,4,,False
2022,Ram,1500 Classic,EXPRESS,6,Gasoline,45835,,,35800,4,,False
2019,Ram,1500 Classic,EXPRESS,6,Flex,104830,,,21250,7,,False
2022,Ram,1500 Classic,EXPRESS,8,Gasoline,50438,,,21000,4,,False
2023,Ram,1500 Classic,TRADESMAN,6,Gasoline,10026,,,33500,3,,False
2023,Ram,1500 Classic,EXPRESS,6,Gasoline,34556,,,37750,3,,False
2020,Ram,1500 Classic,EXPRESS,8,Gasoline,100000,,,28200,6,,False
2019,Ram,1500 Classic,EXPRESS,8,Gasoline,191918,,,13800,7,,False
2019,Ram,1500 Classic,EXPRESS,8,Gasoline,76033,,,34600,7,,False
2023,Ram,1500 Classic,EXPRESS,8,Gasoline,22678,,,41400,3,,False
2019,Ram,1500 Classic,EXPRESS,8,Gasoline,76028,,,31250,7,,False
2021,Ram,1500 Classic,WARLOCK,6,Gasoline,58924,,,35000,5,,False
2022,Ram,1500 Classic,WARLOCK,6,Gasoline,56516,,,36400,4,,False
2023,Ram,1500 Classic,WARLOCK,6,Gasoline,32211,,,41000,3,,False
2023,Ram,1500 Classic,WARLOCK,6,Gasoline,35056,,,40750,3,,False
2019,Ram,1500 Classic,SLT,6,Diesel,174230,,,9500,7,,False
2019,Ram,1500 Classic,SLT,6,Diesel,170298,,,19800,7,,False
2023,Ram,1500 Classic,EXPRESS,6,Gasoline,37897,,,37700,3,,False
2022,Ram,1500 Classic,EXPRESS,8,Gasoline,45351,,,37000,4,,False
2021,Ram,1500 Classic,EXPRESS,8,Gasoline,84969,,,33000,5,,False
2021,Ram,1500 Classic,EXPRESS,8,Gasoline,36329,,,33200,5,,False
2022,Ram,1500 Classic,EXPRESS,8,Gasoline,26101,,,36200,4,,False
2021,Ram,1500 Classic,EXPRESS,8,Gasoline,80409,,,33000,5,,False
2022,Ram,1500 Classic,SLT,8,Gasoline,51009,,,36000,4,,False
2020,Ram,1500 Classic,EXPRESS,8,Gasoline,64155,,,33000,6,,False
2022,Ram,1500 Classic,EXPRESS,8,Gasoline,38603,,,35500,4,,False
2022,Ram,1500 Classic,EXPRESS,8,Gasoline,59378,,,35300,4,,False
2022,Ram,1500 Classic,SLT,8,Gasoline,23330,,,36500,4,,False
2021,Ram,1500 Classic,WARLOCK,8,Gasoline,140927,,,19000,5,,False
2021,Ram,1500 Classic,SLT,8,Gasoline,118462,,,28000,5,,False
2021,Ram,1500 Classic,WARLOCK,8,Gasoline,28636,,,40000,5,,False
2020,Ram,1500 Classic,SLT,8,Gasoline,74360,,,29500,6,,False
2023,Ram,1500 Classic,EXPRESS,8,Gasoline,40910,,,38250,3,,False
2020,Ram,1500 Classic,EXPRESS,8,Gasoline,156369,,,21000,6,,False
2022,Ram,1500 Classic,WARLOCK,6,Gasoline,36355,,,37500,4,,False
2019,Ram,1500 Classic,SLT,6,Flex,185025,,,13200,7,,False
2021,Ram,1500 Classic,WARLOCK,6,Gasoline,130551,,,26500,5,,False
2021,Ram,1500 Classic,TRADESMAN,6,Gasoline,213254,,,10000,5,,False
2019,Ram,1500 Classic,ST,6,Flex,55350,,,12500,7,,False
2021,Ram,1500 Classic,TRADESMAN,6,Gasoline,116554,,,20500,5,,False
2019,Ram,1500 Classic,SLT,6,Flex,137466,,,18250,7,,False
2022,Ram,1500 Classic,EXPRESS,8,Gasoline,41768,,,34750,4,,False
2022,Ram,1500 Classic,EXPRESS,8,Gasoline,31352,,,36500,4,,False
2020,Ram,1500 Classic,EXPRESS,8,Gasoline,141060,,,17000,6,,False
2022,Ram,1500 Classic,SLT,6,Gasoline,141427,,,26000,4,,False
2019,Ram,1500 Classic,SLT,8,Gasoline,70197,,,29750,7,,False
2023,Ram,1500 Classic,TRADESMAN,6,Gasoline,17359,,,39300,3,,False
2022,Ram,1500 Classic,SLT,8,Gasoline,49200,,,35000,4,,False
2022,Ram,1500 Classic,EXPRESS,8,Gasoline,81689,,,29500,4,,False
2022,Ram,1500 Classic,WARLOCK,6,Gasoline,122058,,,29800,4,,False
2023,Ram,1500 Classic,SLT,8,Gasoline,60038,,,34000,3,,False
2021,Ram,1500 Classic,SLT,8,Gasoline,111888,,,24200,5,,False
2022,Ram,1500 Classic,SLT,8,Gasoline,72830,,,30000,4,,False
2019,Ram,1500 Classic,EXPRESS,8,Gasoline,183635,,,12000,7,,False
2022,Ram,1500 Classic,SLT,8,Gasoline,84601,,,30300,4,,False
2023,Ram,1500 Classic,WARLOCK,8,Gasoline,35598,,,45500,3,,False
2019,Ram,1500 Classic,EXPRESS,8,Gasoline,115888,,,29300,7,,False
2021,Ram,1500 Classic,EXPRESS,6,Gasoline,163782,,,14500,5,,False
2023,Ram,1500 Classic,EXPRESS,6,Gasoline,21848,,,28500,3,,False
2020,Ram,1500 Classic,EXPRESS,8,Gasoline,247292,,,9500,6,,False
2019,Ram,1500 Classic,SLT,8,Gasoline,184507,,,16800,7,,False
2019,Ram,1500 Classic,WARLOCK,8,Gasoline,167987,,,18500,7,,False
2019,Ram,1500 Classic,WARLOCK,8,Gasoline,158237,,,18750,7,,False
2021,Ram,1500 Classic,TRADESMAN,6,Gasoline,90804,,,18500,5,,False
2023,Ram,1500 Classic,EXPRESS,8,Gasoline,33479,,,32000,3,,False
2022,Ram,1500 Classic,WARLOCK,6,Gasoline,73237,,,34400,4,,False
2023,Ram,1500 Classic,EXPRESS,8,Gasoline,89259,,,27500,3,,False
2021,Ram,1500 Classic,WARLOCK,6,Gasoline,98061,,,28000,5,,False
2022,Ram,1500 Classic,WARLOCK,6,Gasoline,40788,,,37500,4,,False
2022,Ram,1500 Classic,WARLOCK,6,Gasoline,44262,,,38000,4,,False
2021,Ram,1500 Classic,EXPRESS,6,Gasoline,27295,,,34000,5,,False
2019,Ram,1500 Classic,EXPRESS,8,Gasoline,138020,,,19750,7,,False
2021,Ram,1500 Classic,EXPRESS,8,Gasoline,101858,,,22900,5,,False
2019,Ram,1500 Classic,EXPRESS,8,Gasoline,83351,,,27300,7,,False
2019,Ram,1500 Classic,WARLOCK,8,Gasoline,161461,,,21000,7,,False
2021,Ram,1500 Classic,EXPRESS,8,Gasoline,51498,,,32300,5,,False
2021,Ram,1500 Classic,WARLOCK,8,Gasoline,79804,,,35000,5,,False
2021,Ram,1500 Classic,WARLOCK,8,Gasoline,77935,,,35000,5,,False
2020,Ram,1500 Classic,WARLOCK,8,Gasoline,235162,,,14500,6,,False
2021,Ram,1500 Classic,WARLOCK,8,Gasoline,22904,,,38000,5,,False
2019,Ram,1500 Classic,ST,6,Flex,125169,,,21600,7,,False
2022,Ram,1500 Classic,TRADESMAN,6,Gasoline,51231,,,32200,4,,False
2019,Ram,1500 Classic,EXPRESS,6,Flex,122938,,,22700,7,,False
2019,Ram,1500 Classic,WARLOCK,6,Flex,198932,,,17000,7,,False
2022,Ram,1500 Classic,WARLOCK,8,Gasoline,73280,,,27750,4,,False
2019,Ram,1500 Classic,EXPRESS,8,Gasoline,150070,,,22000,7,,False
2019,Ram,1500 Classic,TRADESMAN,8,Gasoline,179941,,,14700,7,,False
2023,Ram,1500 Classic,WARLOCK,6,Gasoline,21712,,,43800,3,,False
2019,Ram,1500 Classic,SLT,6,Diesel,129397,,,19300,7,,False
2022,Ram,1500 Classic,EXPRESS,8,Gasoline,47583,,,31000,4,,False
2019,Ram,1500 Classic,SLT,6,Diesel,205860,,,12100,7,,False
2019,Ram,1500 Classic,ST,6,Flex,146676,,,14000,7,,False
2021,Ram,1500 Classic,EXPRESS,6,Gasoline,156895,,,17200,5,,False
2022,Ram,1500 Classic,SLT,6,Gasoline,23656,,,35100,4,,False
2019,Ram,1500 Classic,SLT,8,Gasoline,132216,,,21000,7,,False
2020,Ram,1500 Classic,EXPRESS,6,Gasoline,41519,,,25100,6,,False
2023,Ram,1500 Classic,TRADESMAN,6,Gasoline,12839,,,39000,3,,False
2022,Ram,1500 Classic,EXPRESS,6,Gasoline,62051,,,30600,4,,False
2022,Ram,1500 Classic,WARLOCK,6,Gasoline,46003,,,33500,4,,False
2022,Ram,1500 Classic,SLT,8,Gasoline,115701,,,28500,4,,False
2020,Ram,1500 Classic,SLT,8,Gasoline,159481,,,23600,6,,False
2021,Ram,1500 Classic,WARLOCK,8,Gasoline,138595,,,29500,5,,False
2020,Ram,1500 Classic,EXPRESS,8,Gasoline,109023,,,27200,6,,False
2023,Ram,1500 Classic,EXPRESS,8,Gasoline,11500,,,43500,3,,False
2022,Ram,1500 Classic,WARLOCK,6,Gasoline,53583,,,39400,4,,False
2021,Ram,1500 Classic,EXPRESS,6,Gasoline,151555,,,21100,5,,False
2023,Ram,1500 Classic,WARLOCK,8,Gasoline,16305,,,44000,3,,False
2022,Ram,1500 Classic,TRADESMAN,8,Gasoline,44143,,,31600,4,,False
2022,Ram,1500 Classic,WARLOCK,8,Gasoline,44959,,,38500,4,,False
2022,Ram,1500 Classic,WARLOCK,8,Gasoline,22329,,,40500,4,,False
2019,Ram,1500 Classic,EXPRESS,6,Flex,90584,,,21700,7,,False
2022,Ram,1500 Classic,WARLOCK,6,Gasoline,48633,,,36700,4,,False
2020,Ram,1500 Classic,WARLOCK,8,Gasoline,78072,,,32400,6,,False
2019,Ram,1500 Classic,SLT,8,Gasoline,39598,,,27000,7,,False
2023,Ram,1500 Classic,EXPRESS,6,Gasoline,70371,,,30700,3,,False
2021,Ram,1500 Classic,TRADESMAN,6,Gasoline,235267,,,13500,5,,False
2022,Ram,1500 Classic,EXPRESS,8,Gasoline,82702,,,30700,4,,False
2019,Ram,1500 Classic,EXPRESS,8,Gasoline,127071,,,23300,7,,False
2023,Ram,1500 Classic,WARLOCK,6,Gasoline,22365,,,40750,3,,False
2021,Ram,1500 Classic,WARLOCK,6,Gasoline,168194,,,20000,5,,False
2022,Ram,1500 Classic,EXPRESS,6,Gasoline,25588,,,37750,4,,False
2020,Ram,1500 Classic,EXPRESS,8,Gasoline,182743,,,18900,6,,False
2022,Ram,1500 Classic,EXPRESS,8,Gasoline,23969,,,42600,4,,False
2023,Ram,1500 Classic,EXPRESS,8,Gasoline,36921,,,36800,3,,False
2023,Ram,1500 Classic,SLT,8,Gasoline,25522,,,44000,3,,False
2022,Ram,1500 Classic,SLT,8,Gasoline,59024,,,33600,4,,False
2022,Ram,1500 Classic,WARLOCK,8,Gasoline,44757,,,42500,4,,False
2021,Ram,1500 Classic,EXPRESS,8,Gasoline,111737,,,28300,5,,False
2023,Ram,1500 Classic,EXPRESS,6,Gasoline,34500,,,34000,3,,False
2022,Ram,1500 Classic,TRADESMAN,6,Gasoline,10629,,,35300,4,,False
2022,Ram,1500 Classic,WARLOCK,8,Gasoline,37622,,,38500,4,,False
2021,Ram,1500 Classic,WARLOCK,8,Gasoline,187370,,,19600,5,,False
2022,Ram,1500 Classic,WARLOCK,8,Gasoline,36981,,,42750,4,,False
2022,Ram,1500 Classic,WARLOCK,8,Gasoline,55707,,,37500,4,,False
2019,Ram,1500 Classic,EXPRESS,6,Flex,117718,,,21900,7,,False
2022,Ram,1500 Classic,WARLOCK,6,Gasoline,94813,,,28500,4,,False
2021,Ram,1500 Classic,WARLOCK,8,Gasoline,32079,,,38750,5,,False
2022,Ram,1500 Classic,EXPRESS,8,Gasoline,34788,,,40500,4,,False
2022,Ram,1500 Classic,EXPRESS,8,Gasoline,47809,,,37500,4,,False
2019,Ram,1500 Classic,EXPRESS,8,Gasoline,72512,,,31750,7,,False
2023,Ram,1500 Classic,EXPRESS,8,Gasoline,59067,,,37250,3,,False
2022,Ram,1500 Classic,WARLOCK,6,Gasoline,86371,,,33700,4,,False
2021,Ram,1500 Classic,WARLOCK,6,Gasoline,60836,,,31000,5,,False
2022,Ram,1500 Classic,TRADESMAN,6,Gasoline,60679,,,23500,4,,False
2019,Ram,1500 Classic,EXPRESS,8,Gasoline,120726,,,20400,7,,False
2021,Ram,1500 Classic,EXPRESS,8,Gasoline,107713,,,27200,5,,False
2023,Ram,1500 Classic,SLT,6,Gasoline,31391,,,29000,3,,False
2019,Ram,1500 Classic,EXPRESS,8,Gasoline,117347,,,25600,7,,False
2019,Ram,1500 Classic,EXPRESS,8,Gasoline,166211,,,22800,7,,False
2023,Ram,1500 Classic,WARLOCK,8,Gasoline,15524,,,33300,3,,False
2021,Ram,1500 Classic,WARLOCK,8,Gasoline,162300,,,20000,5,,False
2019,Ram,1500 Classic,SLT,8,Gasoline,165771,,,13500,7,,False
2023,Ram,1500 Classic,EXPRESS,6,Gasoline,25433,,,33250,3,,False
2019,Ram,1500 Classic,EXPRESS,8,Gasoline,156064,,,15500,7,,False
2021,Ram,1500 Classic,EXPRESS,8,Gasoline,54364,,,25250,5,,False
2021,Ram,1500 Classic,EXPRESS,8,Gasoline,173200,,,19100,5,,False
2021,Ram,1500 Classic,EXPRESS,6,Gasoline,65856,,,34200,5,,False
2019,Ram,1500 Classic,WARLOCK,8,Gasoline,110743,,,30300,7,,False
2023,Ram,1500 Classic,EXPRESS,6,Gasoline,34599,,,34300,3,,False
2019,Ram,1500 Classic,EXPRESS,8,Gasoline,80664,,,24600,7,,False
2022,Ram,1500 Classic,SLT,8,Gasoline,63057,,,32600,4,,False
2019,Ram,1500 Classic,SLT,8,Gasoline,338101,,,5500,7,,False
2023,Ram,1500 Classic,TRADESMAN,8,Gasoline,41075,,,29300,3,,False
2023,Ram,1500 Classic,WARLOCK,8,Gasoline,26700,,,45700,3,,False
2022,Ram,1500 Classic,WARLOCK,8,Gasoline,19396,,,41800,4,,False
2019,Ram,1500 Classic,EXPRESS,8,Gasoline,80500,,,35900,7,,False
2022,Ram,1500 Classic,WARLOCK,8,Gasoline,105164,,,35100,4,,False
2022,Ram,1500 Classic,WARLOCK,8,Gasoline,10146,,,45500,4,,False
2023,Ram,1500 Classic,WARLOCK,8,Gasoline,30767,,,43800,3,,False
2022,Ram,1500 Classic,WARLOCK,8,Gasoline,32652,,,41750,4,,False
2022,Ram,1500 Classic,SLT,8,Gasoline,14572,,,30000,4,,False
2019,Ram,1500 Classic,WARLOCK,8,Gasoline,179865,,,19100,7,,False
2022,Ram,1500 Classic,EXPRESS,6,Gasoline,10295,,,33000,4,,False
2019,Ram,1500 Classic,EXPRESS,6,Flex,162968,,,15900,7,,False
2022,Ram,1500 Classic,SLT,6,Gasoline,62456,,,31600,4,,False
2023,Ram,1500 Classic,EXPRESS,6,Gasoline,20334,,,41000,3,,False
2019,Ram,1500 Classic,ST,6,Flex,137991,,,19000,7,,False
2019,Ram,1500 Classic,EXPRESS,8,Gasoline,67182,,,34300,7,,False
2020,Ram,1500 Classic,EXPRESS,8,Gasoline,159825,,,21750,6,,False
2019,Ram,1500 Classic,SLT,6,Flex,125909,,,23900,7,,False
2022,Ram,1500 Classic,WARLOCK,6,Gasoline,38994,,,39000,4,,False
2023,Ram,1500 Classic,WARLOCK,6,Gasoline,33450,,,44400,3,,False
2020,Ram,1500 Classic,EXPRESS,8,Gasoline,111786,,,26400,6,,False
2022,Ram,1500 Classic,EXPRESS,8,Gasoline,135054,,,23000,4,,False
2022,Ram,1500 Classic,EXPRESS,8,Gasoline,89266,,,32000,4,,False
2022,Ram,1500 Classic,SLT,6,Gasoline,46261,,,36500,4,,False
2020,Ram,1500 Classic,SLT,6,Gasoline,181261,,,14000,6,,False
2023,Ram,1500 Classic,WARLOCK,8,Gasoline,47264,,,44500,3,,False
2021,Ram,1500 Classic,WARLOCK,8,Gasoline,71765,,,34800,5,,False
2022,Ram,1500 Classic,WARLOCK,8,Gasoline,63959,,,36250,4,,False
2022,Ram,1500 Classic,WARLOCK,8,Gasoline,36552,,,40750,4,,False
2021,Ram,1500 Classic,WARLOCK,8,Gasoline,88535,,,33600,5,,False
2022,Ram,1500 Classic,TRADESMAN,6,Gasoline,168071,,,17500,4,,False
2019,Ram,1500 Classic,SLT,8,Gasoline,126806,,,18250,7,,False
2020,Ram,1500 Classic,EXPRESS,8,Gasoline,95372,,,29600,6,,False
2019,Ram,1500 Classic,EXPRESS,8,Gasoline,70038,,,35900,7,,False
2022,Ram,1500 Classic,WARLOCK,6,Gasoline,65294,,,37750,4,,False
2019,Ram,1500 Classic,SLT,6,Diesel,116518,,,10500,7,,False
2019,Ram,1500 Classic,SLT,6,Flex,128974,,,17000,7,,False
2023,Ram,1500 Classic,EXPRESS,6,Gasoline,59463,,,39200,3,,False
2022,Ram,1500 Classic,EXPRESS,8,Gasoline,30249,,,37250,4,,False
2022,Ram,1500 Classic,EXPRESS,8,Gasoline,36165,,,37500,4,,False
2022,Ram,1500 Classic,EXPRESS,8,Gasoline,72719,,,36000,4,,False
2022,Ram,1500 Classic,SLT,6,Gasoline,140935,,,27000,4,,False
2022,Ram,1500 Classic,SLT,6,Gasoline,22893,,,34400,4,,False
2022,Ram,1500 Classic,SLT,8,Gasoline,44773,,,37750,4,,False
2021,Ram,1500 Classic,WARLOCK,6,Gasoline,82697,,,32000,5,,False
2023,Ram,1500 Classic,WARLOCK,8,Gasoline,23960,,,45500,3,,False
2023,Ram,1500 Classic,TRADESMAN,6,Gasoline,42286,,,31700,3,,False
2022,Ram,1500 Classic,EXPRESS,8,Gasoline,35276,,,26400,4,,False
2020,Ram,1500 Classic,EXPRESS,8,Gasoline,187852,,,18000,6,,False
2021,Ram,1500 Classic,EXPRESS,6,Gasoline,193927,,,12000,5,,False
2021,Ram,1500 Classic,EXPRESS,8,Gasoline,78716,,,34000,5,,False
2022,Ram,1500 Classic,EXPRESS,8,Gasoline,108452,,,25000,4,,False
2019,Ram,1500 Classic,ST,6,Flex,113586,,,15500,7,,False
2019,Ram,1500 Classic,EXPRESS,8,Gasoline,84976,,,34300,7,,False
2019,Ram,1500 Classic,EXPRESS,8,Gasoline,197090,,,19100,7,,False
2021,Ram,1500 Classic,EXPRESS,6,Gasoline,171470,,,17500,5,,False
2021,Ram,1500 Classic,WARLOCK,8,Gasoline,88354,,,35800,5,,False
2020,Ram,1500 Classic,EXPRESS,8,Gasoline,126268,,,30100,6,,False
2021,Ram,1500 Classic,SLT,8,Gasoline,89677,,,29400,5,,False
2019,Ram,1500 Classic,ST,6,Flex,281079,,,4400,7,,False
2022,Ram,1500 Classic,SLT,8,Gasoline,29028,,,27900,4,,False
2020,Ram,1500 Classic,ST,6,Gasoline,112457,,,22000,6,,False
2020,Ram,1500 Classic,TRADESMAN,8,Gasoline,248701,,,12000,6,,False
2019,Ram,1500 Classic,ST,8,Gasoline,315905,,,6100,7,,False
2019,Ram,1500 Classic,EXPRESS,8,Gasoline,122032,,,22200,7,,False
2019,Ram,1500 Classic,EXPRESS,8,Gasoline,109849,,,23100,7,,False
2019,Ram,1500 Classic,EXPRESS,8,Gasoline,163208,,,16100,7,,False
2019,Ram,1500 Classic,EXPRESS,8,Gasoline,250545,,,7600,7,,False
2022,Ram,1500 Classic,EXPRESS,6,Gasoline,53477,,,31250,4,,False
2020,Ram,1500 Classic,EXPRESS,8,Gasoline,98780,,,26500,6,,False
2020,Ram,1500 Classic,EXPRESS,8,Gasoline,109133,,,26600,6,,False
2019,Ram,1500 Classic,EXPRESS,8,Gasoline,60046,,,29000,7,,False
2019,Ram,1500 Classic,SLT,8,Gasoline,167573,,,10200,7,,False
2023,Ram,1500 Classic,WARLOCK,8,Gasoline,47896,,,43250,3,,False
2022,Ram,1500 Classic,WARLOCK,8,Gasoline,91911,,,31500,4,,False
2022,Ram,1500 Classic,WARLOCK,8,Gasoline,50703,,,39100,4,,False
2022,Ram,1500 Classic,WARLOCK,8,Gasoline,43226,,,38000,4,,False
2021,Ram,1500 Classic,WARLOCK,8,Gasoline,119702,,,31500,5,,False
2021,Ram,1500 Classic,TRADESMAN,8,Gasoline,66482,,,10000,5,,False
2022,Ram,1500 Classic,SLT,8,Gasoline,66235,,,35250,4,,False
2022,Ram,1500 Classic,SLT,8,Gasoline,98155,,,32200,4,,False
2022,Ram,1500 Classic,WARLOCK,8,Gasoline,52133,,,40200,4,,False
2022,Ram,1500 Classic,WARLOCK,8,Gasoline,62380,,,36750,4,,False
2023,Ram,1500 Classic,EXPRESS,6,Gasoline,28628,,,40000,3,,False
2019,Ram,1500 Classic,EXPRESS,8,Gasoline,123866,,,26250,7,,False
2020,Ram,1500 Classic,EXPRESS,8,Gasoline,131989,,,25600,6,,False
2022,Ram,1500 Classic,WARLOCK,6,Gasoline,84185,,,29500,4,,False
2022,Ram,1500 Classic,SLT,6,Gasoline,163523,,,25600,4,,False
2022,Ram,1500 Classic,SLT,6,Gasoline,123822,,,30000,4,,False
2022,Ram,1500 Classic,SLT,8,Gasoline,30099,,,41000,4,,False
2020,Ram,1500 Classic,WARLOCK,8,Gasoline,119542,,,25600,6,,False
2020,Ram,1500 Classic,EXPRESS,8,Gasoline,137902,,,24500,6,,False
2021,Ram,1500 Classic,EXPRESS,8,Gasoline,66681,,,29000,5,,False
2023,Ram,1500 Classic,EXPRESS,8,Gasoline,62375,,,34500,3,,False
2019,Ram,1500 Classic,WARLOCK,8,Gasoline,65031,,,32250,7,,False
2021,Ram,1500 Classic,WARLOCK,8,Gasoline,73008,,,34400,5,,False
2022,Ram,1500 Classic,WARLOCK,8,Gasoline,25556,,,40800,4,,False
2022,Ram,1500 Classic,WARLOCK,8,Gasoline,23156,,,42500,4,,False
2022,Ram,1500 Classic,SLT,8,Gasoline,106973,,,29800,4,,False
2023,Ram,1500 Classic,WARLOCK,8,Gasoline,44218,,,39000,3,,False
2019,Ram,1500 Classic,SLT,8,Gasoline,90337,,,28000,7,,False
2019,Ram,1500 Classic,ST,6,Flex,220119,,,9500,7,,False
2021,Ram,1500 Classic,EXPRESS,6,Gasoline,122870,,,24800,5,,False
2022,Ram,1500 Classic,EXPRESS,6,Gasoline,31975,,,24000,4,,False
2019,Ram,1500 Classic,SLT,6,Flex,214157,,,11500,7,,False
2022,Ram,1500 Classic,WARLOCK,6,Gasoline,28839,,,36750,4,,False
2020,Ram,1500 Classic,SLT,6,Gasoline,214189,,,12100,6,,False
2019,Ram,1500 Classic,EXPRESS,8,Gasoline,124369,,,24600,7,,False
2021,Ram,1500 Classic,WARLOCK,6,Gasoline,126560,,,27900,5,,False
2021,Ram,1500 Classic,SLT,6,Gasoline,116252,,,25900,5,,False
2019,Ram,1500 Classic,SLT,6,Flex,95532,,,17000,7,,False
2021,Ram,1500 Classic,EXPRESS,8,Gasoline,56196,,,31750,5,,False
2022,Ram,1500 Classic,EXPRESS,8,Gasoline,75998,,,33500,4,,False
2020,Ram,1500 Classic,SLT,6,Gasoline,150307,,,20000,6,,False
2019,Ram,1500 Classic,TRADESMAN,8,Gasoline,124980,,,17500,7,,False
2019,Ram,1500 Classic,EXPRESS,8,Gasoline,68300,,,21800,7,,False
2022,Ram,1500 Classic,WARLOCK,8,Gasoline,13250,,,39500,4,,False
2019,Ram,1500 Classic,EXPRESS,8,Gasoline,101373,,,22800,7,,False
2022,Ram,1500 Classic,SLT,8,Gasoline,110617,,,31400,4,,False
2022,Ram,1500 Classic,WARLOCK,8,Gasoline,93370,,,34400,4,,False
2022,Ram,1500 Classic,WARLOCK,8,Gasoline,93657,,,35500,4,,False
2019,Ram,1500 Classic,EXPRESS,8,Gasoline,191876,,,13600,7,,False
2019,Ram,1500 Classic,EXPRESS,8,Gasoline,197361,,,10500,7,,False
2020,Ram,1500 Classic,EXPRESS,8,Gasoline,216461,,,8700,6,,False
2019,Ram,1500 Classic,EXPRESS,8,Gasoline,123706,,,25100,7,,False
2020,Ram,1500 Classic,EXPRESS,8,Gasoline,65961,,,34000,6,,False
2021,Ram,1500 Classic,WARLOCK,8,Gasoline,25900,,,39500,5,,False
2019,Ram,1500 Classic,WARLOCK,6,Flex,95276,,,27300,7,,False
2022,Ram,1500 Classic,WARLOCK,8,Gasoline,69081,,,36900,4,,False
2021,Ram,1500 Classic,EXPRESS,8,Gasoline,94955,,,29400,5,,False
2023,Ram,1500 Classic,EXPRESS,8,Gasoline,153782,,,23500,3,,False
2022,Ram,1500 Classic,SLT,6,Gasoline,41700,,,30700,4,,False
2021,Ram,1500 Classic,EXPRESS,8,Gasoline,96500,,,29100,5,,False
2021,Ram,1500 Classic,WARLOCK,8,Gasoline,138010,,,21300,5,,False
2019,Ram,1500 Classic,EXPRESS,6,Flex,79438,,,19500,7,,False
2020,Ram,1500 Classic,EXPRESS,8,Gasoline,159262,,,16000,6,,False
2023,Ram,1500 Classic,EXPRESS,6,Gasoline,23576,,,41200,3,,False
2022,Ram,1500 Classic,WARLOCK,6,Gasoline,86316,,,33200,4,,False
2023,Ram,1500 Classic,WARLOCK,6,Gasoline,33405,,,42000,3,,False
2023,Ram,1500 Classic,EXPRESS,6,Gasoline,58850,,,32200,3,,False
2020,Ram,1500 Classic,EXPRESS,8,Gasoline,76378,,,25000,6,,False
2019,Ram,1500 Classic,EXPRESS,8,Gasoline,104508,,,30500,7,,False
2022,Ram,1500 Classic,SLT,8,Gasoline,62974,,,32600,4,,False
2023,Ram,1500 Classic,WARLOCK,8,Gasoline,23214,,,47800,3,,False
2022,Ram,1500 Classic,WARLOCK,8,Gasoline,45157,,,40800,4,,False
2023,Ram,1500 Classic,WARLOCK,8,Gasoline,81149,,,26750,3,,False
2019,Ram,1500 Classic,WARLOCK,8,Gasoline,174570,,,21600,7,,False
2021,Ram,1500 Classic,WARLOCK,8,Gasoline,49368,,,36000,5,,False
2022,Ram,1500 Classic,WARLOCK,8,Gasoline,47683,,,39250,4,,False
2019,Ram,1500 Classic,EXPRESS,6,Flex,163775,,,16500,7,,False
2021,Ram,1500 Classic,EXPRESS,6,Gasoline,155005,,,25000,5,,False
2021,Ram,1500 Classic,EXPRESS,6,Gasoline,134684,,,23600,5,,False
2023,Ram,1500 Classic,EXPRESS,6,Gasoline,54219,,,36000,3,,False
2023,Ram,1500 Classic,EXPRESS,6,Gasoline,21365,,,40500,3,,False
2019,Ram,1500 Classic,EXPRESS,8,Gasoline,87690,,,31000,7,,False
2023,Ram,1500 Classic,EXPRESS,8,Gasoline,19818,,,41750,3,,False
2019,Ram,1500 Classic,EXPRESS,8,Gasoline,123905,,,22800,7,,False
2023,Ram,1500 Classic,EXPRESS,8,Gasoline,36111,,,42500,3,,False
2019,Ram,1500 Classic,EXPRESS,8,Gasoline,180443,,,18700,7,,False
2023,Ram,1500 Classic,EXPRESS,6,Gasoline,32424,,,39500,3,,False
2019,Ram,1500 Classic,EXPRESS,8,Gasoline,96579,,,26300,7,,False
2019,Ram,1500 Classic,EXPRESS,8,Gasoline,120390,,,25400,7,,False
2020,Ram,1500 Classic,EXPRESS,8,Gasoline,312512,,,8600,6,,False
2020,Ram,1500 Classic,EXPRESS,8,Gasoline,197201,,,13000,6,,False
2019,Ram,1500 Classic,EXPRESS,8,Gasoline,134792,,,19000,7,,False
2020,Ram,1500 Classic,EXPRESS,8,Gasoline,97838,,,19800,6,,False
2020,Ram,1500 Classic,EXPRESS,8,Gasoline,191096,,,9500,6,,False
2021,Ram,1500 Classic,EXPRESS,8,Gasoline,226742,,,14250,5,,False
2022,Ram,1500 Classic,EXPRESS,8,Gasoline,23040,,,39000,4,,False
2022,Ram,1500 Classic,SLT,8,Gasoline,58771,,,33250,4,,False
2023,Ram,1500 Classic,SLT,8,Gasoline,62094,,,33000,3,,False
2021,Ram,1500 Classic,EXPRESS,6,Gasoline,119402,,,25000,5,,False
2019,Ram,1500 Classic,EXPRESS,6,Flex,140384,,,17800,7,,False
2023,Ram,1500 Classic,EXPRESS,6,Gasoline,11167,,,39000,3,,False
2022,Ram,1500 Classic,EXPRESS,8,Gasoline,69336,,,33500,4,,False
2022,Ram,1500 Classic,WARLOCK,8,Gasoline,42284,,,37500,4,,False
2022,Ram,1500 Classic,WARLOCK,8,Gasoline,82156,,,33500,4,,False
2019,Ram,1500 Classic,WARLOCK,8,Gasoline,149305,,,25000,7,,False
2022,Ram,1500 Classic,WARLOCK,8,Gasoline,41647,,,38700,4,,False
2019,Ram,1500 Classic,EXPRESS,6,Flex,224975,,,8800,7,,False
2021,Ram,1500 Classic,EXPRESS,8,Gasoline,55969,,,34250,5,,False
2022,Ram,1500 Classic,EXPRESS,6,Gasoline,50795,,,18750,4,,False
2022,Ram,1500 Classic,EXPRESS,8,Gasoline,34783,,,40800,4,,False
2019,Ram,1500 Classic,WARLOCK,6,Flex,167267,,,21750,7,,False
2022,Ram,1500 Classic,WARLOCK,6,Gasoline,128982,,,22600,4,,False
2021,Ram,1500 Classic,WARLOCK,6,Gasoline,45458,,,34750,5,,False
2020,Ram,1500 Classic,EXPRESS,8,Gasoline,36541,,,33800,6,,False
2021,Ram,1500 Classic,EXPRESS,8,Gasoline,56192,,,30800,5,,False
2021,Ram,1500 Classic,EXPRESS,8,Gasoline,85299,,,30250,5,,False
2022,Ram,1500 Classic,EXPRESS,8,Gasoline,23837,,,37800,4,,False
2022,Ram,1500 Classic,WARLOCK,8,Gasoline,10870,,,44400,4,,False
2021,Ram,1500 Classic,WARLOCK,8,Gasoline,45791,,,37700,5,,False
2020,Ram,1500 Classic,WARLOCK,8,Gasoline,121200,,,17500,6,,False
2020,Ram,1500 Classic,EXPRESS,8,Gasoline,147147,,,25000,6,,False
2022,Ram,1500 Classic,TRADESMAN,8,Gasoline,62507,,,30500,4,,False
2021,Ram,1500 Classic,TRADESMAN,8,Gasoline,142176,,,17200,5,,False
2022,Ram,1500 Classic,WARLOCK,8,Gasoline,25718,,,37750,4,,False
2023,Ram,1500 Classic,TRADESMAN,8,Gasoline,32917,,,28300,3,,False
2019,Ram,1500 Classic,EXPRESS,6,Flex,51700,,,23800,7,,False
2022,Ram,1500 Classic,WARLOCK,8,Gasoline,54874,,,37700,4,,False
2022,Ram,1500 Classic,WARLOCK,6,Gasoline,40594,,,37100,4,,False
2021,Ram,1500 Classic,WARLOCK,8,Gasoline,88188,,,35500,5,,False
2021,Ram,1500 Classic,WARLOCK,8,Gasoline,144599,,,26800,5,,False
2022,Ram,1500 Classic,WARLOCK,6,Gasoline,78564,,,34900,4,,False
2019,Ram,1500 Classic,EXPRESS,6,Flex,208144,,,13200,7,,False
2020,Ram,1500 Classic,WARLOCK,8,Gasoline,131277,,,29500,6,,False
2023,Ram,1500 Classic,WARLOCK,8,Gasoline,40378,,,43000,3,,False
2019,Ram,1500 Classic,EXPRESS,6,Flex,197698,,,13700,7,,False
2021,Ram,1500 Classic,EXPRESS,6,Gasoline,65722,,,32100,5,,False
2019,Ram,1500 Classic,SLT,8,Gasoline,54672,,,26000,7,,False
2019,Ram,1500 Classic,SLT,6,Diesel,196548,,,10500,7,,False
2020,Ram,1500 Classic,EXPRESS,6,Gasoline,59357,,,28000,6,,False
2019,Ram,1500 Classic,ST,6,Flex,69600,,,22700,7,,False
2022,Ram,1500 Classic,WARLOCK,6,Gasoline,57595,,,34100,4,,False
2022,Ram,1500 Classic,EXPRESS,6,Gasoline,72037,,,28800,4,,False
2021,Ram,1500 Classic,EXPRESS,8,Gasoline,121771,,,28400,5,,False
2023,Ram,1500 Classic,EXPRESS,8,Gasoline,17568,,,42500,3,,False
2023,Ram,1500 Classic,SLT,6,Gasoline,48662,,,34200,3,,False
2022,Ram,1500 Classic,EXPRESS,8,Gasoline,76357,,,34400,4,,False
2021,Ram,1500 Classic,EXPRESS,8,Gasoline,54001,,,35000,5,,False
2020,Ram,1500 Classic,TRADESMAN,8,Gasoline,82578,,,20800,6,,False
2022,Ram,1500 Classic,WARLOCK,8,Gasoline,110122,,,29500,4,,False
2022,Ram,1500 Classic,WARLOCK,8,Gasoline,62523,,,39600,4,,False
2023,Ram,1500 Classic,TRADESMAN,6,Gasoline,40576,,,29000,3,,False
2021,Ram,1500 Classic,EXPRESS,6,Gasoline,79936,,,25800,5,,False
2019,Ram,1500 Classic,EXPRESS,8,Gasoline,157821,,,21700,7,,False
2022,Ram,1500 Classic,WARLOCK,6,Gasoline,41160,,,37500,4,,False
2023,Ram,1500 Classic,WARLOCK,6,Gasoline,19591,,,42500,3,,False
2024,Ram,1500 Classic,WARLOCK,6,Gasoline,21671,,,45800,2,,False
2021,Ram,1500 Classic,EXPRESS,8,Gasoline,87801,,,32000,5,,False
2022,Ram,1500 Classic,EXPRESS,8,Gasoline,30121,,,38100,4,,False
2021,Ram,1500 Classic,EXPRESS,8,Gasoline,42030,,,36200,5,,False
2021,Ram,1500 Classic,EXPRESS,8,Gasoline,81399,,,28900,5,,False
2019,Ram,1500 Classic,EXPRESS,8,Gasoline,102274,,,24800,7,,False
2019,Ram,1500 Classic,WARLOCK,6,Flex,221565,,,10900,7,,False
2019,Ram,1500 Classic,WARLOCK,8,Gasoline,122795,,,22600,7,,False
2022,Ram,1500 Classic,WARLOCK,8,Gasoline,47682,,,39300,4,,False
2023,Ram,1500 Classic,SLT,8,Gasoline,51786,,,32200,3,,False
2022,Ram,1500 Classic,WARLOCK,8,Gasoline,43052,,,41500,4,,False
2019,Ram,1500 Classic,WARLOCK,8,Gasoline,146086,,,24100,7,,False
2022,Ram,1500 Classic,SLT,8,Gasoline,44217,,,36300,4,,False
2021,Ram,1500 Classic,WARLOCK,8,Gasoline,144770,,,27500,5,,False
2023,Ram,1500 Classic,SLT,8,Gasoline,35315,,,34750,3,,False
2022,Ram,1500 Classic,EXPRESS,8,Gasoline,96809,,,28500,4,,False
2019,Ram,1500 Classic,EXPRESS,8,Gasoline,219460,,,6500,7,,False
2021,Ram,1500 Classic,EXPRESS,8,Gasoline,98772,,,32600,5,,False
2020,Ram,1500 Classic,WARLOCK,6,Gasoline,91224,,,33400,6,,False
2022,Ram,1500 Classic,SLT,8,Gasoline,30714,,,37100,4,,False
2023,Ram,1500 Classic,EXPRESS,6,Gasoline,35217,,,38000,3,,False
2023,Ram,1500 Classic,EXPRESS,6,Gasoline,50395,,,38500,3,,False
2021,Ram,1500 Classic,EXPRESS,6,Gasoline,215225,,,15250,5,,False
2022,Ram,1500 Classic,EXPRESS,8,Gasoline,43294,,,38600,4,,False
2022,Ram,1500 Classic,EXPRESS,8,Gasoline,65790,,,31750,4,,False
2021,Ram,1500 Classic,SLT,8,Gasoline,84180,,,33000,5,,False
2021,Ram,1500 Classic,EXPRESS,8,Gasoline,54505,,,32600,5,,False
2022,Ram,1500 Classic,EXPRESS,8,Gasoline,54114,,,35600,4,,False
2022,Ram,1500 Classic,WARLOCK,8,Gasoline,36119,,,37500,4,,False
2023,Ram,1500 Classic,WARLOCK,8,Gasoline,21450,,,39200,3,,False
2019,Ram,1500 Classic,ST,6,Flex,215844,,,8900,7,,False
2023,Ram,1500 Classic,EXPRESS,8,Gasoline,25050,,,36750,3,,False
2021,Ram,1500 Classic,WARLOCK,6,Gasoline,155322,,,27400,5,,False
2022,Ram,1500 Classic,EXPRESS,8,Gasoline,140997,,,22200,4,,False
2022,Ram,1500 Classic,EXPRESS,8,Gasoline,79723,,,32200,4,,False
2022,Ram,1500 Classic,EXPRESS,8,Gasoline,30361,,,38100,4,,False
2019,Ram,1500 Classic,EXPRESS,8,Gasoline,75315,,,26100,7,,False
2020,Ram,2500,BIG HORN,6,Diesel,386135,,,5500,6,,False
2021,Ram,2500,LIMITED,6,Diesel,164200,,,45400,5,,False
2017,Ram,2500,OUTDOORSMAN,6,Diesel,210665,,,24000,9,,False
2024,Ram,2500,BIG HORN,6,Diesel,24456,,,56750,2,,False
2019,Ram,2500,LARAMIE,6,Diesel,321388,,,22250,7,,False
2022,Ram,2500,LARAMIE,6,Diesel,117793,,,51500,4,,False
2018,Ram,2500,POWER WAGON,8,Gasoline,128075,,,18250,8,,False
2018,Ram,2500,LARAMIE,6,Diesel,317393,,,23000,8,,False
2024,Ram,2500,TRADESMAN,8,Gasoline,13528,,,48500,2,,False
2018,Ram,2500,POWER WAGON,8,Gasoline,204562,,,17500,8,,False
2023,Ram,2500,BIG HORN,8,Gasoline,18995,,,45000,3,,False
2022,Ram,2500,TRADESMAN,8,Gasoline,43016,,,43600,4,,False
2021,Ram,2500,BIG HORN,6,Diesel,163818,,,39000,5,,False
2015,Ram,2500,LARAMIE,8,Gasoline,92183,,,33000,11,,False
2023,Ram,2500,BIG HORN,8,Gasoline,34381,,,46000,3,,False
2014,Ram,2500,LONGHORN,6,Diesel,182784,,,13700,12,,False
2017,Ram,2500,LONGHORN,6,Diesel,155677,,,29400,9,,False
2014,Ram,2500,SLT,6,Diesel,351838,,,9000,12,,False
2016,Ram,2500,OUTDOORSMAN,6,Diesel,242715,,,17000,10,,False
2018,Ram,2500,ST,6,Diesel,148384,,,16400,8,,False
2012,Ram,2500,ST,8,Gasoline,144475,,,10100,14,,False
2022,Ram,2500,LARAMIE,6,Diesel,82354,,,58300,4,,False
2021,Ram,2500,TRADESMAN,6,Diesel,171661,,,18500,5,,False
2019,Ram,2500,LARAMIE,6,Diesel,292164,,,25700,7,,False
2015,Ram,2500,LARAMIE,6,Diesel,254645,,,15000,11,,False
2016,Ram,2500,SLT,6,Diesel,115714,,,32000,10,,False
2018,Ram,2500,LIMITED,6,Diesel,121359,,,41500,8,,False
2019,Ram,2500,BIG HORN,6,Diesel,277868,,,24900,7,,False
2016,Ram,2500,LARAMIE,6,Diesel,245035,,,24000,10,,False
2021,Ram,2500,LARAMIE,6,Diesel,114813,,,47500,5,,False
2017,Ram,2500,SLT,6,Diesel,242312,,,18400,9,,False
2016,Ram,2500,LARAMIE,6,Diesel,242806,,,21600,10,,False
2023,Ram,2500,LARAMIE,6,Diesel,45700,,,68000,3,,False
2017,Ram,2500,SLT,6,Diesel,138257,,,31000,9,,False
2018,Ram,2500,SLT,8,Gasoline,184318,,,16500,8,,False
2017,Ram,2500,SLT,8,Gasoline,217686,,,7600,9,,False
2019,Ram,2500,TRADESMAN,8,Gasoline,167690,,,19250,7,,False
2018,Ram,2500,OUTDOORSMAN,8,Gasoline,75098,,,20400,8,,False
2023,Ram,2500,BIG HORN,8,Gasoline,27968,,,52000,3,,False
2022,Ram,2500,BIG HORN,6,Diesel,79998,,,52000,4,,False
2022,Ram,2500,BIG HORN,6,Diesel,50784,,,55500,4,,False
2015,Ram,2500,SLT,6,Diesel,144617,,,27200,11,,False
2018,Ram,2500,ST,6,Diesel,280913,,,17000,8,,False
2019,Ram,2500,BIG HORN,6,Diesel,118759,,,38000,7,,False
2024,Ram,2500,TRADESMAN,8,Gasoline,53832,,,39500,2,,False
2020,Ram,2500,BIG HORN,6,Diesel,180140,,,26000,6,,False
2019,Ram,2500,LARAMIE,6,Diesel,176300,,,38700,7,,False
2019,Ram,2500,BIG HORN,6,Diesel,212183,,,26500,7,,False
2018,Ram,2500,SLT,8,Gasoline,174809,,,12700,8,,False
2014,Ram,2500,SLT,8,Gasoline,213821,,,5400,12,,False
2015,Ram,2500,LIMITED,8,Gasoline,228625,,,12000,11,,False
2022,Ram,2500,LARAMIE,6,Diesel,117545,,,55000,4,,False
2021,Ram,2500,LIMITED,6,Diesel,95000,,,66000,5,,False
2017,Ram,2500,POWER WAGON,8,Gasoline,138242,,,22300,9,,False
2023,Ram,2500,BIG HORN,8,Gasoline,42522,,,49000,3,,False
2023,Ram,2500,BIG HORN,8,Gasoline,22104,,,42000,3,,False
2023,Ram,2500,BIG HORN,6,Diesel,63499,,,58000,3,,False
2022,Ram,2500,BIG HORN,6,Diesel,170092,,,41500,4,,False
2022,Ram,2500,LIMITED,6,Diesel,41127,,,65000,4,,False
2022,Ram,2500,LARAMIE,6,Diesel,156228,,,44000,4,,False
2017,Ram,2500,ST,8,Gasoline,246961,,,4000,9,,False
2018,Ram,2500,ST,8,Gasoline,172030,,,8000,8,,False
2018,Ram,2500,ST,8,Gasoline,243260,,,4250,8,,False
2015,Ram,2500,POWER WAGON,8,Gasoline,115964,,,15200,11,,False
2024,Ram,2500,POWER WAGON,8,Gasoline,27501,,,65100,2,,False
2019,Ram,2500,BIG HORN,8,Gasoline,83217,,,25300,7,,False
2019,Ram,2500,TRADESMAN,8,Gasoline,175995,,,17000,7,,False
2023,Ram,2500,BIG HORN,8,Gasoline,188173,,,27250,3,,False
2023,Ram,2500,BIG HORN,8,Gasoline,48063,,,40000,3,,False
2014,Ram,2500,POWER WAGON,8,Gasoline,204292,,,5400,12,,False
2024,Ram,2500,REBEL,6,Diesel,14700,,,75200,2,,False
2012,Ram,2500,ST,8,Gasoline,177743,,,10100,14,,False
2016,Ram,2500,LARAMIE,8,Gasoline,168064,,,11600,10,,False
2022,Ram,2500,LIMITED,6,Diesel,90571,,,64300,4,,False
2019,Ram,2500,BIG HORN,6,Diesel,212318,,,30600,7,,False
2017,Ram,2500,SLT,6,Diesel,267215,,,19000,9,,False
2019,Ram,2500,BIG HORN,8,Gasoline,210896,,,10500,7,,False
2012,Ram,2500,SLT,8,Gasoline,331725,,,3600,14,,False
2018,Ram,2500,LARAMIE,6,Diesel,170542,,,38750,8,,False
2024,Ram,2500,LIMITED,6,Diesel,42261,,,84000,2,,False
2015,Ram,2500,LARAMIE,6,Diesel,243078,,,26200,11,,False
2015,Ram,2500,LONGHORN,8,Gasoline,175712,,,16100,11,,False
2021,Ram,2500,POWER WAGON,8,Gasoline,135601,,,38100,5,,False
2015,Ram,2500,LARAMIE,8,Gasoline,147438,,,20400,11,,False
2024,Ram,2500,REBEL,8,Gasoline,113417,,,52750,2,,False
2022,Ram,2500,TRADESMAN,6,Diesel,97836,,,44000,4,,False
2024,Ram,2500,LIMITED,6,Diesel,42599,,,83500,2,,False
2022,Ram,2500,LARAMIE,6,Diesel,55272,,,60400,4,,False
2017,Ram,2500,ST,8,Gasoline,119335,,,18600,9,,False
2023,Ram,2500,LIMITED,6,Diesel,39730,,,78000,3,,False
2023,Ram,2500,POWER WAGON,8,Gasoline,61045,,,59900,3,,False
2022,Ram,2500,LARAMIE,6,Diesel,55724,,,57500,4,,False
2018,Ram,2500,LARAMIE,6,Diesel,130668,,,39000,8,,False
2019,Ram,2500,BIG HORN,8,Gasoline,81471,,,30000,7,,False
2016,Ram,2500,LONGHORN,6,Diesel,187091,,,29600,10,,False
2018,Ram,2500,OUTDOORSMAN,8,Gasoline,130920,,,18000,8,,False
2023,Ram,2500,REBEL,6,Diesel,93219,,,67600,3,,False
2018,Ram,2500,SLT,8,Gasoline,207097,,,10500,8,,False
2019,Ram,2500,BIG HORN,8,Gasoline,145898,,,14000,7,,False
2021,Ram,2500,BIG HORN,8,Gasoline,78679,,,41500,5,,False
2013,Ram,2500,LARAMIE,6,Diesel,125292,,,24100,13,,False
2015,Ram,2500,SLT,6,Diesel,324518,,,13000,11,,False
2020,Ram,2500,BIG HORN,8,Gasoline,207141,,,25100,6,,False
2017,Ram,2500,POWER WAGON,8,Gasoline,138196,,,18300,9,,False
2011,Ram,2500,SLT,6,Diesel,203976,,,5600,15,,False
2018,Ram,2500,SLT,8,Gasoline,243441,,,8750,8,,False
2019,Ram,2500,BIG HORN,8,Gasoline,184963,,,23000,7,,False
2020,Ram,2500,BIG HORN,6,Diesel,165163,,,38750,6,,False
2024,Ram,2500,LARAMIE,6,Diesel,18806,,,75750,2,,False
2022,Ram,2500,LIMITED,6,Diesel,155785,,,51250,4,,False
2014,Ram,2500,LARAMIE,6,Diesel,264207,,,16400,12,,False
2017,Ram,2500,LARAMIE,6,Diesel,103230,,,34000,9,,False
2023,Ram,2500,TRADESMAN,8,Gasoline,112770,,,36000,3,,False
2022,Ram,2500,LARAMIE,8,Gasoline,76780,,,47600,4,,False
2021,Ram,2500,LIMITED,6,Diesel,93227,,,62000,5,,False
2017,Ram,2500,OUTDOORSMAN,8,Gasoline,116242,,,24000,9,,False
2018,Ram,2500,SLT,8,Gasoline,162177,,,7600,8,,False
2012,Ram,2500,LARAMIE,6,Diesel,87810,,,28700,14,,False
2016,Ram,2500,SLT,6,Diesel,209049,,,25200,10,,False
2020,Ram,2500,BIG HORN,8,Gasoline,190909,,,23200,6,,False
2022,Ram,2500,LARAMIE,6,Diesel,64843,,,63000,4,,False
2022,Ram,2500,LARAMIE,6,Diesel,68976,,,63500,4,,False
2021,Ram,2500,POWER WAGON,8,Gasoline,91384,,,46800,5,,False
2022,Ram,2500,POWER WAGON,8,Gasoline,62603,,,52000,4,,False
2012,Ram,2500,LARAMIE,6,Diesel,233636,,,19000,14,,False
2023,Ram,2500,REBEL,6,Diesel,93212,,,63000,3,,False
2018,Ram,2500,LARAMIE,8,Gasoline,224522,,,11600,8,,False
2022,Ram,2500,LIMITED,6,Diesel,162073,,,45500,4,,False
2016,Ram,2500,ST,8,Gasoline,188466,,,10600,10,,False
2018,Ram,2500,LONGHORN,6,Diesel,178321,,,38500,8,,False
2022,Ram,2500,LARAMIE,6,Diesel,63916,,,63500,4,,False
2015,Ram,2500,ST,8,Gasoline,156157,,,7000,11,,False
2019,Ram,2500,TRADESMAN,8,Gasoline,154056,,,13750,7,,False
2019,Ram,2500,TRADESMAN,8,Gasoline,230507,,,8750,7,,False
2019,Ram,2500,TRADESMAN,8,Gasoline,280974,,,6000,7,,False
2019,Ram,2500,BIG HORN,8,Gasoline,203268,,,15600,7,,False
2023,Ram,2500,LIMITED,6,Diesel,52494,,,70750,3,,False
2018,Ram,2500,SLT,6,Diesel,128437,,,32000,8,,False
2019,Ram,2500,POWER WAGON,8,Gasoline,96425,,,36500,7,,False
2022,Ram,2500,LIMITED,6,Diesel,62189,,,69500,4,,False
2022,Ram,2500,LIMITED,6,Diesel,61397,,,63000,4,,False
2016,Ram,2500,SLT,8,Gasoline,104966,,,9750,10,,False
2022,Ram,2500,LARAMIE,6,Diesel,63712,,,64250,4,,False
2017,Ram,2500,OUTDOORSMAN,6,Diesel,255135,,,18800,9,,False
2024,Ram,2500,BIG HORN,6,Diesel,18828,,,64000,2,,False
2022,Ram,2500,LIMITED,8,Gasoline,61057,,,61500,4,,False
2023,Ram,2500,BIG HORN,8,Gasoline,35022,,,49000,3,,False
2022,Ram,2500,LARAMIE,6,Diesel,168354,,,48000,4,,False
2024,Ram,2500,LIMITED,6,Diesel,23141,,,89500,2,,False
2017,Ram,2500,LARAMIE,6,Diesel,177771,,,32600,9,,False
2019,Ram,2500,LARAMIE,6,Diesel,160425,,,43000,7,,False
2020,Ram,2500,BIG HORN,8,Gasoline,158672,,,15014,6,,False
2018,Ram,2500,LARAMIE,6,Diesel,197140,,,30800,8,,False
2017,Ram,2500,OUTDOORSMAN,8,Gasoline,216440,,,9200,9,,False
2022,Ram,2500,LARAMIE,6,Diesel,55358,,,68100,4,,False
2018,Ram,2500,SLT,8,Gasoline,161544,,,13000,8,,False
2019,Ram,2500,POWER WAGON,8,Gasoline,102141,,,22500,7,,False
2022,Ram,2500,BIG HORN,8,Gasoline,171500,,,26000,4,,False
2021,Ram,2500,LARAMIE,6,Diesel,133683,,,48200,5,,False
2022,Ram,2500,BIG HORN,8,Gasoline,174845,,,27300,4,,False
2021,Ram,2500,LIMITED,6,Diesel,86745,,,62300,5,,False
2012,Ram,2500,ST,8,Gasoline,171681,,,4000,14,,False
2018,Ram,2500,POWER WAGON,8,Gasoline,104920,,,30800,8,,False
2019,Ram,2500,POWER WAGON,8,Gasoline,175865,,,31500,7,,False
2019,Ram,2500,BIG HORN,6,Diesel,171667,,,38000,7,,False
2014,Ram,2500,LARAMIE,8,Gasoline,252854,,,6700,12,,False
2019,Ram,2500,LARAMIE,6,Diesel,146327,,,38000,7,,False
2022,Ram,2500,LARAMIE,6,Diesel,47086,,,66000,4,,False
2022,Ram,2500,LARAMIE,6,Diesel,103152,,,58600,4,,False
2015,Ram,2500,LIMITED,6,Diesel,277936,,,13700,11,,False
2022,Ram,2500,LIMITED,6,Diesel,50540,,,70200,4,,False
2017,Ram,2500,LONGHORN,6,Diesel,218222,,,28100,9,,False
2017,Ram,2500,LARAMIE,6,Diesel,279656,,,24100,9,,False
2021,Ram,2500,BIG HORN,6,Diesel,98134,,,50600,5,,False
2018,Ram,2500,SLT,8,Gasoline,233113,,,10600,8,,False
2018,Ram,2500,POWER WAGON,8,Gasoline,98380,,,32750,8,,False
2019,Ram,2500,TRADESMAN,8,Gasoline,71701,,,18500,7,,False
2024,Ram,2500,LIMITED,6,Diesel,41137,,,83000,2,,False
2018,Ram,2500,SLT,8,Gasoline,233113,,,9000,8,,False
2017,Ram,2500,POWER WAGON,8,Gasoline,120409,,,30250,9,,False
2022,Ram,2500,LARAMIE,6,Diesel,97457,,,61000,4,,False
2022,Ram,2500,TRADESMAN,6,Diesel,67843,,,52250,4,,False
2023,Ram,2500,BIG HORN,8,Gasoline,30501,,,46400,3,,False
2023,Ram,2500,BIG HORN,8,Gasoline,31603,,,48000,3,,False
2020,Ram,2500,TRADESMAN,8,Gasoline,142996,,,28300,6,,False
2024,Ram,2500,POWER WAGON,8,Gasoline,14350,,,74100,2,,False
2021,Ram,2500,BIG HORN,8,Gasoline,68959,,,35000,5,,False
2019,Ram,2500,BIG HORN,6,Diesel,126644,,,36500,7,,False
2019,Ram,2500,LARAMIE,6,Diesel,192449,,,33500,7,,False
2021,Ram,2500,BIG HORN,6,Diesel,154910,,,46000,5,,False
2018,Ram,2500,LARAMIE,6,Diesel,100081,,,42000,8,,False
2022,Ram,2500,LARAMIE,6,Diesel,125531,,,59000,4,,False
2022,Ram,2500,LARAMIE,6,Diesel,37036,,,67000,4,,False
2022,Ram,2500,LARAMIE,6,Diesel,67397,,,64000,4,,False
2019,Ram,2500,LARAMIE,6,Diesel,230392,,,34500,7,,False
2016,Ram,2500,SLT,8,Gasoline,153694,,,13250,10,,False
2017,Ram,2500,POWER WAGON,8,Gasoline,128165,,,24800,9,,False
2023,Ram,2500,BIG HORN,8,Gasoline,46615,,,45000,3,,False
2020,Ram,2500,LARAMIE,6,Diesel,121223,,,47900,6,,False
2023,Ram,2500,TRADESMAN,8,Gasoline,27074,,,47000,3,,False
2022,Ram,2500,LIMITED,6,Diesel,44217,,,71000,4,,False
2022,Ram,2500,POWER WAGON,8,Gasoline,34520,,,61000,4,,False
2018,Ram,2500,SLT,8,Gasoline,226736,,,11000,8,,False
2023,Ram,2500,BIG HORN,8,Gasoline,43211,,,48500,3,,False
2022,Ram,2500,LIMITED,6,Diesel,149099,,,60000,4,,False
2022,Ram,2500,BIG HORN,6,Diesel,105765,,,51250,4,,False
2016,Ram,2500,ST,8,Gasoline,220869,,,7500,10,,False
2021,Ram,2500,BIG HORN,6,Diesel,134328,,,45100,5,,False
2023,Ram,2500,LIMITED,6,Diesel,53134,,,78200,3,,False
2012,Ram,2500,LARAMIE,6,Diesel,272075,,,17600,14,,False
2015,Ram,2500,LARAMIE,6,Diesel,296630,,,16600,11,,False
2021,Ram,2500,BIG HORN,8,Gasoline,77957,,,34000,5,,False
2019,Ram,2500,BIG HORN,8,Gasoline,152989,,,12250,7,,False
2017,Ram,2500,SLT,6,Diesel,93109,,,32400,9,,False
2022,Ram,2500,TRADESMAN,8,Gasoline,139103,,,27500,4,,False
2023,Ram,2500,BIG HORN,8,Gasoline,33528,,,51750,3,,False
2023,Ram,2500,LARAMIE,6,Diesel,39197,,,65000,3,,False
2021,Ram,2500,BIG HORN,6,Diesel,116747,,,42000,5,,False
2020,Ram,2500,LARAMIE,6,Diesel,104680,,,51700,6,,False
2016,Ram,2500,LIMITED,6,Diesel,265875,,,19500,10,,False
2019,Ram,2500,LARAMIE,6,Diesel,69337,,,56000,7,,False
2022,Ram,2500,LARAMIE,6,Diesel,168234,,,45000,4,,False
2015,Ram,2500,LARAMIE,8,Gasoline,120562,,,20000,11,,False
2016,Ram,2500,LARAMIE,6,Diesel,243920,,,26800,10,,False
2021,Ram,2500,BIG HORN,8,Gasoline,98102,,,34900,5,,False
2020,Ram,2500,POWER WAGON,8,Gasoline,217364,,,22700,6,,False
2015,Ram,2500,ST,8,Gasoline,227494,,,8250,11,,False
2012,Ram,2500,SLT,6,Diesel,233737,,,14500,14,,False
2022,Ram,2500,BIG HORN,8,Gasoline,136628,,,39800,4,,False
2017,Ram,2500,LARAMIE,6,Diesel,245273,,,26800,9,,False
2017,Ram,2500,SLT,8,Gasoline,229302,,,18250,9,,False
2022,Ram,2500,LARAMIE,6,Diesel,154264,,,48500,4,,False
2019,Ram,2500,TRADESMAN,8,Gasoline,128284,,,20500,7,,False
2021,Ram,2500,BIG HORN,8,Gasoline,97971,,,32000,5,,False
2022,Ram,2500,BIG HORN,8,Gasoline,73981,,,41000,4,,False
2014,Ram,2500,ST,8,Gasoline,121202,,,7900,12,,False
2017,Ram,2500,SLT,8,Gasoline,326908,,,4200,9,,False
2020,Ram,2500,POWER WAGON,8,Gasoline,61885,,,55250,6,,False
2023,Ram,2500,BIG HORN,8,Gasoline,68715,,,49500,3,,False
2016,Ram,2500,OUTDOORSMAN,6,Diesel,163097,,,22600,10,,False
2018,Ram,2500,OUTDOORSMAN,6,Diesel,158683,,,30800,8,,False
2022,Ram,2500,POWER WAGON,8,Gasoline,67046,,,54100,4,,False
2017,Ram,2500,POWER WAGON,8,Gasoline,175100,,,23200,9,,False
2022,Ram,2500,BIG HORN,6,Diesel,189742,,,39000,4,,False
2022,Ram,2500,POWER WAGON,8,Gasoline,47516,,,52900,4,,False
2022,Ram,2500,LARAMIE,6,Diesel,79255,,,62000,4,,False
2022,Ram,2500,LARAMIE,6,Diesel,132443,,,56250,4,,False
2024,Ram,2500,BIG HORN,8,Gasoline,13789,,,56000,2,,False
2020,Ram,2500,BIG HORN,6,Diesel,44647,,,53000,6,,False
2022,Ram,2500,LARAMIE,6,Diesel,52213,,,65000,4,,False
2017,Ram,2500,ST,8,Gasoline,151044,,,8700,9,,False
2022,Ram,2500,BIG HORN,6,Diesel,104580,,,50000,4,,False
2023,Ram,2500,LARAMIE,8,Gasoline,39475,,,60500,3,,False
2023,Ram,2500,LARAMIE,6,Diesel,57166,,,72500,3,,False
2023,Ram,2500,LIMITED,6,Diesel,81812,,,73250,3,,False
2018,Ram,2500,ST,6,Diesel,230586,,,21000,8,,False
2019,Ram,2500,LARAMIE,8,Gasoline,83912,,,49000,7,,False
2020,Ram,2500,BIG HORN,8,Gasoline,257120,,,18100,6,,False
2023,Ram,2500,BIG HORN,8,Gasoline,49903,,,52500,3,,False
2019,Ram,2500,LARAMIE,8,Gasoline,124628,,,39500,7,,False
2019,Ram,2500,TRADESMAN,8,Gasoline,56903,,,35000,7,,False
2024,Ram,2500,BIG HORN,6,Diesel,16162,,,70100,2,,False
2015,Ram,2500,OUTDOORSMAN,6,Diesel,178516,,,23500,11,,False
2016,Ram,2500,LONGHORN,8,Gasoline,63853,,,36000,10,,False
2022,Ram,2500,LARAMIE,6,Diesel,77967,,,62000,4,,False
2022,Ram,2500,LIMITED,6,Diesel,76524,,,64500,4,,False
2023,Ram,2500,BIG HORN,8,Gasoline,34068,,,54500,3,,False
2022,Ram,2500,BIG HORN,6,Diesel,161646,,,43750,4,,False
2019,Ram,2500,BIG HORN,8,Gasoline,170643,,,17600,7,,False
2022,Ram,2500,BIG HORN,8,Gasoline,134184,,,41000,4,,False
2021,Ram,2500,BIG HORN,8,Gasoline,149839,,,34500,5,,False
2019,Ram,2500,LARAMIE,8,Gasoline,60308,,,46000,7,,False
2014,Ram,2500,SLT,8,Gasoline,265790,,,4600,12,,False
2017,Ram,2500,SLT,8,Gasoline,306104,,,5500,9,,False
2014,Ram,2500,LARAMIE,8,Gasoline,278382,,,14600,12,,False
2019,Ram,2500,LARAMIE,6,Diesel,321364,,,27250,7,,False
2016,Ram,2500,LARAMIE,8,Gasoline,251034,,,7300,10,,False
2022,Ram,2500,LIMITED,6,Diesel,79074,,,57500,4,,False
2022,Ram,2500,LIMITED,6,Diesel,79501,,,66500,4,,False
2024,Ram,2500,LIMITED,6,Diesel,19998,,,84500,2,,False
2019,Ram,2500,BIG HORN,6,Diesel,285179,,,19400,7,,False
2018,Ram,2500,OUTDOORSMAN,8,Gasoline,151683,,,22400,8,,False
2022,Ram,2500,POWER WAGON,8,Gasoline,200346,,,27500,4,,False
2021,Ram,2500,BIG HORN,8,Gasoline,219096,,,21200,5,,False
2021,Ram,2500,LARAMIE,6,Diesel,198365,,,40000,5,,False
2019,Ram,2500,BIG HORN,6,Diesel,255660,,,23000,7,,False
2021,Ram,2500,LARAMIE,6,Diesel,175219,,,45500,5,,False
2021,Ram,2500,BIG HORN,6,Diesel,97582,,,52700,5,,False
2020,Ram,2500,LARAMIE,8,Gasoline,132010,,,42000,6,,False
2022,Ram,2500,LARAMIE,6,Diesel,99830,,,66000,4,,False
2022,Ram,2500,LARAMIE,6,Diesel,120581,,,58800,4,,False
2017,Ram,2500,POWER WAGON,8,Gasoline,221522,,,10200,9,,False
2019,Ram,2500,BIG HORN,6,Diesel,175215,,,35900,7,,False
2019,Ram,2500,LARAMIE,6,Diesel,65448,,,55000,7,,False
2016,Ram,2500,LARAMIE,6,Diesel,285894,,,21500,10,,False
2016,Ram,2500,LIMITED,6,Diesel,329951,,,19500,10,,False
2015,Ram,2500,SLT,6,Diesel,295365,,,5100,11,,False
2022,Ram,2500,LIMITED,6,Diesel,57446,,,68500,4,,False
2013,Ram,2500,OUTDOORSMAN,8,Gasoline,75379,,,6200,13,,False
2018,Ram,2500,POWER WAGON,8,Gasoline,121045,,,34700,8,,False
2022,Ram,2500,BIG HORN,8,Gasoline,105384,,,41500,4,,False
2024,Ram,2500,BIG HORN,6,Diesel,31466,,,64900,2,,False
2022,Ram,2500,LARAMIE,6,Diesel,101618,,,55250,4,,False
2014,Ram,2500,SLT,8,Gasoline,244692,,,5000,12,,False
2019,Ram,2500,LARAMIE,6,Diesel,133922,,,47000,7,,False
2021,Ram,2500,TRADESMAN,6,Diesel,232910,,,35000,5,,False
2022,Ram,2500,BIG HORN,8,Gasoline,35063,,,46000,4,,False
2022,Ram,2500,LIMITED,6,Diesel,43030,,,71000,4,,False
2021,Ram,2500,LIMITED,6,Diesel,116141,,,57250,5,,False
2018,Ram,2500,SLT,6,Diesel,245898,,,19200,8,,False
2014,Ram,2500,POWER WAGON,8,Gasoline,292786,,,4250,12,,False
2019,Ram,2500,BIG HORN,6,Diesel,199056,,,31000,7,,False
2022,Ram,2500,LARAMIE,6,Diesel,90887,,,67500,4,,False
2021,Ram,2500,BIG HORN,6,Diesel,143882,,,40200,5,,False
2014,Ram,2500,SLT,6,Diesel,235671,,,23000,12,,False
2021,Ram,2500,LIMITED,6,Diesel,49908,,,67600,5,,False
2022,Ram,2500,POWER WAGON,8,Gasoline,66611,,,54600,4,,False
2018,Ram,2500,OUTDOORSMAN,8,Gasoline,108815,,,26000,8,,False
2024,Ram,2500,POWER WAGON,8,Gasoline,54201,,,72600,2,,False
2022,Ram,2500,BIG HORN,8,Gasoline,99488,,,38750,4,,False
2020,Ram,2500,TRADESMAN,8,Gasoline,180194,,,22800,6,,False
2024,Ram,2500,POWER WAGON,8,Gasoline,46218,,,74500,2,,False
2019,Ram,2500,BIG HORN,6,Diesel,150528,,,40200,7,,False
2019,Ram,2500,BIG HORN,6,Diesel,110854,,,41000,7,,False
2022,Ram,2500,LARAMIE,6,Diesel,63889,,,63500,4,,False
2019,Ram,2500,LARAMIE,6,Diesel,70660,,,56900,7,,False
2019,Ram,2500,LARAMIE,6,Diesel,122645,,,48300,7,,False
2023,Ram,2500,LIMITED,6,Diesel,81786,,,67400,3,,False
2022,Ram,2500,LIMITED,6,Diesel,86525,,,64000,4,,False
2024,Ram,2500,LIMITED,6,Diesel,67308,,,79000,2,,False
2020,Ram,2500,LARAMIE,6,Diesel,142037,,,35100,6,,False
2015,Ram,2500,ST,8,Gasoline,249572,,,7900,11,,False
2018,Ram,2500,LIMITED,6,Diesel,112000,,,39900,8,,False
2016,Ram,2500,POWER WAGON,8,Gasoline,269857,,,8000,10,,False
2017,Ram,2500,LIMITED,6,Diesel,295354,,,23900,9,,False
2013,Ram,2500,ST,6,Diesel,155860,,,7000,13,,False
2017,Ram,2500,POWER WAGON,8,Gasoline,134177,,,28250,9,,False
2013,Ram,2500,ST,6,Diesel,211171,,,8000,13,,False
2017,Ram,2500,LARAMIE,6,Diesel,279907,,,22500,9,,False
2023,Ram,2500,LIMITED,6,Diesel,31588,,,79500,3,,False
2019,Ram,2500,BIG HORN,8,Gasoline,171746,,,23000,7,,False
2016,Ram,2500,OUTDOORSMAN,6,Diesel,268518,,,26900,10,,False
2017,Ram,2500,LARAMIE,6,Diesel,319448,,,17000,9,,False
2022,Ram,2500,TRADESMAN,8,Gasoline,134522,,,32000,4,,False
2021,Ram,2500,LIMITED,6,Diesel,49707,,,70000,5,,False
2022,Ram,2500,TRADESMAN,6,Diesel,107878,,,43200,4,,False
2015,Ram,2500,LARAMIE,8,Gasoline,241916,,,7500,11,,False
2021,Ram,2500,BIG HORN,8,Gasoline,199456,,,22250,5,,False
2022,Ram,2500,BIG HORN,6,Diesel,17184,,,49050,4,,False
2017,Ram,2500,ST,6,Diesel,116321,,,30000,9,,False
2017,Ram,2500,SLT,6,Diesel,153170,,,33700,9,,False
2017,Ram,2500,LARAMIE,6,Diesel,147845,,,34500,9,,False
2017,Ram,2500,LARAMIE,6,Diesel,206478,,,26400,9,,False
2017,Ram,2500,SLT,8,Gasoline,240542,,,9700,9,,False
2024,Ram,2500,LARAMIE,6,Diesel,24705,,,78000,2,,False
2019,Ram,2500,LARAMIE,6,Diesel,70076,,,61000,7,,False
2019,Ram,2500,LARAMIE,8,Gasoline,123407,,,35500,7,,False
2024,Ram,2500,BIG HORN,6,Diesel,24085,,,70200,2,,False
2018,Ram,2500,ST,6,Diesel,204658,,,9500,8,,False
2017,Ram,2500,ST,8,Gasoline,210496,,,4400,9,,False
2022,Ram,2500,POWER WAGON,8,Gasoline,65135,,,55250,4,,False
2020,Ram,2500,BIG HORN,8,Gasoline,96755,,,39750,6,,False
2022,Ram,2500,LARAMIE,6,Diesel,72982,,,65500,4,,False
2019,Ram,2500,LARAMIE,6,Diesel,105685,,,38200,7,,False
2022,Ram,2500,TRADESMAN,6,Diesel,110307,,,42600,4,,False
2021,Ram,2500,BIG HORN,8,Gasoline,68445,,,41000,5,,False
2018,Ram,2500,ST,6,Diesel,225401,,,9000,8,,False
2018,Ram,2500,ST,6,Diesel,171089,,,14250,8,,False
2011,Ram,2500,ST,6,Diesel,153496,,,11900,15,,False
2014,Ram,2500,SLT,8,Gasoline,129099,,,15000,12,,False
2019,Ram,2500,POWER WAGON,8,Gasoline,183062,,,27500,7,,False
2020,Ram,2500,BIG HORN,8,Gasoline,147433,,,27250,6,,False
2024,Ram,2500,REBEL,8,Gasoline,15116,,,67500,2,,False
2015,Ram,2500,ST,8,Gasoline,170780,,,8300,11,,False
2021,Ram,2500,TRADESMAN,8,Gasoline,184223,,,23000,5,,False
2018,Ram,2500,SLT,8,Gasoline,207390,,,6200,8,,False
2016,Ram,2500,OUTDOORSMAN,6,Diesel,323713,,,16600,10,,False
2022,Ram,2500,LARAMIE,6,Diesel,111473,,,58900,4,,False
2022,Ram,2500,BIG HORN,8,Gasoline,55411,,,47200,4,,False
2020,Ram,2500,BIG HORN,8,Gasoline,178010,,,17000,6,,False
2012,Ram,2500,ST,8,Gasoline,226128,,,8500,14,,False
2015,Ram,2500,ST,8,Gasoline,139011,,,5800,11,,False
2019,Ram,2500,POWER WAGON,8,Gasoline,148810,,,27100,7,,False
2019,Ram,2500,LARAMIE,6,Diesel,128889,,,55250,7,,False
2021,Ram,2500,LARAMIE,6,Diesel,163129,,,45000,5,,False
2019,Ram,2500,LARAMIE,8,Gasoline,135667,,,42500,7,,False
2013,Ram,2500,LARAMIE,6,Diesel,192186,,,29700,13,,False
2014,Ram,2500,LARAMIE,6,Diesel,296082,,,17750,12,,False
2022,Ram,2500,LARAMIE,6,Diesel,151019,,,48500,4,,False
2019,Ram,2500,BIG HORN,8,Gasoline,168135,,,19700,7,,False
2022,Ram,2500,BIG HORN,8,Gasoline,194684,,,25000,4,,False
2019,Ram,2500,LARAMIE,8,Gasoline,120217,,,42000,7,,False
2013,Ram,2500,ST,6,Diesel,224531,,,10500,13,,False
2015,Ram,2500,SLT,8,Gasoline,147382,,,11400,11,,False
2018,Ram,2500,SLT,6,Diesel,213701,,,23500,8,,False
2011,Ram,2500,SLT,6,Diesel,271092,,,5200,15,,False
2016,Ram,2500,SLT,8,Gasoline,147949,,,17500,10,,False
2021,Ram,2500,BIG HORN,6,Diesel,47410,,,45000,5,,False
2022,Ram,2500,LIMITED,6,Diesel,60969,,,58250,4,,False
2017,Ram,2500,OUTDOORSMAN,6,Diesel,175088,,,25200,9,,False
2022,Ram,2500,BIG HORN,6,Diesel,68877,,,46500,4,,False
2022,Ram,2500,BIG HORN,6,Diesel,123725,,,49500,4,,False
2019,Ram,2500,TRADESMAN,8,Gasoline,130028,,,22500,7,,False
2015,Ram,2500,LIMITED,6,Diesel,53267,,,35000,11,,False
2016,Ram,2500,LIMITED,6,Diesel,232259,,,30000,10,,False
2024,Ram,2500,REBEL,6,Diesel,110168,,,65000,2,,False
2017,Ram,2500,LARAMIE,6,Diesel,261285,,,26300,9,,False
2022,Ram,2500,BIG HORN,6,Diesel,72276,,,58000,4,,False
2019,Ram,2500,BIG HORN,8,Gasoline,193507,,,17900,7,,False
2013,Ram,2500,ST,8,Gasoline,190623,,,12000,13,,False
2018,Ram,2500,LARAMIE,6,Diesel,263934,,,26800,8,,False
2018,Ram,2500,SLT,8,Gasoline,189391,,,26200,8,,False
2019,Ram,2500,LARAMIE,8,Gasoline,135667,,,44200,7,,False
2021,Ram,2500,BIG HORN,6,Diesel,177520,,,26600,5,,False
2017,Ram,2500,LIMITED,6,Diesel,131462,,,27800,9,,False
2018,Ram,2500,POWER WAGON,8,Gasoline,176888,,,24800,8,,False
2019,Ram,2500,BIG HORN,6,Diesel,160106,,,37250,7,,False
2019,Ram,2500,LARAMIE,6,Diesel,190851,,,36000,7,,False
2017,Ram,2500,SLT,6,Diesel,187774,,,29600,9,,False
2022,Ram,2500,LIMITED,6,Diesel,81130,,,67000,4,,False
2017,Ram,2500,ST,8,Gasoline,188147,,,7400,9,,False
2018,Ram,2500,POWER WAGON,8,Gasoline,97743,,,43000,8,,False
2020,Ram,2500,BIG HORN,8,Gasoline,112210,,,30000,6,,False
2019,Ram,2500,BIG HORN,8,Gasoline,121649,,,27000,7,,False
2019,Ram,2500,BIG HORN,8,Gasoline,132546,,,27250,7,,False
2019,Ram,2500,BIG HORN,6,Diesel,370015,,,15200,7,,False
2022,Ram,2500,LARAMIE,6,Diesel,79378,,,66000,4,,False
2017,Ram,2500,LARAMIE,6,Diesel,284735,,,28500,9,,False
2023,Ram,2500,LARAMIE,6,Diesel,96855,,,64500,3,,False
2019,Ram,2500,BIG HORN,6,Diesel,164060,,,33700,7,,False
2017,Ram,2500,ST,6,Diesel,225314,,,7000,9,,False
2023,Ram,2500,REBEL,6,Diesel,75950,,,72500,3,,False
2019,Ram,2500,BIG HORN,8,Gasoline,165797,,,18750,7,,False
2016,Ram,2500,SLT,6,Diesel,199666,,,10200,10,,False
2013,Ram,2500,SLT,8,Gasoline,225742,,,6500,13,,False
2011,Ram,2500,OUTDOORSMAN,8,Gasoline,234912,,,9000,15,,False
2016,Ram,2500,SLT,8,Gasoline,314808,,,8200,10,,False
2021,Ram,2500,BIG HORN,6,Diesel,79285,,,54750,5,,False
2022,Ram,2500,LIMITED,6,Diesel,64243,,,74400,4,,False
2015,Ram,2500,ST,8,Gasoline,150371,,,5500,11,,False
2020,Ram,2500,POWER WAGON,8,Gasoline,88927,,,38200,6,,False
2017,Ram,2500,POWER WAGON,8,Gasoline,372340,,,10250,9,,False
2015,Ram,2500,SLT,8,Gasoline,261410,,,5000,11,,False
2013,Ram,2500,LARAMIE,6,Diesel,252220,,,25000,13,,False
2024,Ram,3500,LIMITED,6,Diesel,44147,,,82200,2,,False
2022,Ram,3500,LIMITED,6,Diesel,53367,,,69200,4,,False
2021,Ram,3500,LARAMIE,6,Diesel,57892,,,62000,5,,False
2023,Ram,3500,BIG HORN,6,Diesel,67747,,,56300,3,,False
2024,Ram,3500,LARAMIE,6,Diesel,55876,,,68250,2,,False
2021,Ram,3500,BIG HORN,6,Diesel,63959,,,50100,5,,False
2022,Ram,3500,TRADESMAN,6,Diesel,107944,,,45250,4,,False
2021,Ram,3500,BIG HORN,6,Diesel,228409,,,38000,5,,False
2018,Ram,3500,ST,6,Diesel,212753,,,28750,8,,False
2017,Ram,3500,ST,8,Gasoline,225316,,,7100,9,,False
2022,Ram,3500,LIMITED,6,Diesel,33800,,,70100,4,,False
2016,Ram,3500,SLT,6,Diesel,391564,,,12200,10,,False
2022,Ram,3500,BIG HORN,8,Gasoline,78878,,,34600,4,,False
2017,Ram,3500,ST,6,Diesel,177703,,,14200,9,,False
2020,Ram,3500,LARAMIE,6,Diesel,160000,,,45000,6,,False
2020,Ram,3500,LARAMIE,6,Diesel,60063,,,63600,6,,False
2019,Ram,3500,LARAMIE,6,Diesel,120056,,,50400,7,,False
2019,Ram,3500,BIG HORN,6,Diesel,173384,,,35250,7,,False
2020,Ram,3500,LARAMIE,6,Diesel,156183,,,36000,6,,False
2014,Ram,3500,SLT,6,Diesel,338020,,,4800,12,,False
2020,Ram,3500,BIG HORN,8,Gasoline,105787,,,25200,6,,False
2015,Ram,3500,LARAMIE,6,Diesel,204890,,,14750,11,,False
2023,Ram,3500,BIG HORN,8,Gasoline,19109,,,50250,3,,False
2016,Ram,3500,LARAMIE,6,Diesel,248000,,,21500,10,,False
2019,Ram,3500,LARAMIE,6,Diesel,257104,,,36000,7,,False
2022,Ram,3500,LIMITED,6,Diesel,261692,,,43500,4,,False
2024,Ram,3500,LARAMIE,6,Diesel,24455,,,80000,2,,False
2022,Ram,3500,LARAMIE,6,Diesel,210198,,,43500,4,,False
2022,Ram,3500,LARAMIE,6,Diesel,196238,,,41500,4,,False
2021,Ram,3500,LARAMIE,6,Diesel,205734,,,40000,5,,False
2015,Ram,3500,ST,8,Gasoline,171573,,,3200,11,,False
2017,Ram,3500,LIMITED,6,Diesel,289375,,,28000,9,,False
2023,Ram,3500,BIG HORN,8,Gasoline,32097,,,43000,3,,False
2019,Ram,3500,LARAMIE,6,Diesel,290685,,,25000,7,,False
2023,Ram,3500,LARAMIE,6,Diesel,40539,,,64000,3,,False
2024,Ram,3500,TRADESMAN,8,Gasoline,34774,,,46000,2,,False
2021,Ram,3500,TRADESMAN,6,Diesel,237157,,,13700,5,,False
2022,Ram,3500,BIG HORN,6,Diesel,175107,,,34500,4,,False
2022,Ram,3500,LARAMIE,6,Diesel,64586,,,50250,4,,False
2023,Ram,3500,LIMITED,6,Diesel,99231,,,72000,3,,False
2017,Ram,3500,SLT,6,Diesel,336340,,,14800,9,,False
2018,Ram,3500,SLT,6,Diesel,295887,,,21200,8,,False
2020,Ram,3500,LARAMIE,6,Diesel,119572,,,60200,6,,False
2018,Ram,3500,SLT,6,Diesel,272912,,,17100,8,,False
2018,Ram,3500,SLT,6,Diesel,295930,,,17100,8,,False
2020,Ram,3500,LIMITED,6,Diesel,60009,,,61500,6,,False
2018,Ram,3500,SLT,6,Diesel,290100,,,17000,8,,False
2024,Ram,3500,LARAMIE,6,Diesel,19712,,,77000,2,,False
2023,Ram,3500,BIG HORN,8,Gasoline,26029,,,46100,3,,False
2015,Ram,3500,SLT,8,Gasoline,110848,,,11000,11,,False
2020,Ram,3500,LARAMIE,6,Diesel,45390,,,68900,6,,False
2019,Ram,3500,BIG HORN,6,Diesel,309820,,,19000,7,,False
2018,Ram,3500,SLT,6,Diesel,175652,,,22000,8,,False
2022,Ram,3500,BIG HORN,6,Diesel,53420,,,54000,4,,False
2024,Ram,3500,BIG HORN,6,Diesel,47135,,,60000,2,,False
2020,Ram,3500,LARAMIE,6,Diesel,175042,,,42500,6,,False
2024,Ram,3500,LIMITED,6,Diesel,60372,,,74000,2,,False
2019,Ram,3500,LARAMIE,6,Diesel,161200,,,42900,7,,False
2023,Ram,3500,LARAMIE,6,Diesel,52241,,,59000,3,,False
2017,Ram,3500,SLT,6,Diesel,180283,,,19900,9,,False
2022,Ram,3500,LARAMIE,6,Diesel,115180,,,56200,4,,False
2018,Ram,3500,ST,6,Diesel,385314,,,5700,8,,False
2016,Ram,3500,ST,8,Gasoline,237846,,,6750,10,,False
2023,Ram,3500,BIG HORN,8,Gasoline,80583,,,45250,3,,False
2017,Ram,3500,ST,8,Gasoline,126925,,,16250,9,,False
2020,Ram,3500,LIMITED,6,Diesel,108708,,,62000,6,,False
2018,Ram,3500,LARAMIE,6,Diesel,113455,,,50100,8,,False
2024,Ram,3500,LARAMIE,6,Diesel,25980,,,72000,2,,False
2018,Ram,3500,SLT,6,Diesel,239300,,,25600,8,,False
2022,Ram,3500,LIMITED,6,Diesel,25168,,,75500,4,,False
2024,Ram,3500,LARAMIE,6,Diesel,26897,,,76000,2,,False
2022,Ram,3500,BIG HORN,6,Diesel,128335,,,51000,4,,False
2024,Ram,3500,TRADESMAN,6,Diesel,15340,,,54000,2,,False
2023,Ram,3500,LARAMIE,6,Diesel,62350,,,65750,3,,False
2017,Ram,3500,LARAMIE,6,Diesel,139975,,,44500,9,,False
2024,Ram,3500,LIMITED,6,Diesel,13645,,,84000,2,,False
2019,Ram,3500,TRADESMAN,6,Diesel,132237,,,27600,7,,False
2021,Ram,3500,LARAMIE,8,Gasoline,22477,,,57000,5,,False
2023,Ram,3500,BIG HORN,8,Gasoline,38802,,,49800,3,,False
2015,Ram,3500,LARAMIE,6,Diesel,144089,,,41000,11,,False
2016,Ram,3500,LARAMIE,6,Diesel,165455,,,34500,10,,False
2015,Ram,3500,ST,8,Gasoline,199331,,,7600,11,,False
2014,Ram,3500,LARAMIE,8,Gasoline,163729,,,22500,12,,False
2022,Ram,3500,LARAMIE,6,Diesel,16245,,,69000,4,,False
2020,Ram,3500,LIMITED,6,Diesel,139185,,,57000,6,,False
2016,Ram,3500,LARAMIE,6,Diesel,228067,,,20500,10,,False
2018,Ram,3500,LIMITED,6,Diesel,79468,,,60000,8,,False
2019,Ram,3500,LARAMIE,6,Diesel,75270,,,63250,7,,False
2017,Ram,3500,LARAMIE,6,Diesel,122285,,,30750,9,,False
2024,Ram,3500,TRADESMAN,6,Diesel,30418,,,67250,2,,False
2017,Ram,3500,LARAMIE,6,Diesel,167264,,,49000,9,,False
2023,Ram,3500,TRADESMAN,6,Diesel,54727,,,56250,3,,False
2022,Ram,3500,LIMITED,6,Diesel,72051,,,65000,4,,False
2017,Ram,3500,LARAMIE,6,Diesel,222776,,,33700,9,,False
2018,Ram,3500,SLT,6,Diesel,239290,,,18100,8,,False
2024,Ram,3500,BIG HORN,6,Diesel,19329,,,74750,2,,False
2018,Ram,3500,LARAMIE,6,Diesel,269745,,,28500,8,,False
2024,Ram,3500,LARAMIE,6,Diesel,38666,,,76000,2,,False
2024,Ram,3500,TRADESMAN,8,Gasoline,80146,,,45000,2,,False
2023,Ram,3500,LIMITED,6,Diesel,91736,,,76500,3,,False
2022,Ram,3500,LIMITED,6,Diesel,232374,,,50000,4,,False
2016,Ram,3500,SLT,6,Diesel,206192,,,20000,10,,False
2019,Ram,3500,LARAMIE,6,Diesel,147904,,,38500,7,,False
2015,Ram,3500,ST,8,Gasoline,148384,,,9000,11,,False
2012,Ram,3500,LARAMIE,6,Diesel,177709,,,15700,14,,False
2012,Ram,3500,LARAMIE,6,Diesel,353289,,,13600,14,,False
2023,Ram,3500,BIG HORN,6,Diesel,28618,,,61900,3,,False
2023,Ram,3500,TRADESMAN,6,Diesel,29145,,,60250,3,,False
2022,Ram,3500,LARAMIE,6,Diesel,68776,,,63500,4,,False
2024,Ram,3500,LIMITED,6,Diesel,22630,,,85300,2,,False
2023,Ram,3500,BIG HORN,8,Gasoline,38348,,,47500,3,,False
2023,Ram,3500,BIG HORN,8,Gasoline,74158,,,46400,3,,False
2022,Ram,3500,LIMITED,6,Diesel,68833,,,72000,4,,False
2022,Ram,3500,LIMITED,6,Diesel,64080,,,69300,4,,False
2022,Ram,3500,LARAMIE,6,Diesel,16069,,,68000,4,,False
2016,Ram,3500,LONGHORN,6,Diesel,238396,,,24000,10,,False
2016,Ram,3500,SLT,6,Diesel,196806,,,22800,10,,False
2024,Ram,3500,BIG HORN,6,Diesel,52966,,,72750,2,,False
2019,Ram,3500,LARAMIE,6,Diesel,138509,,,54400,7,,False
2024,Ram,3500,BIG HORN,6,Diesel,28951,,,74000,2,,False
2022,Ram,3500,BIG HORN,6,Diesel,174284,,,33000,4,,False
2017,Ram,3500,LARAMIE,6,Diesel,137811,,,46100,9,,False
2022,Ram,3500,LARAMIE,6,Diesel,65533,,,69900,4,,False
2012,Ram,3500,LARAMIE,6,Diesel,307891,,,16100,14,,False
2016,Ram,3500,LARAMIE,6,Diesel,149036,,,26100,10,,False
2014,Ram,3500,LARAMIE,8,Gasoline,123499,,,20000,12,,False
2022,Ram,3500,LIMITED,6,Diesel,72168,,,64400,4,,False
2023,Ram,3500,BIG HORN,6,Diesel,11625,,,65000,3,,False
2016,Ram,3500,SLT,6,Diesel,200331,,,22300,10,,False
2015,Ram,3500,ST,8,Gasoline,177788,,,11000,11,,False
2018,Ram,3500,LARAMIE,6,Diesel,203461,,,33000,8,,False
2019,Ram,3500,BIG HORN,6,Diesel,100482,,,40000,7,,False
2019,Ram,3500,BIG HORN,8,Gasoline,140671,,,24600,7,,False
2020,Ram,3500,TRADESMAN,6,Diesel,143181,,,40000,6,,False
2016,Ram,3500,SLT,8,Gasoline,107721,,,24500,10,,False
2023,Ram,3500,BIG HORN,6,Diesel,74835,,,61000,3,,False
2021,Ram,3500,BIG HORN,6,Diesel,222126,,,32000,5,,False
2022,Ram,3500,LARAMIE,6,Diesel,73142,,,70250,4,,False
2015,Ram,3500,ST,8,Gasoline,296659,,,4100,11,,False
2023,Ram,3500,BIG HORN,8,Gasoline,28072,,,50100,3,,False
2023,Ram,3500,BIG HORN,8,Gasoline,26851,,,50250,3,,False
2023,Ram,3500,BIG HORN,8,Gasoline,19466,,,52750,3,,False
2024,Ram,3500,LARAMIE,6,Diesel,13627,,,76000,2,,False
2022,Ram,3500,LARAMIE,6,Diesel,114569,,,59250,4,,False
2022,Ram,3500,LIMITED,6,Diesel,77589,,,71600,4,,False
2015,Ram,3500,SLT,6,Diesel,195096,,,22700,11,,False
2022,Ram,3500,BIG HORN,8,Gasoline,131922,,,33000,4,,False
2023,Ram,3500,BIG HORN,8,Gasoline,21304,,,62000,3,,False
2019,Ram,3500,LARAMIE,6,Diesel,157804,,,40000,7,,False
2020,Ram,3500,LARAMIE,6,Diesel,120755,,,48500,6,,False
2021,Ram,3500,BIG HORN,8,Gasoline,121560,,,28500,5,,False
2023,Ram,3500,BIG HORN,6,Diesel,32931,,,56500,3,,False
2022,Ram,3500,BIG HORN,6,Diesel,43241,,,72000,4,,False
2011,Ram,3500,SLT,6,Diesel,255988,,,19500,15,,False
2022,Ram,3500,TRADESMAN,8,Gasoline,38118,,,49000,4,,False
2017,Ram,3500,SLT,6,Diesel,166412,,,34000,9,,False
2020,Ram,3500,TRADESMAN,8,Gasoline,162050,,,23500,6,,False
2018,Ram,3500,LARAMIE,6,Diesel,116951,,,40000,8,,False
2014,Ram,3500,ST,8,Gasoline,163001,,,5000,12,,False
2023,Ram,3500,LIMITED,6,Diesel,69100,,,77000,3,,False
2019,Ram,3500,LARAMIE,6,Diesel,82718,,,55000,7,,False
2011,Ram,3500,LARAMIE,6,Diesel,79513,,,40800,15,,False
2016,Ram,3500,LARAMIE,6,Diesel,228067,,,18500,10,,False
2022,Ram,3500,BIG HORN,8,Gasoline,37824,,,45300,4,,False
2021,Ram,3500,BIG HORN,6,Diesel,93174,,,54500,5,,False
2021,Ram,3500,BIG HORN,6,Diesel,98617,,,67000,5,,False
2022,Ram,3500,LARAMIE,6,Diesel,59966,,,69800,4,,False
2020,Ram,3500,LIMITED,6,Diesel,59498,,,56600,6,,False
2023,Ram,3500,LIMITED,6,Diesel,71819,,,82600,3,,False
2018,Ram,3500,ST,6,Diesel,317076,,,13500,8,,False
2022,Ram,3500,BIG HORN,8,Gasoline,67460,,,49500,4,,False
2022,Ram,3500,BIG HORN,6,Diesel,132156,,,51000,4,,False
2023,Ram,3500,LIMITED,6,Diesel,15714,,,83500,3,,False
2024,Ram,3500,BIG HORN,6,Diesel,20289,,,75000,2,,False
2024,Ram,3500,BIG HORN,6,Diesel,47754,,,71800,2,,False
2021,Ram,3500,LIMITED,6,Diesel,82724,,,65100,5,,False
2016,Ram,3500,LARAMIE,6,Diesel,299328,,,22000,10,,False
2021,Ram,3500,BIG HORN,6,Diesel,154800,,,45500,5,,False
2018,Ram,3500,LARAMIE,6,Diesel,75950,,,40500,8,,False
2020,Ram,3500,LIMITED,6,Diesel,219157,,,39600,6,,False
2022,Ram,3500,LIMITED,6,Diesel,93993,,,61000,4,,False
2024,Ram,3500,LIMITED,6,Diesel,13689,,,86100,2,,False
2017,Ram,3500,LARAMIE,6,Diesel,196250,,,37000,9,,False
2021,Ram,3500,TRADESMAN,8,Gasoline,211329,,,23600,5,,False
2022,Ram,3500,BIG HORN,8,Gasoline,63772,,,46000,4,,False
2013,Ram,3500,SLT,6,Diesel,364335,,,8500,13,,False
2023,Ram,3500,BIG HORN,8,Gasoline,48266,,,51500,3,,False
2016,Ram,3500,LONGHORN,6,Diesel,344874,,,12600,10,,False
2019,Ram,3500,LIMITED,6,Diesel,162276,,,48900,7,,False
2020,Ram,3500,BIG HORN,6,Diesel,110054,,,45600,6,,False
2024,Ram,3500,BIG HORN,6,Diesel,67984,,,72600,2,,False
2024,Ram,3500,LARAMIE,6,Diesel,105774,,,69000,2,,False
2016,Ram,3500,SLT,8,Gasoline,219339,,,13400,10,,False
2022,Ram,3500,BIG HORN,6,Diesel,51500,,,59000,4,,False
2024,Ram,3500,BIG HORN,6,Diesel,34905,,,69800,2,,False
2020,Ram,3500,BIG HORN,6,Diesel,394986,,,25750,6,,False
2019,Ram,3500,BIG HORN,6,Diesel,61409,,,47750,7,,False
2021,Ram,3500,BIG HORN,6,Diesel,110839,,,60750,5,,False
2023,Ram,3500,LARAMIE,6,Diesel,35969,,,81100,3,,False
2018,Ram,3500,SLT,6,Diesel,279790,,,21700,8,,False
2017,Ram,3500,SLT,8,Gasoline,202512,,,15000,9,,False
2012,Ram,3500,SLT,6,Diesel,316465,,,8900,14,,False
2023,Ram,3500,BIG HORN,8,Gasoline,10052,,,67500,3,,False
2017,Ram,3500,LARAMIE,8,Gasoline,191746,,,26200,9,,False
2024,Ram,3500,LIMITED,6,Diesel,82955,,,84200,2,,False
2022,Ram,3500,LARAMIE,6,Diesel,32614,,,83000,4,,False
2023,Ram,3500,LARAMIE,6,Diesel,216572,,,54400,3,,False
2022,Ram,3500,LIMITED,6,Diesel,49500,,,74000,4,,False
2015,Ram,3500,LARAMIE,6,Diesel,213636,,,23000,11,,False
2019,Ram,3500,BIG HORN,8,Gasoline,173588,,,14200,7,,False
2012,Ram,3500,LARAMIE,6,Diesel,262135,,,17500,14,,False
2023,Ram,3500,BIG HORN,6,Diesel,63718,,,67500,3,,False
2016,Ram,3500,SLT,6,Diesel,216374,,,26750,10,,False
2020,Ram,3500,LARAMIE,6,Diesel,221691,,,37600,6,,False
2024,Ram,3500,TRADESMAN,6,Diesel,136866,,,51000,2,,False
2022,Ram,3500,BIG HORN,6,Diesel,51131,,,61500,4,,False
2024,Ram,3500,LIMITED,6,Diesel,10552,,,88000,2,,False
2023,Ram,3500,LIMITED,6,Diesel,78905,,,75250,3,,False
2020,Ram,3500,TRADESMAN,8,Gasoline,40915,,,46700,6,,False
2023,Ram,3500,BIG HORN,6,Diesel,32710,,,65250,3,,False
2020,Ram,3500,LARAMIE,6,Diesel,183800,,,34500,6,,False
2014,Ram,3500,LARAMIE,6,Diesel,215326,,,21300,12,,False
2016,Ram,3500,LARAMIE,6,Diesel,235517,,,28000,10,,False
2024,Ram,3500,LIMITED,6,Diesel,19798,,,88800,2,,False
2022,Ram,3500,LIMITED,6,Diesel,68769,,,73500,4,,False
2015,Ram,3500,LARAMIE,6,Diesel,35601,,,42700,11,,False
2019,Ram,3500,LARAMIE,6,Diesel,130936,,,53000,7,,False
2024,Ram,3500,BIG HORN,8,Gasoline,10175,,,60500,2,,False
2016,Ram,3500,SLT,8,Gasoline,194907,,,16000,10,,False
2023,Ram,3500,LARAMIE,6,Diesel,71963,,,74750,3,,False
2022,Ram,3500,LIMITED,6,Diesel,54212,,,73000,4,,False
2017,Ram,3500,ST,8,Gasoline,291361,,,8800,9,,False
2019,Ram,3500,LARAMIE,6,Diesel,176866,,,45800,7,,False
2024,Ram,3500,LARAMIE,6,Diesel,52210,,,79200,2,,False
2016,Ram,3500,SLT,8,Gasoline,139759,,,25250,10,,False
2016,Ram,3500,SLT,8,Gasoline,157909,,,27000,10,,False
2016,Ram,3500,SLT,8,Gasoline,159904,,,20000,10,,False
2018,Ram,3500,LIMITED,6,Diesel,122701,,,48500,8,,False
2022,Ram,3500,LIMITED,6,Diesel,120871,,,65750,4,,False
2016,Ram,3500,LIMITED,6,Diesel,270764,,,28000,10,,False
2017,Ram,3500,LARAMIE,6,Diesel,257359,,,33400,9,,False
2019,Ram,3500,LIMITED,6,Diesel,200336,,,46500,7,,False
2022,Ram,3500,TRADESMAN,6,Diesel,142054,,,48000,4,,False
2021,Ram,3500,BIG HORN,6,Diesel,145385,,,40250,5,,False
2018,Ram,3500,LARAMIE,6,Diesel,264696,,,26200,8,,False
2023,Ram,3500,BIG HORN,8,Gasoline,51499,,,52100,3,,False
2021,Ram,3500,BIG HORN,6,Diesel,338078,,,24400,5,,False
2018,Ram,3500,ST,6,Diesel,316987,,,20300,8,,False
2022,Ram,3500,LARAMIE,6,Diesel,30363,,,71250,4,,False
2021,Ram,3500,LIMITED,6,Diesel,87325,,,65000,5,,False
2018,Ram,3500,SLT,6,Diesel,214525,,,30800,8,,False
2019,Ram,3500,LARAMIE,6,Diesel,202957,,,36000,7,,False
2022,Ram,3500,BIG HORN,6,Diesel,55683,,,65000,4,,False
2017,Ram,3500,ST,6,Diesel,279070,,,18500,9,,False
2018,Ram,3500,LIMITED,6,Diesel,101686,,,56250,8,,False
2022,Ram,3500,TRADESMAN,6,Diesel,78927,,,42100,4,,False
2024,Ram,3500,LIMITED,6,Diesel,47187,,,91000,2,,False
2021,Ram,3500,LIMITED,6,Diesel,142329,,,55000,5,,False
2013,Ram,3500,LARAMIE,6,Diesel,368400,,,13500,13,,False
2023,Ram,3500,LARAMIE,6,Diesel,73452,,,75000,3,,False
2019,Ram,3500,BIG HORN,8,Gasoline,177470,,,22250,7,,False
2013,Ram,3500,SLT,6,Diesel,309701,,,18900,13,,False
2022,Ram,3500,LIMITED,6,Diesel,28080,,,71100,4,,False
2018,Ram,3500,LARAMIE,6,Diesel,244678,,,28000,8,,False
2011,Ram,3500,LARAMIE,6,Diesel,256798,,,18000,15,,False
2016,Ram,3500,ST,6,Diesel,199055,,,21100,10,,False
2022,Ram,3500,TRADESMAN,6,Diesel,53750,,,56000,4,,False
2019,Ram,3500,BIG HORN,6,Diesel,122749,,,43500,7,,False
2012,Ram,3500,LARAMIE,6,Diesel,224823,,,20200,14,,False
2022,Ram,3500,LARAMIE,6,Diesel,142494,,,56750,4,,False
2019,Ram,3500,LARAMIE,6,Diesel,149363,,,44000,7,,False
2021,Ram,3500,LIMITED,6,Diesel,49803,,,72500,5,,False
2019,Ram,3500,LARAMIE,6,Diesel,181304,,,46500,7,,False
2023,Ram,3500,BIG HORN,6,Diesel,62500,,,68000,3,,False
2019,Ram,3500,LARAMIE,6,Diesel,120317,,,58800,7,,False
2022,Ram,3500,BIG HORN,8,Gasoline,45618,,,26300,4,,False
2013,Ram,3500,SLT,6,Diesel,172987,,,10100,13,,False
2023,Ram,3500,BIG HORN,6,Diesel,51519,,,68000,3,,False
2019,Ram,3500,BIG HORN,6,Diesel,136013,,,29750,7,,False
2013,Ram,3500,LARAMIE,6,Diesel,115936,,,42500,13,,False
2019,Ram,3500,LIMITED,6,Diesel,261352,,,38500,7,,False
2024,Ram,3500,LIMITED,6,Diesel,16106,,,94500,2,,False
2024,Ram,3500,TRADESMAN,6,Diesel,24500,,,62000,2,,False
2017,Ram,3500,SLT,8,Gasoline,309758,,,5000,9,,False
2021,Ram,3500,BIG HORN,8,Gasoline,140864,,,29200,5,,False
2016,Ram,3500,ST,8,Gasoline,233360,,,7500,10,,False
2017,Ram,3500,LARAMIE,6,Diesel,266428,,,26600,9,,False
2016,Ram,3500,LARAMIE,6,Diesel,201081,,,40800,10,,False
2021,Ram,3500,BIG HORN,6,Diesel,15305,,,41000,5,,False
2012,Ram,3500,SLT,6,Diesel,296112,,,12500,14,,False
2022,Ram,3500,LARAMIE,6,Diesel,37428,,,74900,4,,False
2016,Ram,3500,LARAMIE,6,Diesel,236478,,,19400,10,,False
2013,Ram,3500,LARAMIE,6,Diesel,175380,,,17000,13,,False
2024,Ram,3500,BIG HORN,6,Diesel,38030,,,70000,2,,False
2021,Ram,3500,LARAMIE,6,Diesel,129901,,,56000,5,,False
2021,Ram,3500,TRADESMAN,6,Diesel,190583,,,43100,5,,False
2017,Ram,3500,ST,8,Gasoline,160777,,,15750,9,,False
2023,Ram,3500,BIG HORN,6,Diesel,189736,,,51300,3,,False
2022,Ram,3500,LARAMIE,6,Diesel,83781,,,65250,4,,False
2021,Ram,3500,LIMITED,6,Diesel,55943,,,70000,5,,False
2020,Ram,3500,LARAMIE,6,Diesel,183719,,,30250,6,,False
2022,Ram,3500,LIMITED,6,Diesel,84578,,,59300,4,,False
2019,Ram,3500,LIMITED,6,Diesel,228365,,,40500,7,,False
2019,Ram,3500,TRADESMAN,6,Diesel,174035,,,27000,7,,False
2015,Ram,3500,SLT,6,Diesel,193273,,,20000,11,,False
2022,Ram,3500,LIMITED,6,Diesel,137233,,,66100,4,,False
2014,Ram,3500,SLT,6,Diesel,266920,,,5100,12,,False
2021,Ram,3500,LIMITED,6,Diesel,21013,,,80000,5,,False
2022,Ram,3500,BIG HORN,8,Gasoline,109955,,,42000,4,,False
2018,Ram,3500,LARAMIE,6,Diesel,136381,,,40200,8,,False
2017,Ram,3500,LIMITED,6,Diesel,183139,,,44600,9,,False
2020,Ram,3500,LARAMIE,6,Diesel,141000,,,56500,6,,False
2023,Ram,3500,TRADESMAN,6,Diesel,20989,,,62750,3,,False
2019,Ram,3500,LARAMIE,6,Diesel,146016,,,44500,7,,False
2022,Ram,3500,LARAMIE,6,Diesel,75049,,,69250,4,,False
2016,Ram,3500,ST,6,Diesel,221275,,,13500,10,,False
2019,Ram,3500,TRADESMAN,6,Diesel,234657,,,25750,7,,False
2012,Ford,f-150,no_mention,6,gasoline,145554,,,9900,14,,False
2019,Ford,f-150,no_mention,6,gasoline,112038,,,26000,7,,False
2018,Ford,f-150,no_mention,6,gasoline,185730,,,19600,8,,False
2018,Ford,f-150,xlt,8,flex,104560,,,22500,8,,False
2016,Ford,f-150,no_mention,8,flex,111523,,,23400,10,,False
2014,Ford,f-150,fx4,6,gasoline,150565,,,14100,12,,False
2015,Ford,f-150,xlt,8,flex,201200,,,6600,11,,False
2020,Ford,f-150,no_mention,6,gasoline,137876,,,21500,6,,False
2018,Ford,f-150,no_mention,8,flex,127871,,,21000,8,,False
2022,Ford,f-150,no_mention,8,flex,54800,,,97500,4,,False
2019,Ford,f-150,no_mention,6,gasoline,135686,,,23000,7,,False
2016,Ford,f-150,no_mention,6,gasoline,227159,,,11400,10,,False
2023,Ford,f-150,no_mention,6,gasoline,11419,,,69100,3,,False
2013,Ford,f-150,fx4,8,flex,262682,,,8550,13,,False
2011,Ford,f-150,xlt,6,gasoline,280759,,,3500,15,,False
2024,Ford,f-150,lariat,6,gasoline,27804,,,62100,2,,False
2018,Ford,f-150,no_mention,8,flex,145996,,,23100,8,,False
2025,Ford,f-150,xlt,6,gasoline,15900,,,54000,1,,False
2023,Ford,f-150,xlt,8,flex,52500,,,42000,3,,False
2017,Ford,f-150,xlt,8,flex,132554,,,21300,9,,False
2022,Ford,f-150,no_mention,6,gasoline,80979,,,37800,4,,False
2023,Ford,f-150,xlt,8,flex,46261,,,40400,3,,False
2023,Ford,f-150,xlt,6,gasoline,32128,,,45300,3,,False
2023,Ford,f-150,lariat,6,gasoline,37475,,,52500,3,,False
2023,Ford,f-150,lariat,6,gasoline,56778,,,49100,3,,False
2025,Ford,f-150,xlt,6,gasoline,15840,,,54400,1,,False
2021,Ford,f-150,xl,6,gasoline,83224,,,22800,5,,False
2019,Ford,f-150,xlt,8,flex,132301,,,13800,7,,False
2015,Ford,f-150,lariat,8,flex,166260,,,15500,11,,False
2022,Ford,f-150,xlt,6,gasoline,142384,,,26000,4,,False
2023,Ford,f-150,xlt,6,gasoline,32845,,,42500,3,,False
2018,Ford,f-150,xlt,8,flex,154101,,,13100,8,,False
2020,Ford,f-150,xlt,6,gasoline,199020,,,13500,6,,False
2020,Ford,f-150,xlt,6,gasoline,154124,,,12750,6,,False
2020,Ford,f-150,xlt,6,gasoline,73440,,,33500,6,,False
2015,Ford,f-150,xlt,6,gasoline,253869,,,6000,11,,False
2018,Ford,f-150,no_mention,6,gasoline,289025,,,4900,8,,False
2011,Ford,f-150,raptor,8,gasoline,282000,,,10100,15,,False
2016,Ford,f-150,no_mention,6,gasoline,279329,,,9000,10,,False
2022,Ford,f-150,no_mention,6,gasoline,92405,,,36600,4,,False
2023,Ford,f-150,no_mention,6,gasoline,55407,,,61600,3,,False
2022,Ford,f-150,no_mention,8,flex,63257,,,42000,4,,False
2018,Ford,f-150,no_mention,6,gasoline,140391,,,20200,8,,False
2024,Ford,f-150,tremor,6,gasoline,30328,,,61400,2,,False
2017,Ford,f-150,no_mention,6,gasoline,188836,,,12200,9,,False
2021,Ford,f-150,no_mention,6,gasoline,88706,,,36400,5,,False
2016,Ford,f-150,xlt,6,flex,221565,,,8000,10,,False
2021,Ford,f-150,no_mention,6,gasoline,62918,,,32500,5,,False
2022,Ford,f-150,no_mention,6,gasoline,69929,,,47000,4,,False
2023,Ford,f-150,xlt,6,gasoline,37721,,,42000,3,,False
2023,Ford,f-150,xlt,6,gasoline,49962,,,45100,3,,False
2023,Ford,f-150,lariat,6,gasoline,53615,,,48500,3,,False
2023,Ford,f-150,xlt,6,gasoline,44545,,,40400,3,,False
2021,Ford,f-150,xlt,8,flex,193048,,,27700,5,,False
2019,Ford,f-150,xlt,6,gasoline,178206,,,19800,7,,False
2019,Ford,f-150,lariat,6,gasoline,181565,,,26400,7,,False
2023,Ford,f-150,xlt,6,gasoline,94341,,,41000,3,,False
2019,Ford,f-150,xlt,6,gasoline,167201,,,24500,7,,False
2023,Ford,f-150,lariat,6,gasoline,61892,,,49400,3,,False
2019,Ford,f-150,xlt,6,gasoline,286323,,,11100,7,,False
2019,Ford,f-150,xlt,6,gasoline,120759,,,17500,7,,False
2019,Ford,f-150,xlt,8,flex,146550,,,19900,7,,False
2018,Ford,f-150,xlt,8,flex,222636,,,12500,8,,False
2023,Ford,f-150,tremor,6,gasoline,46453,,,66000,3,,False
2023,Ford,f-150,tremor,6,gasoline,32033,,,67900,3,,False
2017,Ford,f-150,xlt,6,gasoline,200792,,,14700,9,,False
2017,Ford,f-150,xlt,6,gasoline,134647,,,16800,9,,False
2019,Ford,f-150,xlt,6,gasoline,188552,,,16000,7,,False
2022,Ford,f-150,xlt,6,flex,103395,,,20000,4,,False
2023,Ford,f-150,xlt,6,hybrid,122723,,,28300,3,,False
2016,Ford,f-150,xlt,8,flex,197369,,,14200,10,,False
2017,Ford,f-150,xlt,8,flex,283534,,,5600,9,,False
2023,Ford,f-150,xlt,6,gasoline,12002,,,40200,3,,False
2021,Ford,f-150,xlt,8,flex,115538,,,29300,5,,False
2021,Ford,f-150,xlt,8,flex,98117,,,31250,5,,False
2023,Ford,f-150,xlt,8,flex,90460,,,37000,3,,False
2018,Ford,f-150,xlt,8,flex,124706,,,22000,8,,False
2022,Ford,f-150,lariat,8,flex,144706,,,30000,4,,False
2021,Ford,f-150,xlt,8,flex,142702,,,26500,5,,False
2020,Ford,f-150,xlt,8,flex,95148,,,35100,6,,False
2017,Ford,f-150,xl,6,flex,165046,,,11100,9,,False
2020,Ford,f-150,xlt,6,gasoline,100924,,,30500,6,,False
2019,Ford,f-150,xlt,6,gasoline,161676,,,19100,7,,False
2019,Ford,f-150,xlt,6,gasoline,60897,,,29700,7,,False
2017,Ford,f-150,xlt,6,gasoline,231064,,,7500,9,,False
2018,Ford,f-150,xlt,6,gasoline,293386,,,7000,8,,False
2023,Ford,f-150,raptor,6,gasoline,19213,,,90250,3,,False
2024,Ford,f-150,xlt,8,gasoline,56770,,,46400,2,,False
2025,Ford,f-150,xlt,6,gasoline,15695,,,50500,1,,False
2024,Ford,f-150,xlt,6,gasoline,39787,,,52000,2,,False
2025,Ford,f-150,xlt,6,gasoline,27408,,,50000,1,,False
2024,Ford,f-150,tremor,6,gasoline,44683,,,60750,2,,False
2022,Ford,f-150,xlt,8,flex,93881,,,32600,4,,False
2023,Ford,f-150,xlt,6,gasoline,201318,,,15200,3,,False
2023,Ford,f-150,xlt,6,gasoline,197491,,,17000,3,,False
2021,Ford,f-150,xlt,6,gasoline,153551,,,21000,5,,False
2023,Ford,f-150,xlt,6,gasoline,41837,,,44200,3,,False
2023,Ford,f-150,xlt,6,gasoline,51183,,,41500,3,,False
2021,Ford,f-150,no_mention,6,gasoline,166021,,,22900,5,,False
2021,Ford,f-150,xlt,6,gasoline,211665,,,18000,5,,False
2021,Ford,f-150,xl,6,gasoline,86990,,,17000,5,,False
2023,Ford,f-150,xlt,6,gasoline,90365,,,38350,3,,False
2022,Ford,f-150,xlt,6,gasoline,88830,,,34750,4,,False
2021,Ford,f-150,xlt,6,gasoline,94039,,,30000,5,,False
2023,Ford,f-150,xlt,6,gasoline,54729,,,38000,3,,False
2023,Ford,f-150,xlt,6,gasoline,45177,,,46750,3,,False
2013,Ford,f-150,fx4,8,flex,176859,,,10500,13,,False
2020,Ford,f-150,no_mention,8,flex,118517,,,26300,6,,False
2017,Ford,f-150,no_mention,6,gasoline,174312,,,18200,9,,False
2019,Ford,f-150,no_mention,8,flex,102847,,,26500,7,,False
2019,Ford,f-150,no_mention,8,flex,134065,,,20500,7,,False
2023,Ford,f-150,no_mention,6,gasoline,63951,,,52700,3,,False
2023,Ford,f-150,lariat,6,gasoline,43998,,,54800,3,,False
2015,Ford,f-150,xlt,6,flex,294856,,,6000,11,,False
2018,Ford,f-150,no_mention,8,flex,145128,,,21200,8,,False
2023,Ford,f-150,lariat,6,gasoline,33624,,,53900,3,,False
2016,Ford,f-150,no_mention,8,flex,189999,,,13000,10,,False
2021,Ford,f-150,no_mention,8,flex,170698,,,23000,5,,False
2023,Ford,f-150,raptor,6,gasoline,74505,,,78500,3,,False
2014,Ford,f-150,fx4,8,flex,292842,,,4400,12,,False
2016,Ford,f-150,lariat,6,gasoline,197873,,,17300,10,,False
2012,Ford,f-150,no_mention,6,gasoline,267762,,,6400,14,,False
2023,Ford,f-150,tremor,6,gasoline,91946,,,57000,3,,False
2018,Ford,f-150,xlt,8,flex,218094,,,11000,8,,False
2017,Ford,f-150,no_mention,6,gasoline,163019,,,18800,9,,False
2023,Ford,f-150,lariat,6,gasoline,32831,,,52900,3,,False
2023,Ford,f-150,lariat,6,gasoline,43528,,,51100,3,,False
2023,Ford,f-150,lariat,6,gasoline,45492,,,56200,3,,False
2023,Ford,f-150,lariat,6,gasoline,14165,,,55100,3,,False
2020,Ford,f-150,lariat,6,gasoline,137619,,,25500,6,,False
2023,Ford,f-150,xlt,6,gasoline,51326,,,45500,3,,False
2022,Ford,f-150,xlt,6,gasoline,114249,,,31250,4,,False
2022,Ford,f-150,lariat,6,gasoline,57577,,,44800,4,,False
2023,Ford,f-150,xlt,6,gasoline,80300,,,33300,3,,False
2023,Ford,f-150,lariat,6,gasoline,39205,,,53000,3,,False
2020,Ford,f-150,xlt,6,gasoline,229143,,,13600,6,,False
2021,Ford,f-150,xlt,6,gasoline,87946,,,35900,5,,False
2022,Ford,f-150,lariat,6,gasoline,53003,,,44000,4,,False
2019,Ford,f-150,xlt,6,gasoline,163969,,,20000,7,,False
2022,Ford,f-150,lariat,6,gasoline,77534,,,43800,4,,False
2019,Ford,f-150,xlt,6,gasoline,121959,,,23600,7,,False
2022,Ford,f-150,lariat,6,gasoline,85399,,,39500,4,,False
2020,Ford,f-150,xlt,8,flex,122832,,,23500,6,,False
2018,Ford,f-150,xlt,8,flex,214520,,,12500,8,,False
2023,Ford,f-150,tremor,6,gasoline,16084,,,63000,3,,False
2022,Ford,f-150,xlt,6,flex,103301,,,26000,4,,False
2023,Ford,f-150,xlt,6,flex,91355,,,24800,3,,False
2022,Ford,f-150,xlt,6,flex,138774,,,24000,4,,False
2016,Ford,f-150,lariat,8,flex,251175,,,10500,10,,False
2017,Ford,f-150,limited,6,gasoline,212397,,,21400,9,,False
2018,Ford,f-150,xlt,6,gasoline,90133,,,21750,8,,False
2018,Ford,f-150,platinum,6,gasoline,88094,,,33300,8,,False
2023,Ford,f-150,platinum,6,gasoline,41640,,,64250,3,,False
2016,Ford,f-150,xlt,8,flex,174608,,,14600,10,,False
2020,Ford,f-150,xl,6,gasoline,12254,,,32250,6,,False
2023,Ford,f-150,xlt,6,hybrid,57854,,,46000,3,,False
2023,Ford,f-150,xlt,6,hybrid,88323,,,43000,3,,False
2016,Ford,f-150,xlt,8,flex,166054,,,16600,10,,False
2016,Ford,f-150,xlt,8,flex,196452,,,9200,10,,False
2021,Ford,f-150,xlt,6,gasoline,168971,,,20500,5,,False
2021,Ford,f-150,xlt,6,gasoline,151902,,,18000,5,,False
2022,Ford,f-150,xlt,6,gasoline,46045,,,45500,4,,False
2023,Ford,f-150,xlt,6,gasoline,59683,,,44500,3,,False
2022,Ford,f-150,xlt,6,hybrid,182254,,,20000,4,,False
2022,Ford,f-150,platinum,6,hybrid,57284,,,58000,4,,False
2023,Ford,f-150,lariat,6,hybrid,55511,,,53750,3,,False
2021,Ford,f-150,no_mention,6,hybrid,90422,,,40250,5,,False
2023,Ford,f-150,lariat,6,hybrid,110586,,,45000,3,,False
2021,Ford,f-150,platinum,6,hybrid,98152,,,45800,5,,False
2022,Ford,f-150,xlt,8,flex,155221,,,26300,4,,False
2023,Ford,f-150,xlt,8,flex,71329,,,46000,3,,False
2022,Ford,f-150,xlt,8,flex,82505,,,36800,4,,False
2022,Ford,f-150,xlt,8,flex,107224,,,42500,4,,False
2019,Ford,f-150,xlt,8,flex,147698,,,12200,7,,False
2020,Ford,f-150,xlt,6,gasoline,98802,,,26500,6,,False
2021,Ford,f-150,xlt,6,gasoline,113227,,,26500,5,,False
2017,Ford,f-150,xlt,6,flex,191721,,,9900,9,,False
2016,Ford,f-150,xlt,6,flex,211868,,,6200,10,,False
2021,Ford,f-150,xlt,6,flex,132020,,,20000,5,,False
2019,Ford,f-150,xlt,6,gasoline,295600,,,6000,7,,False
2018,Ford,f-150,platinum,6,diesel,145514,,,23100,8,,False
2018,Ford,f-150,lariat,6,diesel,192088,,,15000,8,,False
2019,Ford,f-150,lariat,6,diesel,184390,,,17200,7,,False
2020,Ford,f-150,xlt,6,gasoline,175402,,,14900,6,,False
2020,Ford,f-150,xlt,6,gasoline,164247,,,15700,6,,False
2020,Ford,f-150,xlt,6,gasoline,165433,,,16500,6,,False
2019,Ford,f-150,xlt,6,gasoline,119861,,,22000,7,,False
2016,Ford,f-150,xlt,6,gasoline,145617,,,16400,10,,False
2017,Ford,f-150,xlt,6,gasoline,183075,,,7000,9,,False
2024,Ford,f-150,raptor,8,gasoline,9144,,,153000,2,,False
2024,Ford,f-150,tremor,6,gasoline,25109,,,62250,2,,False
2024,Ford,f-150,tremor,6,gasoline,20996,,,65500,2,,False
2025,Ford,f-150,platinum,6,hybrid,15884,,,84500,1,,False
2022,Ford,f-150,xlt,6,gasoline,59093,,,44250,4,,False
2023,Ford,f-150,xlt,6,gasoline,126205,,,37300,3,,False
2023,Ford,f-150,lariat,6,gasoline,30717,,,59400,3,,False
2023,Ford,f-150,xlt,6,gasoline,99877,,,36250,3,,False
2022,Ford,f-150,xlt,6,gasoline,84558,,,40000,4,,False
2023,Ford,f-150,xlt,6,gasoline,54360,,,46800,3,,False
2022,Ford,f-150,xlt,6,gasoline,106964,,,32200,4,,False
2023,Ford,f-150,no_mention,6,gasoline,40133,,,45500,3,,False
2023,Ford,f-150,lariat,6,gasoline,85711,,,51900,3,,False
2023,Ford,f-150,lariat,8,flex,65371,,,58000,3,,False
2023,Ford,f-150,tremor,6,gasoline,70467,,,50000,3,,False
2024,Ford,f-150,xlt,6,gasoline,26722,,,51000,2,,False
2016,Ford,f-150,no_mention,6,gasoline,223603,,,13500,10,,False
2011,Ford,f-150,no_mention,6,gasoline,285263,,,3800,15,,False
2021,Ford,f-150,xlt,6,flex,218010,,,17000,5,,False
2019,Ford,f-150,limited,6,gasoline,173790,,,28600,7,,False
2022,Ford,f-150,no_mention,6,hybrid,161600,,,39000,4,,False
2018,Ford,f-150,no_mention,6,diesel,118401,,,22000,8,,False
2022,Ford,f-150,no_mention,6,gasoline,203321,,,21000,4,,False
2021,Ford,f-150,no_mention,6,gasoline,88327,,,32600,5,,False
2023,Ford,f-150,lariat,6,gasoline,26684,,,54000,3,,False
2022,Ford,f-150,no_mention,6,hybrid,94349,,,50600,4,,False
2024,Ford,f-150,no_mention,6,gasoline,59277,,,42600,2,,False
2023,Ford,f-150,no_mention,6,gasoline,71919,,,38800,3,,False
2023,Ford,f-150,no_mention,6,gasoline,29268,,,47000,3,,False
2018,Ford,f-150,platinum,6,gasoline,74834,,,29100,8,,False
2022,Ford,f-150,no_mention,8,flex,87200,,,36200,4,,False
2018,Ford,f-150,xlt,6,gasoline,185943,,,18500,8,,False
2023,Ford,f-150,lariat,6,gasoline,33514,,,52200,3,,False
2023,Ford,f-150,lariat,6,gasoline,36360,,,51600,3,,False
2023,Ford,f-150,lariat,6,gasoline,84305,,,47500,3,,False
2016,Ford,f-150,lariat,8,flex,177212,,,20600,10,,False
2023,Ford,f-150,lariat,6,gasoline,78612,,,48400,3,,False
2023,Ford,f-150,lariat,6,gasoline,24400,,,52600,3,,False
2023,Ford,f-150,lariat,6,gasoline,37358,,,51600,3,,False
2023,Ford,f-150,lariat,6,gasoline,34405,,,51200,3,,False
2023,Ford,f-150,xlt,6,gasoline,25747,,,44400,3,,False
2023,Ford,f-150,lariat,6,gasoline,43417,,,50000,3,,False
2023,Ford,f-150,lariat,6,gasoline,31837,,,49200,3,,False
2020,Ford,f-150,xlt,6,gasoline,201497,,,11600,6,,False
2022,Ford,f-150,xlt,6,gasoline,119350,,,7500,4,,False
2023,Ford,f-150,lariat,6,gasoline,42444,,,51000,3,,False
2023,Ford,f-150,lariat,6,gasoline,119851,,,39200,3,,False
2023,Ford,f-150,lariat,6,gasoline,32608,,,52000,3,,False
2023,Ford,f-150,xl,6,gasoline,69567,,,41200,3,,False
2023,Ford,f-150,lariat,6,gasoline,61650,,,46200,3,,False
2023,Ford,f-150,xlt,6,gasoline,29975,,,38000,3,,False
2023,Ford,f-150,no_mention,6,gasoline,32086,,,48500,3,,False
2023,Ford,f-150,xlt,6,gasoline,35901,,,41800,3,,False
2023,Ford,f-150,lariat,6,gasoline,26426,,,54200,3,,False
2023,Ford,f-150,lariat,6,gasoline,39452,,,51000,3,,False
2023,Ford,f-150,xlt,6,gasoline,32537,,,43600,3,,False
2023,Ford,f-150,lariat,6,gasoline,30595,,,51000,3,,False
2023,Ford,f-150,xl,6,gasoline,43362,,,51200,3,,False
2023,Ford,f-150,lariat,6,gasoline,16929,,,53000,3,,False
2023,Ford,f-150,xlt,6,gasoline,78171,,,32200,3,,False
2023,Ford,f-150,lariat,6,gasoline,47753,,,50600,3,,False
2023,Ford,f-150,xlt,6,gasoline,35796,,,43200,3,,False
2023,Ford,f-150,lariat,6,gasoline,33512,,,50000,3,,False
2023,Ford,f-150,lariat,6,gasoline,33172,,,52200,3,,False
2023,Ford,f-150,lariat,6,gasoline,43614,,,51200,3,,False
2023,Ford,f-150,lariat,6,gasoline,62566,,,46800,3,,False
2023,Ford,f-150,lariat,6,gasoline,34869,,,51000,3,,False
2023,Ford,f-150,no_mention,6,gasoline,40467,,,44400,3,,False
2021,Ford,f-150,xlt,6,gasoline,87799,,,24000,5,,False
2023,Ford,f-150,lariat,6,gasoline,26623,,,48200,3,,False
2023,Ford,f-150,lariat,6,gasoline,44320,,,51000,3,,False
2023,Ford,f-150,lariat,6,gasoline,62292,,,51000,3,,False
2023,Ford,f-150,lariat,6,gasoline,51003,,,50200,3,,False
2023,Ford,f-150,lariat,6,gasoline,29893,,,52000,3,,False
2021,Ford,f-150,xlt,6,gasoline,87078,,,20600,5,,False
2022,Ford,f-150,lariat,6,gasoline,101371,,,33800,4,,False
2023,Ford,f-150,xl,6,gasoline,24883,,,40000,3,,False
2023,Ford,f-150,lariat,6,gasoline,53706,,,49600,3,,False
2023,Ford,f-150,xlt,6,gasoline,39920,,,36200,3,,False
2023,Ford,f-150,lariat,6,gasoline,22161,,,52200,3,,False
2023,Ford,f-150,lariat,6,gasoline,29646,,,49200,3,,False
2023,Ford,f-150,lariat,6,gasoline,40639,,,49200,3,,False
2023,Ford,f-150,lariat,6,gasoline,37614,,,51000,3,,False
2020,Ford,f-150,xlt,6,gasoline,127314,,,12600,6,,False
2023,Ford,f-150,lariat,6,gasoline,84721,,,40800,3,,False
2023,Ford,f-150,lariat,6,gasoline,36607,,,50000,3,,False
2023,Ford,f-150,lariat,6,gasoline,27192,,,54400,3,,False
2023,Ford,f-150,lariat,6,gasoline,50004,,,49600,3,,False
2023,Ford,f-150,lariat,6,gasoline,34098,,,52200,3,,False
2023,Ford,f-150,no_mention,6,gasoline,42853,,,50000,3,,False
2023,Ford,f-150,lariat,6,gasoline,29012,,,49200,3,,False
2023,Ford,f-150,lariat,6,gasoline,33040,,,50200,3,,False
2023,Ford,f-150,xlt,6,gasoline,53721,,,35400,3,,False
2023,Ford,f-150,xlt,6,gasoline,29198,,,44200,3,,False
2023,Ford,f-150,lariat,6,gasoline,30382,,,50200,3,,False
2023,Ford,f-150,lariat,6,gasoline,46914,,,49000,3,,False
2023,Ford,f-150,xl,6,gasoline,36442,,,42000,3,,False
2023,Ford,f-150,no_mention,6,gasoline,25753,,,49000,3,,False
2023,Ford,f-150,lariat,6,gasoline,44692,,,51000,3,,False
2023,Ford,f-150,xl,6,gasoline,42042,,,52200,3,,False
2023,Ford,f-150,lariat,6,gasoline,38885,,,49200,3,,False
2022,Ford,f-150,xlt,6,gasoline,57985,,,31200,4,,False
2023,Ford,f-150,lariat,6,gasoline,73057,,,46500,3,,False
2023,Ford,f-150,xlt,6,gasoline,27042,,,44400,3,,False
2020,Ford,f-150,xlt,6,gasoline,273080,,,8100,6,,False
2019,Ford,f-150,xlt,6,gasoline,184162,,,14600,7,,False
2020,Ford,f-150,xlt,8,flex,165600,,,17000,6,,False
2023,Ford,f-150,tremor,6,gasoline,66127,,,45000,3,,False
2021,Ford,f-150,xlt,8,flex,76989,,,28000,5,,False
2022,Ford,f-150,xlt,6,gasoline,47897,,,29000,4,,False
2021,Ford,f-150,xl,8,flex,241443,,,5000,5,,False
2013,Ford,f-150,xlt,6,flex,216781,,,5100,13,,False
2012,Ford,f-150,xlt,8,flex,217887,,,3300,14,,False
2014,Ford,f-150,xlt,8,flex,282153,,,3600,12,,False
2013,Ford,f-150,xlt,8,flex,178931,,,6750,13,,False
2014,Ford,f-150,xlt,8,flex,214284,,,6750,12,,False
2023,Ford,f-150,xlt,6,gasoline,70183,,,42200,3,,False
2023,Ford,f-150,xlt,6,gasoline,51193,,,44800,3,,False
2023,Ford,f-150,xlt,6,gasoline,112456,,,27100,3,,False
2021,Ford,f-150,lariat,6,gasoline,105136,,,31600,5,,False
2023,Ford,f-150,lariat,6,gasoline,35421,,,57600,3,,False
2023,Ford,f-150,lariat,6,gasoline,34950,,,55000,3,,False
2023,Ford,f-150,lariat,6,gasoline,60838,,,51000,3,,False
2023,Ford,f-150,xlt,6,hybrid,69068,,,37200,3,,False
2023,Ford,f-150,lariat,6,hybrid,38438,,,52000,3,,False
2018,Ford,f-150,xlt,8,flex,118528,,,12250,8,,False
2018,Ford,f-150,xlt,8,flex,148223,,,15000,8,,False
2021,Ford,f-150,xlt,8,flex,70707,,,28400,5,,False
2021,Ford,f-150,lariat,8,flex,80848,,,37600,5,,False
2022,Ford,f-150,xlt,8,flex,103282,,,20000,4,,False
2021,Ford,f-150,lariat,8,flex,219812,,,23300,5,,False
2023,Ford,f-150,lariat,6,gasoline,47770,,,49800,3,,False
2023,Ford,f-150,xlt,6,gasoline,40557,,,43600,3,,False
2023,Ford,f-150,lariat,6,gasoline,38371,,,51000,3,,False
2023,Ford,f-150,xl,6,gasoline,32258,,,39000,3,,False
2023,Ford,f-150,xlt,6,gasoline,30337,,,42800,3,,False
2023,Ford,f-150,lariat,6,gasoline,41587,,,50000,3,,False
2023,Ford,f-150,lariat,6,gasoline,55361,,,47200,3,,False
2023,Ford,f-150,lariat,6,gasoline,30998,,,51400,3,,False
2023,Ford,f-150,lariat,6,gasoline,66570,,,49500,3,,False
2023,Ford,f-150,lariat,6,gasoline,49584,,,50000,3,,False
2023,Ford,f-150,lariat,6,gasoline,21977,,,52400,3,,False
2023,Ford,f-150,lariat,6,gasoline,55492,,,49800,3,,False
2023,Ford,f-150,lariat,6,gasoline,29793,,,52600,3,,False
2023,Ford,f-150,xlt,6,gasoline,71568,,,36200,3,,False
2023,Ford,f-150,lariat,6,gasoline,40219,,,49400,3,,False
2024,Ford,f-150,xl,6,gasoline,32037,,,38600,2,,False
2024,Ford,f-150,no_mention,6,gasoline,43926,,,38800,2,,False
2024,Ford,f-150,xlt,6,gasoline,36271,,,42200,2,,False
2024,Ford,f-150,xlt,6,gasoline,31278,,,45000,2,,False
2024,Ford,f-150,xlt,6,gasoline,74875,,,40000,2,,False
2025,Ford,f-150,xlt,6,gasoline,16493,,,54000,1,,False
2024,Ford,f-150,xlt,6,gasoline,29831,,,50200,2,,False
2019,Ford,f-150,xl,6,gasoline,155625,,,14300,7,,False
2021,Ford,f-150,xlt,6,gasoline,66389,,,22200,5,,False
2018,Ford,f-150,xlt,6,gasoline,205271,,,7600,8,,False
2023,Ford,f-150,raptor,6,gasoline,17212,,,82750,3,,False
2024,Ford,f-150,xlt,6,hybrid,6523,,,58000,2,,False
2025,Ford,f-150,tremor,8,gasoline,8943,,,70000,1,,False
2024,Ford,f-150,lariat,6,hybrid,48410,,,58600,2,,False
2024,Ford,f-150,lariat,6,hybrid,6071,,,66750,2,,False
2023,Ford,f-150,xlt,6,gasoline,144190,,,23250,3,,False
2022,Ford,f-150,xlt,6,gasoline,100469,,,18250,4,,False
2021,Ford,f-150,xlt,6,gasoline,186041,,,16750,5,,False
2022,Ford,f-150,xlt,6,gasoline,58624,,,25200,4,,False
2021,Ford,f-150,lariat,6,gasoline,177402,,,20200,5,,False
2023,Ford,f-150,lariat,6,gasoline,18687,,,58200,3,,False
2023,Ford,f-150,xlt,6,gasoline,47098,,,39600,3,,False
2022,Ford,f-150,platinum,6,gasoline,131149,,,36000,4,,False
2023,Ford,f-150,xlt,6,gasoline,37314,,,45500,3,,False
2023,Ford,f-150,xlt,6,gasoline,50753,,,42500,3,,False
2023,Ford,f-150,lariat,6,gasoline,36230,,,49200,3,,False
2021,Ford,f-150,lariat,6,gasoline,142487,,,30200,5,,False
2022,Ford,f-150,xlt,6,gasoline,80420,,,27800,4,,False
2023,Ford,f-150,xlt,6,gasoline,43042,,,37000,3,,False
2023,Ford,f-150,xlt,6,gasoline,47364,,,44000,3,,False
2023,Ford,f-150,xlt,6,gasoline,34083,,,43200,3,,False
2023,Ford,f-150,xlt,6,gasoline,36497,,,47000,3,,False
2023,Ford,f-150,xlt,6,gasoline,42009,,,44000,3,,False
2023,Ford,f-150,xlt,6,gasoline,59626,,,43000,3,,False
2023,Ford,f-150,lariat,6,gasoline,44671,,,48500,3,,False
2023,Ford,f-150,lariat,6,gasoline,42476,,,50000,3,,False
2022,Ford,f-150,xlt,6,gasoline,96460,,,38500,4,,False
2023,Ford,f-150,xlt,6,gasoline,125521,,,28800,3,,False
2023,Ford,f-150,xlt,6,gasoline,45425,,,42000,3,,False
2023,Ford,f-150,xlt,6,gasoline,59660,,,45200,3,,False
2023,Ford,f-150,xlt,6,gasoline,67709,,,43000,3,,False
2023,Ford,f-150,xlt,6,gasoline,59791,,,41500,3,,False
2022,Ford,f-150,no_mention,6,gasoline,87599,,,46500,4,,False
2025,Ford,f-150,tremor,8,gasoline,15002,,,70100,1,,False
2025,Ford,f-150,xlt,6,gasoline,10900,,,55000,1,,False
2020,Ford,f-150,no_mention,8,flex,109670,,,28000,6,,False
2024,Ford,f-150,lariat,6,hybrid,43927,,,61000,2,,False
2016,Ford,f-150,no_mention,8,flex,79147,,,27500,10,,False
2018,Ford,f-150,no_mention,6,gasoline,253918,,,11000,8,,False
2023,Ford,f-150,no_mention,6,hybrid,71003,,,52100,3,,False
2021,Ford,f-150,xlt,6,gasoline,66023,,,32600,5,,False
2024,Ford,f-150,lariat,6,hybrid,39539,,,62100,2,,False
2017,Ford,f-150,no_mention,6,gasoline,169248,,,11500,9,,False
2013,Ford,f-150,no_mention,6,gasoline,115925,,,6700,13,,False
2019,Ford,f-150,no_mention,6,gasoline,94448,,,21000,7,,False
2019,Ford,f-150,no_mention,8,flex,195814,,,13100,7,,False
2022,Ford,f-150,no_mention,6,gasoline,81138,,,41700,4,,False
2021,Ford,f-150,xlt,6,gasoline,98478,,,30400,5,,False
2015,Ford,f-150,xlt,6,flex,150082,,,14800,11,,False
2022,Ford,f-150,no_mention,6,gasoline,65885,,,38000,4,,False
2017,Ford,f-150,no_mention,6,gasoline,203074,,,11100,9,,False
2018,Ford,f-150,no_mention,8,flex,138808,,,21700,8,,False
2021,Ford,f-150,no_mention,8,flex,126922,,,20100,5,,False
2019,Ford,f-150,lariat,6,gasoline,253909,,,14000,7,,False
2013,Ford,f-150,no_mention,8,flex,276679,,,5900,13,,False
2020,Ford,f-150,no_mention,6,gasoline,84248,,,32700,6,,False
2023,Ford,f-150,xlt,6,hybrid,96405,,,41000,3,,False
2024,Ford,f-150,xlt,6,gasoline,39032,,,49800,2,,False
2019,Ford,f-150,no_mention,6,gasoline,226067,,,8200,7,,False
2014,Ford,f-150,no_mention,6,gasoline,248004,,,5300,12,,False
2022,Ford,f-150,raptor,6,gasoline,79534,,,73100,4,,False
2018,Ford,f-150,xlt,8,flex,126247,,,21600,8,,False
2023,Ford,f-150,lariat,6,gasoline,66730,,,48900,3,,False
2022,Ford,f-150,no_mention,6,hybrid,88965,,,39500,4,,False
2024,Ford,f-150,lariat,6,hybrid,25338,,,66000,2,,False
2023,Ford,f-150,lariat,6,gasoline,43747,,,55100,3,,False
2023,Ford,f-150,lariat,6,gasoline,42609,,,49600,3,,False
2023,Ford,f-150,lariat,8,flex,87329,,,51900,3,,False
2023,Ford,f-150,lariat,6,gasoline,35237,,,52700,3,,False
2023,Ford,f-150,lariat,6,gasoline,43970,,,51500,3,,False
2023,Ford,f-150,lariat,6,gasoline,24256,,,52500,3,,False
2019,Ford,f-150,no_mention,8,flex,195436,,,16800,7,,False
2017,Ford,f-150,no_mention,6,gasoline,126144,,,22800,9,,False
2017,Ford,f-150,no_mention,8,flex,139103,,,22400,9,,False
2016,Ford,f-150,no_mention,6,gasoline,183514,,,15100,10,,False
2021,Ford,f-150,lariat,6,gasoline,82351,,,37800,5,,False
2021,Ford,f-150,no_mention,6,gasoline,133150,,,37000,5,,False
2017,Ford,f-150,no_mention,6,gasoline,65847,,,15400,9,,False
2024,Ford,f-150,xlt,8,gasoline,52845,,,51800,2,,False
2020,Ford,f-150,xlt,6,gasoline,171796,,,21200,6,,False
2018,Ford,f-150,no_mention,8,flex,204373,,,15300,8,,False
2023,Ford,f-150,lariat,8,flex,46928,,,54300,3,,False
2022,Ford,f-150,no_mention,6,gasoline,45905,,,46000,4,,False
2023,Ford,f-150,no_mention,8,flex,61520,,,55700,3,,False
2016,Ford,f-150,no_mention,6,flex,124834,,,12500,10,,False
2016,Ford,f-150,no_mention,6,gasoline,145765,,,15000,10,,False
2023,Ford,f-150,xlt,8,flex,59040,,,41800,3,,False
2023,Ford,f-150,lariat,6,gasoline,36521,,,56600,3,,False
2023,Ford,f-150,lariat,6,gasoline,53138,,,53800,3,,False
2023,Ford,f-150,tremor,6,gasoline,61405,,,57800,3,,False
2023,Ford,f-150,lariat,8,flex,42611,,,53900,3,,False
2023,Ford,f-150,lariat,6,gasoline,56509,,,51100,3,,False
2023,Ford,f-150,xlt,6,gasoline,49078,,,46000,3,,False
2023,Ford,f-150,xlt,6,gasoline,39250,,,46700,3,,False
2023,Ford,f-150,lariat,6,gasoline,39199,,,52400,3,,False
2023,Ford,f-150,lariat,6,gasoline,34565,,,53700,3,,False
2023,Ford,f-150,lariat,6,gasoline,35256,,,53200,3,,False
2022,Ford,f-150,no_mention,8,flex,124448,,,31000,4,,False
2020,Ford,f-150,xlt,6,gasoline,172085,,,16200,6,,False
2021,Ford,f-150,xlt,6,gasoline,134663,,,28000,5,,False
2015,Ford,f-150,xlt,6,gasoline,232006,,,10500,11,,False
2020,Ford,f-150,lariat,6,gasoline,185801,,,21250,6,,False
2018,Ford,f-150,xlt,8,flex,88717,,,22250,8,,False
2019,Ford,f-150,xlt,8,flex,100473,,,15250,7,,False
2020,Ford,f-150,xlt,6,flex,123445,,,21500,6,,False
2021,Ford,f-150,xlt,6,flex,151337,,,19200,5,,False
2018,Ford,f-150,xlt,8,flex,113427,,,8500,8,,False
2017,Ford,f-150,xlt,6,gasoline,289910,,,3600,9,,False
2022,Ford,f-150,xlt,6,hybrid,151178,,,23400,4,,False
2023,Ford,f-150,xlt,6,gasoline,76093,,,42850,3,,False
2019,Ford,f-150,xlt,8,flex,256095,,,9750,7,,False
2022,Ford,f-150,xlt,6,gasoline,197935,,,10000,4,,False
2020,Ford,f-150,xl,6,gasoline,107218,,,16450,6,,False
2014,Ford,f-150,xl,6,gasoline,220397,,,5200,12,,False
2024,Ford,f-150,xlt,8,gasoline,37334,,,53500,2,,False
2023,Ford,f-150,xlt,6,gasoline,68919,,,39800,3,,False
2020,Ford,f-150,no_mention,8,flex,218252,,,12900,6,,False
2019,Ford,f-150,no_mention,8,flex,234505,,,11900,7,,False
2022,Ford,f-150,lariat,6,gasoline,66842,,,39500,4,,False
2017,Ford,f-150,no_mention,6,gasoline,259227,,,6500,9,,False
2023,Ford,f-150,no_mention,6,gasoline,49670,,,42500,3,,False
2023,Ford,f-150,xlt,6,gasoline,44964,,,46100,3,,False
2023,Ford,f-150,lariat,6,gasoline,24008,,,54300,3,,False
2013,Ford,f-150,no_mention,6,gasoline,145525,,,10900,13,,False
2019,Ford,f-150,no_mention,6,gasoline,248306,,,10800,7,,False
2020,Ford,f-150,no_mention,8,flex,151736,,,20900,6,,False
2023,Ford,f-150,lariat,6,gasoline,34519,,,54100,3,,False
2019,Ford,f-150,lariat,6,gasoline,148256,,,26800,7,,False
2018,Ford,f-150,no_mention,8,flex,139193,,,19200,8,,False
2022,Ford,f-150,xlt,6,gasoline,74318,,,34300,4,,False
2016,Ford,f-150,lariat,6,gasoline,130947,,,20000,10,,False
2018,Ford,f-150,no_mention,8,flex,132850,,,18900,8,,False
2018,Ford,f-150,no_mention,6,gasoline,223697,,,12200,8,,False
2024,Ford,f-150,tremor,6,gasoline,13343,,,62000,2,,False
2023,Ford,f-150,xlt,6,gasoline,58592,,,44500,3,,False
2022,Ford,f-150,xlt,6,gasoline,68417,,,42500,4,,False
2014,Ford,f-150,no_mention,8,flex,209735,,,6000,12,,False
2021,Ford,f-150,raptor,6,gasoline,33281,,,71000,5,,False
2016,Ford,f-150,xlt,6,gasoline,219396,,,7000,10,,False
2022,Ford,f-150,xlt,6,gasoline,55720,,,37600,4,,False
2023,Ford,f-150,xlt,6,gasoline,22380,,,49600,3,,False
2021,Ford,f-150,xl,6,gasoline,63511,,,30700,5,,False
2020,Ford,f-150,xlt,6,gasoline,153007,,,21200,6,,False
2019,Ford,f-150,xlt,6,gasoline,235542,,,11100,7,,False
2022,Ford,f-150,tremor,6,gasoline,59961,,,49750,4,,False
2023,Ford,f-150,tremor,6,gasoline,48843,,,62750,3,,False
2010,Ford,f-150,xlt,8,gasoline,273462,,,4100,16,,False
2022,Ford,f-150,tremor,6,gasoline,89226,,,47250,4,,False
2023,Ford,f-150,tremor,6,gasoline,47889,,,64250,3,,False
2017,Ford,f-150,xlt,6,flex,232639,,,11100,9,,False
2023,Ford,f-150,tremor,6,gasoline,35405,,,65500,3,,False
2021,Ford,f-150,xlt,6,flex,118459,,,23000,5,,False
2022,Ford,f-150,xlt,6,flex,154983,,,20400,4,,False
2018,Ford,f-150,limited,6,gasoline,156078,,,33250,8,,False
2017,Ford,f-150,xl,6,gasoline,205711,,,3400,9,,False
2011,Ford,f-150,xlt,6,gasoline,198558,,,3900,15,,False
2013,Ford,f-150,xlt,8,flex,168907,,,12000,13,,False
2016,Ford,f-150,xlt,8,flex,153530,,,18300,10,,False
2021,Ford,f-150,xlt,6,gasoline,98098,,,36750,5,,False
2022,Ford,f-150,xlt,6,gasoline,119027,,,29400,4,,False
2023,Ford,f-150,xlt,6,hybrid,35746,,,41750,3,,False
2021,Ford,f-150,lariat,6,hybrid,113920,,,36000,5,,False
2022,Ford,f-150,xlt,8,flex,102261,,,33000,4,,False
2021,Ford,f-150,lariat,8,flex,109889,,,31000,5,,False
2022,Ford,f-150,lariat,8,flex,138706,,,34400,4,,False
2018,Ford,f-150,no_mention,8,flex,33850,,,32500,8,,False
2018,Ford,f-150,xlt,6,gasoline,115795,,,21250,8,,False
2023,Ford,f-150,xlt,6,gasoline,35973,,,38750,3,,False
2018,Ford,f-150,xl,6,flex,138891,,,10900,8,,False
2019,Ford,f-150,xlt,6,flex,161958,,,12500,7,,False
2016,Ford,f-150,xlt,6,flex,79338,,,17500,10,,False
2020,Ford,f-150,xlt,6,gasoline,288909,,,11000,6,,False
2019,Ford,f-150,xlt,6,gasoline,150503,,,13200,7,,False
2020,Ford,f-150,xlt,6,gasoline,123907,,,20800,6,,False
2019,Ford,f-150,lariat,6,gasoline,137003,,,24500,7,,False
2019,Ford,f-150,xlt,6,gasoline,185280,,,18750,7,,False
2019,Ford,f-150,xlt,6,gasoline,140595,,,24600,7,,False
2019,Ford,f-150,xlt,6,gasoline,73276,,,27000,7,,False
2017,Ford,f-150,xlt,6,gasoline,271424,,,3200,9,,False
2014,Ford,f-150,lariat,6,gasoline,233546,,,12800,12,,False
2010,Ford,f-150,platinum,8,flex,211945,,,10300,16,,False
2010,Ford,f-150,lariat,8,flex,182970,,,5100,16,,False
2024,Ford,f-150,tremor,6,gasoline,19699,,,63500,2,,False
2020,Ford,f-150,xlt,6,gasoline,111218,,,22900,6,,False
2020,Ford,f-150,xlt,6,gasoline,229785,,,12600,6,,False
2019,Ford,f-150,xlt,6,gasoline,120185,,,15600,7,,False
2012,Ford,f-150,xlt,8,flex,132337,,,8000,14,,False
2023,Ford,f-150,xlt,6,gasoline,54304,,,48600,3,,False
2021,Ford,f-150,xlt,6,gasoline,87714,,,32200,5,,False
2023,Ford,f-150,xlt,6,gasoline,29977,,,14500,3,,False
2023,Ford,f-150,xlt,6,gasoline,63700,,,36500,3,,False
2021,Ford,f-150,xlt,6,gasoline,121069,,,30000,5,,False
2023,Ford,f-150,xlt,6,gasoline,65579,,,43000,3,,False
2022,Ford,f-150,xlt,6,gasoline,64249,,,37600,4,,False
2022,Ford,f-150,xlt,6,gasoline,66485,,,35400,4,,False
2011,Ford,f-150,no_mention,6,gasoline,195760,,,9000,15,,False
2014,Ford,f-150,fx4,6,gasoline,178345,,,7200,12,,False
2017,Ford,f-150,no_mention,6,gasoline,294115,,,6500,9,,False
2019,Ford,f-150,no_mention,8,flex,112372,,,24000,7,,False
2016,Ford,f-150,no_mention,6,gasoline,178214,,,16500,10,,False
2013,Ford,f-150,no_mention,8,flex,240797,,,10000,13,,False
2024,Ford,f-150,xlt,6,gasoline,50873,,,46400,2,,False
2021,Ford,f-150,limited,6,hybrid,58491,,,54500,5,,False
2022,Ford,f-150,no_mention,6,gasoline,205000,,,15900,4,,False
2022,Ford,f-150,no_mention,6,gasoline,169350,,,22500,4,,False
2019,Ford,f-150,no_mention,6,gasoline,290340,,,12000,7,,False
2016,Ford,f-150,xlt,8,flex,148836,,,21900,10,,False
2018,Ford,f-150,xlt,6,gasoline,271600,,,8300,8,,False
2021,Ford,f-150,no_mention,6,gasoline,104250,,,31000,5,,False
2023,Ford,f-150,no_mention,6,gasoline,46990,,,44800,3,,False
2023,Ford,f-150,lariat,6,gasoline,46698,,,54500,3,,False
2023,Ford,f-150,lariat,6,gasoline,37881,,,49300,3,,False
2022,Ford,f-150,lariat,6,gasoline,40191,,,38600,4,,False
2020,Ford,f-150,xlt,6,gasoline,126913,,,20200,6,,False
2020,Ford,f-150,lariat,6,gasoline,211999,,,16250,6,,False
2019,Ford,f-150,xlt,6,gasoline,178028,,,15250,7,,False
2023,Ford,f-150,lariat,6,gasoline,47414,,,50000,3,,False
2019,Ford,f-150,xlt,6,gasoline,65753,,,28500,7,,False
2023,Ford,f-150,lariat,6,gasoline,48714,,,52000,3,,False
2023,Ford,f-150,xlt,6,gasoline,30493,,,41000,3,,False
2023,Ford,f-150,lariat,6,gasoline,81950,,,36700,3,,False
2023,Ford,f-150,lariat,6,gasoline,95818,,,46250,3,,False
2023,Ford,f-150,xlt,6,gasoline,53715,,,37750,3,,False
2023,Ford,f-150,lariat,6,gasoline,26522,,,47000,3,,False
2023,Ford,f-150,lariat,6,gasoline,96930,,,40400,3,,False
2018,Ford,f-150,xlt,6,gasoline,278361,,,5100,8,,False
2020,Ford,f-150,xlt,6,gasoline,96584,,,27200,6,,False
2023,Ford,f-150,xlt,6,gasoline,48298,,,37500,3,,False
2018,Ford,f-150,lariat,8,flex,126893,,,27250,8,,False
2019,Ford,f-150,xlt,8,flex,234499,,,7750,7,,False
2020,Ford,f-150,xlt,8,flex,85868,,,30900,6,,False
2023,Ford,f-150,tremor,6,gasoline,50276,,,38000,3,,False
2023,Ford,f-150,tremor,6,gasoline,79346,,,55600,3,,False
2015,Ford,f-150,xlt,6,flex,230875,,,8100,11,,False
2023,Ford,f-150,tremor,6,gasoline,140578,,,43500,3,,False
2018,Ford,f-150,xlt,6,flex,273014,,,8600,8,,False
2022,Ford,f-150,xlt,6,flex,56303,,,31500,4,,False
2021,Ford,f-150,xlt,6,flex,188269,,,18750,5,,False
2023,Ford,f-150,xlt,6,flex,152076,,,23000,3,,False
2019,Ford,f-150,xlt,6,flex,119783,,,22000,7,,False
2016,Ford,f-150,lariat,6,gasoline,191442,,,13800,10,,False
2020,Ford,f-150,xlt,6,gasoline,202527,,,12700,6,,False
2021,Ford,f-150,lariat,6,gasoline,117578,,,38000,5,,False
2018,Ford,f-150,xl,6,gasoline,171369,,,9000,8,,False
2018,Ford,f-150,xlt,6,gasoline,208439,,,7750,8,,False
2016,Ford,f-150,xlt,8,flex,254137,,,7300,10,,False
2017,Ford,f-150,xlt,8,flex,226332,,,10400,9,,False
2020,Ford,f-150,xlt,6,gasoline,185999,,,11500,6,,False
2023,Ford,f-150,xlt,6,gasoline,104089,,,40000,3,,False
2023,Ford,f-150,xlt,6,gasoline,52031,,,43300,3,,False
2021,Ford,f-150,xlt,6,gasoline,152400,,,26000,5,,False
2023,Ford,f-150,xlt,6,hybrid,105385,,,36800,3,,False
2022,Ford,f-150,platinum,6,hybrid,89619,,,46800,4,,False
2023,Ford,f-150,lariat,6,hybrid,131498,,,44300,3,,False
2023,Ford,f-150,lariat,8,flex,29126,,,33600,3,,False
2022,Ford,f-150,xlt,8,flex,100290,,,29000,4,,False
2018,Ford,f-150,xlt,8,flex,134205,,,12400,8,,False
2018,Ford,f-150,xlt,8,flex,158673,,,11000,8,,False
2021,Ford,f-150,xlt,8,flex,126464,,,33500,5,,False
2022,Ford,f-150,xlt,8,flex,72246,,,37500,4,,False
2019,Ford,f-150,xlt,8,flex,120407,,,31100,7,,False
2018,Ford,f-150,xlt,6,gasoline,145177,,,20100,8,,False
2023,Ford,f-150,lariat,6,gasoline,71641,,,49750,3,,False
2023,Ford,f-150,xlt,6,gasoline,57541,,,44750,3,,False
2025,Ford,f-150,no_mention,6,gasoline,40638,,,45000,1,,False
2024,Ford,f-150,xlt,6,gasoline,49328,,,46400,2,,False
2017,Ford,f-150,xlt,6,flex,105291,,,16100,9,,False
2020,Ford,f-150,xlt,6,gasoline,234427,,,6600,6,,False
2018,Ford,f-150,lariat,6,diesel,117339,,,21500,8,,False
2019,Ford,f-150,king ranch,6,gasoline,167284,,,10600,7,,False
2020,Ford,f-150,xlt,6,gasoline,99963,,,27000,6,,False
2017,Ford,f-150,xlt,6,gasoline,298563,,,6500,9,,False
2024,Ford,f-150,xlt,6,gasoline,16682,,,54500,2,,False
2024,Ford,f-150,xlt,6,hybrid,34988,,,29400,2,,False
2024,Ford,f-150,lariat,6,gasoline,56684,,,59800,2,,False
2019,Ford,f-150,xl,6,gasoline,129443,,,13600,7,,False
2021,Ford,f-150,xlt,8,flex,146653,,,26300,5,,False
2023,Ford,f-150,lariat,6,gasoline,43365,,,59400,3,,False
2022,Ford,f-150,xlt,6,gasoline,71987,,,45000,4,,False
2023,Ford,f-150,lariat,6,gasoline,70994,,,53750,3,,False
2023,Ford,f-150,lariat,6,gasoline,31011,,,57600,3,,False
2023,Ford,f-150,xlt,6,gasoline,57446,,,43000,3,,False
2022,Ford,f-150,xlt,6,gasoline,94728,,,38900,4,,False
2021,Ford,f-150,xlt,6,gasoline,165412,,,24400,5,,False
2021,Ford,f-150,xlt,6,gasoline,65436,,,38750,5,,False
2023,Ford,f-150,lariat,6,gasoline,62505,,,51800,3,,False
2021,Ford,f-150,lariat,6,gasoline,107489,,,37200,5,,False
2021,Ford,f-150,lariat,6,gasoline,72137,,,45000,5,,False
2023,Ford,f-150,xlt,6,gasoline,78174,,,36400,3,,False
2023,Ford,f-150,lariat,6,gasoline,96633,,,44000,3,,False
2023,Ford,f-150,xlt,6,gasoline,57896,,,42500,3,,False
2021,Ford,f-150,xlt,6,gasoline,51751,,,40600,5,,False
2021,Ford,f-150,xlt,6,gasoline,75966,,,34000,5,,False
2021,Ford,f-150,xlt,6,gasoline,57848,,,41500,5,,False
2016,Ford,f-150,no_mention,8,flex,227438,,,8000,10,,False
2018,Ford,f-150,no_mention,8,flex,187069,,,12200,8,,False
2020,Ford,f-150,no_mention,8,flex,155467,,,24500,6,,False
2021,Ford,f-150,lariat,8,flex,150939,,,34000,5,,False
2011,Ford,f-150,no_mention,6,gasoline,187472,,,7400,15,,False
2012,Ford,f-150,raptor,8,gasoline,221010,,,14000,14,,False
2018,Ford,f-150,no_mention,8,flex,226280,,,9000,8,,False
2020,Ford,f-150,xlt,6,gasoline,79504,,,21700,6,,False
2023,Ford,f-150,lariat,6,gasoline,78423,,,59000,3,,False
2023,Ford,f-150,lariat,6,gasoline,44512,,,55400,3,,False
2023,Ford,f-150,lariat,6,gasoline,44882,,,55800,3,,False
2023,Ford,f-150,lariat,6,gasoline,43729,,,51900,3,,False
2023,Ford,f-150,lariat,6,gasoline,41516,,,53900,3,,False
2023,Ford,f-150,lariat,6,gasoline,36590,,,54800,3,,False
2017,Ford,f-150,platinum,6,gasoline,151390,,,24700,9,,False
2022,Ford,f-150,xlt,6,gasoline,93551,,,33000,4,,False
2023,Ford,f-150,xlt,6,gasoline,49886,,,44000,3,,False
2023,Ford,f-150,lariat,6,gasoline,54939,,,48000,3,,False
2023,Ford,f-150,lariat,6,gasoline,49877,,,50000,3,,False
2023,Ford,f-150,lariat,6,gasoline,44234,,,51600,3,,False
2023,Ford,f-150,lariat,6,gasoline,29572,,,52400,3,,False
2023,Ford,f-150,lariat,6,gasoline,29123,,,52200,3,,False
2023,Ford,f-150,lariat,6,gasoline,34137,,,52000,3,,False
2023,Ford,f-150,lariat,6,gasoline,30175,,,51800,3,,False
2023,Ford,f-150,xlt,6,gasoline,18582,,,47800,3,,False
2023,Ford,f-150,lariat,6,gasoline,45853,,,51000,3,,False
2023,Ford,f-150,xlt,6,gasoline,18838,,,48000,3,,False
2023,Ford,f-150,lariat,6,gasoline,39124,,,52000,3,,False
2022,Ford,f-150,xlt,6,gasoline,69653,,,33400,4,,False
2023,Ford,f-150,lariat,6,gasoline,31069,,,52400,3,,False
2023,Ford,f-150,xlt,6,gasoline,40026,,,36200,3,,False
2023,Ford,f-150,lariat,6,gasoline,43380,,,51800,3,,False
2023,Ford,f-150,lariat,6,gasoline,29812,,,51400,3,,False
2021,Ford,f-150,lariat,6,gasoline,86719,,,33000,5,,False
2022,Ford,f-150,lariat,6,gasoline,73402,,,37400,4,,False
2022,Ford,f-150,lariat,6,gasoline,74008,,,40800,4,,False
2023,Ford,f-150,xlt,6,gasoline,48962,,,51400,3,,False
2023,Ford,f-150,xlt,6,gasoline,36846,,,45400,3,,False
2023,Ford,f-150,lariat,6,gasoline,40009,,,51800,3,,False
2023,Ford,f-150,lariat,6,gasoline,41864,,,49600,3,,False
2023,Ford,f-150,lariat,6,gasoline,35140,,,51800,3,,False
2023,Ford,f-150,xlt,6,gasoline,34215,,,39400,3,,False
2023,Ford,f-150,lariat,6,gasoline,49615,,,49200,3,,False
2023,Ford,f-150,lariat,6,gasoline,24160,,,52400,3,,False
2023,Ford,f-150,xlt,6,gasoline,65299,,,42200,3,,False
2023,Ford,f-150,lariat,6,gasoline,41458,,,51400,3,,False
2023,Ford,f-150,xl,6,gasoline,19314,,,53200,3,,False
2023,Ford,f-150,lariat,6,gasoline,31844,,,52200,3,,False
2023,Ford,f-150,lariat,6,gasoline,29549,,,52400,3,,False
2023,Ford,f-150,lariat,6,gasoline,42057,,,50000,3,,False
2022,Ford,f-150,lariat,6,gasoline,56075,,,37600,4,,False
2023,Ford,f-150,lariat,6,gasoline,42932,,,52000,3,,False
2023,Ford,f-150,lariat,6,gasoline,26152,,,53200,3,,False
2023,Ford,f-150,lariat,6,gasoline,70806,,,48000,3,,False
2023,Ford,f-150,lariat,6,gasoline,36525,,,54000,3,,False
2021,Ford,f-150,xlt,6,gasoline,84341,,,15800,5,,False
2023,Ford,f-150,lariat,6,gasoline,61054,,,49400,3,,False
2023,Ford,f-150,lariat,6,gasoline,64048,,,48600,3,,False
2023,Ford,f-150,lariat,6,gasoline,37759,,,51400,3,,False
2023,Ford,f-150,xlt,6,gasoline,61170,,,42000,3,,False
2023,Ford,f-150,lariat,6,gasoline,31795,,,52200,3,,False
2022,Ford,f-150,lariat,6,gasoline,107400,,,34200,4,,False
2023,Ford,f-150,xlt,6,gasoline,61888,,,41000,3,,False
2023,Ford,f-150,lariat,6,gasoline,39348,,,51600,3,,False
2023,Ford,f-150,lariat,6,gasoline,53723,,,50600,3,,False
2023,Ford,f-150,lariat,6,gasoline,44729,,,49400,3,,False
2023,Ford,f-150,xlt,6,gasoline,54934,,,33800,3,,False
2023,Ford,f-150,lariat,6,gasoline,33108,,,52200,3,,False
2023,Ford,f-150,xlt,6,gasoline,20645,,,48000,3,,False
2023,Ford,f-150,lariat,6,gasoline,31209,,,53600,3,,False
2023,Ford,f-150,lariat,6,gasoline,32658,,,52000,3,,False
2023,Ford,f-150,lariat,6,gasoline,27320,,,52400,3,,False
2023,Ford,f-150,lariat,6,gasoline,33817,,,52200,3,,False
2023,Ford,f-150,tremor,6,gasoline,63465,,,56500,3,,False
2023,Ford,f-150,tremor,6,gasoline,74389,,,59000,3,,False
2023,Ford,f-150,lariat,6,hybrid,44617,,,54000,3,,False
2023,Ford,f-150,xlt,6,hybrid,51887,,,43600,3,,False
2023,Ford,f-150,xlt,6,gasoline,57845,,,39800,3,,False
2023,Ford,f-150,xlt,6,gasoline,50723,,,36400,3,,False
2023,Ford,f-150,lariat,6,gasoline,47542,,,55200,3,,False
2023,Ford,f-150,xlt,6,gasoline,12956,,,49800,3,,False
2023,Ford,f-150,lariat,6,hybrid,63117,,,52600,3,,False
2023,Ford,f-150,lariat,6,hybrid,29259,,,59000,3,,False
2023,Ford,f-150,lariat,6,hybrid,38073,,,53600,3,,False
2023,Ford,f-150,lariat,6,hybrid,109574,,,36800,3,,False
2022,Ford,f-150,xlt,8,flex,47507,,,38800,4,,False
2021,Ford,f-150,lariat,8,flex,100770,,,37200,5,,False
2023,Ford,f-150,lariat,6,gasoline,49596,,,50200,3,,False
2023,Ford,f-150,lariat,6,gasoline,46086,,,51000,3,,False
2023,Ford,f-150,lariat,6,gasoline,79686,,,46800,3,,False
2023,Ford,f-150,lariat,6,gasoline,31148,,,52600,3,,False
2023,Ford,f-150,lariat,6,gasoline,82672,,,44000,3,,False
2023,Ford,f-150,lariat,6,gasoline,59270,,,49500,3,,False
2023,Ford,f-150,lariat,6,gasoline,36756,,,52400,3,,False
2023,Ford,f-150,lariat,6,gasoline,33216,,,51800,3,,False
2023,Ford,f-150,lariat,6,gasoline,41666,,,52400,3,,False
2023,Ford,f-150,lariat,6,gasoline,37956,,,52200,3,,False
2024,Ford,f-150,xlt,6,gasoline,56178,,,47200,2,,False
2025,Ford,f-150,xlt,8,gasoline,12329,,,56200,1,,False
2024,Ford,f-150,xlt,6,gasoline,14368,,,46600,2,,False
2025,Ford,f-150,lariat,6,hybrid,11182,,,82250,1,,False
2024,Ford,f-150,lariat,6,hybrid,45673,,,60000,2,,False
2022,Ford,f-150,lariat,8,flex,10282,,,40250,4,,False
2021,Ford,f-150,xlt,6,gasoline,125800,,,15400,5,,False
2023,Ford,f-150,xlt,6,gasoline,69465,,,42200,3,,False
2023,Ford,f-150,xlt,6,gasoline,37159,,,45000,3,,False
2023,Ford,f-150,lariat,6,gasoline,30465,,,56800,3,,False
2023,Ford,f-150,xlt,6,gasoline,73378,,,44000,3,,False
2023,Ford,f-150,xlt,6,gasoline,74093,,,44400,3,,False
2022,Ford,f-150,lariat,6,gasoline,68173,,,45200,4,,False
2022,Ford,f-150,lariat,6,gasoline,99095,,,35000,4,,False
2023,Ford,f-150,lariat,6,gasoline,62465,,,47400,3,,False
2022,Ford,f-150,xlt,6,gasoline,58259,,,31800,4,,False
2023,Ford,f-150,xl,6,gasoline,12640,,,44600,3,,False
2023,Ford,f-150,lariat,6,gasoline,29796,,,49600,3,,False
2023,Ford,f-150,xlt,6,gasoline,72483,,,42800,3,,False
2022,Ford,f-150,lariat,6,gasoline,85588,,,42600,4,,False
2022,Ford,f-150,lariat,6,gasoline,26700,,,43000,4,,False
2025,Ford,f-150,xlt,6,gasoline,7709,,,50000,1,,False
2017,Ford,f-150,no_mention,6,gasoline,230039,,,6700,9,,False
2018,Ford,f-150,no_mention,6,gasoline,287783,,,7500,8,,False
2025,Ford,f-150,xlt,6,gasoline,15860,,,55000,1,,False
2023,Ford,f-150,no_mention,6,gasoline,112770,,,37000,3,,False
2013,Ford,f-150,no_mention,6,gasoline,162797,,,6300,13,,False
2020,Ford,f-150,xlt,6,flex,211730,,,13100,6,,False
2023,Ford,f-150,lariat,6,gasoline,26939,,,54300,3,,False
2023,Ford,f-150,lariat,6,gasoline,27575,,,54200,3,,False
2023,Ford,f-150,lariat,6,gasoline,45679,,,53600,3,,False
2023,Ford,f-150,no_mention,8,flex,88383,,,35500,3,,False
2023,Ford,f-150,lariat,6,gasoline,42596,,,54800,3,,False
2010,Ford,f-150,no_mention,8,flex,167061,,,12700,16,,False
2018,Ford,f-150,xlt,6,gasoline,172212,,,16000,8,,False
2015,Ford,f-150,no_mention,6,gasoline,123633,,,14900,11,,False
2010,Ford,f-150,no_mention,8,flex,178139,,,6600,16,,False
2011,Ford,f-150,no_mention,6,gasoline,129030,,,7500,15,,False
2018,Ford,f-150,no_mention,6,gasoline,263005,,,13600,8,,False
2010,Ford,f-150,no_mention,8,flex,115532,,,9000,16,,False
2023,Ford,f-150,xlt,6,gasoline,37593,,,43300,3,,False
2023,Ford,f-150,xlt,6,gasoline,60021,,,41000,3,,False
2023,Ford,f-150,lariat,6,gasoline,73579,,,46400,3,,False
2014,Ford,f-150,no_mention,8,flex,210148,,,13700,12,,False
2021,Ford,f-150,lariat,6,gasoline,133928,,,33100,5,,False
2013,Ford,f-150,no_mention,8,flex,241217,,,6800,13,,False
2011,Ford,f-150,no_mention,8,flex,283128,,,4600,15,,False
2023,Ford,f-150,xlt,6,gasoline,40822,,,46400,3,,False
2021,Ford,f-150,lariat,6,gasoline,73085,,,35800,5,,False
2013,Ford,f-150,fx4,6,gasoline,203551,,,3900,13,,False
2018,Ford,f-150,no_mention,8,flex,225642,,,10800,8,,False
2024,Ford,f-150,xlt,6,gasoline,28563,,,55000,2,,False
2019,Ford,f-150,no_mention,6,gasoline,126592,,,29600,7,,False
2023,Ford,f-150,lariat,6,gasoline,35549,,,49400,3,,False
2023,Ford,f-150,lariat,6,gasoline,62552,,,53200,3,,False
2023,Ford,f-150,tremor,6,gasoline,38270,,,59900,3,,False
2022,Ford,f-150,xlt,8,flex,77409,,,31300,4,,False
2023,Ford,f-150,xlt,6,gasoline,36504,,,46400,3,,False
2023,Ford,f-150,lariat,6,gasoline,19346,,,54800,3,,False
2021,Ford,f-150,xlt,6,flex,110539,,,26500,5,,False
2022,Ford,f-150,xlt,6,hybrid,206458,,,15250,4,,False
2015,Ford,f-150,no_mention,6,gasoline,143778,,,12700,11,,False
2021,Ford,f-150,xlt,8,flex,193014,,,25800,5,,False
2023,Ford,f-150,no_mention,8,flex,88843,,,51100,3,,False
2021,Ford,f-150,xlt,6,gasoline,166320,,,28000,5,,False
2016,Ford,f-150,no_mention,6,gasoline,125817,,,25000,10,,False
2018,Ford,f-150,no_mention,6,gasoline,149717,,,23100,8,,False
2016,Ford,f-150,xlt,8,flex,237116,,,13000,10,,False
2020,Ford,f-150,limited,6,gasoline,129618,,,34500,6,,False
2019,Ford,f-150,lariat,6,gasoline,240799,,,13700,7,,False
2017,Ford,f-150,no_mention,6,gasoline,175090,,,17000,9,,False
2018,Ford,f-150,no_mention,8,flex,210344,,,14500,8,,False
2018,Ford,f-150,no_mention,8,flex,173318,,,21000,8,,False
2014,Ford,f-150,xlt,6,gasoline,137500,,,16600,12,,False
2010,Ford,f-150,no_mention,8,flex,274069,,,4400,16,,False
2025,Ford,f-150,tremor,6,gasoline,27200,,,67300,1,,False
2023,Ford,f-150,raptor,6,gasoline,18922,,,91200,3,,False
2022,Ford,f-150,xlt,6,gasoline,90879,,,34000,4,,False
2020,Ford,f-150,xlt,6,gasoline,112650,,,27600,6,,False
2022,Ford,f-150,no_mention,6,gasoline,67254,,,54000,4,,False
2015,Ford,f-150,no_mention,6,gasoline,254180,,,7900,11,,False
2016,Ford,f-150,xlt,8,flex,164920,,,16200,10,,False
2023,Ford,f-150,xlt,6,gasoline,50386,,,43800,3,,False
2023,Ford,f-150,lariat,6,gasoline,30237,,,54300,3,,False
2017,Ford,f-150,xl,6,flex,142438,,,14500,9,,False
2023,Ford,f-150,lariat,6,gasoline,31738,,,55000,3,,False
2022,Ford,f-150,lariat,6,gasoline,70138,,,41200,4,,False
2023,Ford,f-150,lariat,6,gasoline,57501,,,54200,3,,False
2023,Ford,f-150,xlt,8,flex,54949,,,47000,3,,False
2020,Ford,f-150,xlt,6,gasoline,137126,,,17000,6,,False
2023,Ford,f-150,xlt,6,gasoline,175591,,,22000,3,,False
2020,Ford,f-150,xlt,6,gasoline,193083,,,12700,6,,False
2018,Ford,f-150,xlt,6,flex,203441,,,10400,8,,False
2019,Ford,f-150,xlt,6,flex,150946,,,10000,7,,False
2021,Ford,f-150,xlt,6,flex,216861,,,13250,5,,False
2018,Ford,f-150,xlt,6,gasoline,243512,,,9200,8,,False
2015,Ford,f-150,xlt,6,gasoline,247211,,,11600,11,,False
2020,Ford,f-150,xlt,6,gasoline,194151,,,14800,6,,False
2021,Ford,f-150,lariat,8,flex,158971,,,35000,5,,False
2016,Ford,f-150,xl,8,flex,241129,,,7300,10,,False
2010,Ford,f-150,xl,8,flex,157626,,,4800,16,,False
2022,Ford,f-150,no_mention,8,flex,84566,,,23500,4,,False
2020,Ford,f-150,xlt,6,gasoline,273209,,,11400,6,,False
2020,Ford,f-150,xlt,6,gasoline,78405,,,26200,6,,False
2024,Ford,f-150,xlt,6,gasoline,88422,,,40750,2,,False
2021,Ford,f-150,xlt,6,gasoline,91131,,,25200,5,,False
2021,Ford,f-150,xlt,6,gasoline,144402,,,33700,5,,False
2017,Ford,f-150,no_mention,6,gasoline,199300,,,15200,9,,False
2013,Ford,f-150,no_mention,6,gasoline,185735,,,11500,13,,False
2021,Ford,f-150,no_mention,8,flex,172523,,,35200,5,,False
2013,Ford,f-150,xlt,6,gasoline,226074,,,5000,13,,False
2022,Ford,f-150,no_mention,6,gasoline,37852,,,45500,4,,False
2010,Ford,f-150,no_mention,8,flex,223757,,,5000,16,,False
2020,Ford,f-150,no_mention,6,gasoline,171488,,,22000,6,,False
2019,Ford,f-150,no_mention,6,gasoline,147520,,,28500,7,,False
2019,Ford,f-150,no_mention,6,gasoline,153793,,,23100,7,,False
2024,Ford,f-150,xlt,6,gasoline,24572,,,59500,2,,False
2010,Ford,f-150,no_mention,8,flex,201479,,,5200,16,,False
2024,Ford,f-150,lariat,6,hybrid,42601,,,61000,2,,False
2017,Ford,f-150,no_mention,6,flex,222927,,,6000,9,,False
2023,Ford,f-150,tremor,6,gasoline,61092,,,58500,3,,False
2022,Ford,f-150,lariat,6,gasoline,60824,,,43500,4,,False
2023,Ford,f-150,lariat,6,gasoline,35174,,,53900,3,,False
2023,Ford,f-150,lariat,6,gasoline,26651,,,57800,3,,False
2023,Ford,f-150,xlt,6,gasoline,38639,,,48300,3,,False
2023,Ford,f-150,xlt,6,gasoline,32468,,,48800,3,,False
2023,Ford,f-150,lariat,6,hybrid,29219,,,58000,3,,False
2016,Ford,f-150,xlt,6,gasoline,231410,,,15100,10,,False
2021,Ford,f-150,xl,6,gasoline,91122,,,26500,5,,False
2022,Ford,f-150,lariat,6,gasoline,77394,,,38100,4,,False
2023,Ford,f-150,xlt,6,gasoline,52090,,,43750,3,,False
2018,Ford,f-150,xlt,6,gasoline,205449,,,8500,8,,False
2019,Ford,f-150,platinum,6,gasoline,154560,,,24000,7,,False
2020,Ford,f-150,xlt,8,flex,144511,,,22000,6,,False
2017,Ford,f-150,xlt,6,flex,268206,,,8000,9,,False
2022,Ford,f-150,tremor,6,gasoline,91320,,,49000,4,,False
2023,Ford,f-150,tremor,6,gasoline,53222,,,61250,3,,False
2023,Ford,f-150,tremor,6,gasoline,39189,,,65000,3,,False
2023,Ford,f-150,tremor,6,gasoline,55052,,,64250,3,,False
2022,Ford,f-150,xlt,6,flex,80227,,,29200,4,,False
2023,Ford,f-150,xlt,6,flex,128963,,,27000,3,,False
2019,Ford,f-150,xlt,6,flex,131330,,,22500,7,,False
2022,Ford,f-150,xlt,6,flex,94806,,,27600,4,,False
2015,Ford,f-150,xlt,8,flex,224689,,,14000,11,,False
2018,Ford,f-150,xlt,6,gasoline,125724,,,28400,8,,False
2018,Ford,f-150,xlt,6,gasoline,214939,,,14900,8,,False
2020,Ford,f-150,xl,6,gasoline,129627,,,27500,6,,False
2022,Ford,f-150,lariat,6,gasoline,65664,,,48900,4,,False
2019,Ford,f-150,xlt,6,gasoline,91178,,,20900,7,,False
2022,Ford,f-150,xlt,6,hybrid,202813,,,14000,4,,False
2013,Ford,f-150,xlt,8,flex,89099,,,16900,13,,False
2015,Ford,f-150,lariat,8,flex,204234,,,11500,11,,False
2017,Ford,f-150,xlt,8,flex,251526,,,7200,9,,False
2022,Ford,f-150,limited,6,hybrid,96354,,,43250,4,,False
2022,Ford,f-150,xlt,6,hybrid,136832,,,25500,4,,False
2020,Ford,f-150,xlt,8,flex,82779,,,32750,6,,False
2018,Ford,f-150,xlt,8,flex,263581,,,6300,8,,False
2021,Ford,f-150,platinum,8,flex,34261,,,58500,5,,False
2023,Ford,f-150,lariat,6,gasoline,25570,,,53750,3,,False
2022,Ford,f-150,no_mention,6,gasoline,50014,,,40750,4,,False
2024,Ford,f-150,xlt,6,gasoline,42833,,,44500,2,,False
2021,Ford,f-150,xlt,6,gasoline,166231,,,12250,5,,False
2016,Ford,f-150,xlt,6,flex,221375,,,13200,10,,False
2019,Ford,f-150,xlt,6,gasoline,183258,,,10000,7,,False
2019,Ford,f-150,xlt,6,gasoline,55342,,,23250,7,,False
2018,Ford,f-150,lariat,6,gasoline,198524,,,10200,8,,False
2024,Ford,f-150,xl,8,gasoline,29467,,,41250,2,,False
2024,Ford,f-150,xl,8,gasoline,19784,,,42250,2,,False
2019,Ford,f-150,raptor,6,gasoline,69211,,,58750,7,,False
2019,Ford,f-150,xlt,6,gasoline,176909,,,13600,7,,False
2019,Ford,f-150,xl,8,flex,128127,,,18750,7,,False
2019,Ford,f-150,xlt,8,flex,201992,,,4300,7,,False
2023,Ford,f-150,xlt,6,gasoline,29429,,,49000,3,,False
2015,Ford,f-150,no_mention,6,gasoline,180298,,,9100,11,,False
2018,Ford,f-150,platinum,6,diesel,145497,,,15300,8,,False
2024,Ford,f-150,no_mention,6,gasoline,15160,,,46200,2,,False
2021,Ford,f-150,no_mention,6,hybrid,141737,,,30400,5,,False
2024,Ford,f-150,no_mention,6,gasoline,19780,,,47100,2,,False
2018,Ford,f-150,no_mention,6,gasoline,229313,,,14500,8,,False
2014,Ford,f-150,no_mention,6,flex,147343,,,10200,12,,False
2024,Ford,f-150,tremor,6,gasoline,36014,,,65000,2,,False
2024,Ford,f-150,xl,6,gasoline,29620,,,37500,2,,False
2010,Ford,f-150,no_mention,8,flex,239055,,,5500,16,,False
2018,Ford,f-150,no_mention,6,diesel,264574,,,20400,8,,False
2025,Ford,f-150,xlt,6,gasoline,26559,,,52600,1,,False
2024,Ford,f-150,xlt,8,gasoline,43226,,,55000,2,,False
2024,Ford,f-150,no_mention,6,gasoline,44499,,,42200,2,,False
2024,Ford,f-150,xlt,6,gasoline,15289,,,52600,2,,False
2023,Ford,f-150,lariat,6,gasoline,29084,,,57300,3,,False
2022,Ford,f-150,no_mention,6,gasoline,176100,,,20700,4,,False
2018,Ford,f-150,no_mention,8,flex,246529,,,14500,8,,False
2023,Ford,f-150,xlt,6,gasoline,49810,,,40250,3,,False
2023,Ford,f-150,lariat,6,gasoline,29151,,,54000,3,,False
2023,Ford,f-150,xlt,6,gasoline,42391,,,38000,3,,False
2023,Ford,f-150,lariat,6,gasoline,19919,,,51600,3,,False
2023,Ford,f-150,lariat,6,gasoline,35644,,,52000,3,,False
2022,Ford,f-150,lariat,6,gasoline,52344,,,46250,4,,False
2023,Ford,f-150,lariat,6,gasoline,44578,,,52400,3,,False
2023,Ford,f-150,lariat,6,gasoline,50492,,,52200,3,,False
2023,Ford,f-150,lariat,6,gasoline,47021,,,52800,3,,False
2021,Ford,f-150,lariat,6,gasoline,75368,,,44000,5,,False
2021,Ford,f-150,lariat,6,gasoline,102331,,,38000,5,,False
2023,Ford,f-150,lariat,6,gasoline,47582,,,49300,3,,False
2023,Ford,f-150,xlt,6,gasoline,45802,,,44000,3,,False
2023,Ford,f-150,lariat,6,gasoline,39490,,,53200,3,,False
2021,Ford,f-150,lariat,6,gasoline,68299,,,41200,5,,False
2020,Ford,f-150,xlt,6,gasoline,88003,,,17250,6,,False
2020,Ford,f-150,xlt,8,flex,192511,,,20000,6,,False
2019,Ford,f-150,lariat,8,flex,95331,,,37000,7,,False
2023,Ford,f-150,tremor,6,gasoline,67432,,,58500,3,,False
2023,Ford,f-150,tremor,6,gasoline,36950,,,64400,3,,False
2017,Ford,f-150,xlt,6,flex,256766,,,6500,9,,False
2023,Ford,f-150,tremor,6,gasoline,66872,,,58000,3,,False
2021,Ford,f-150,xlt,6,flex,188224,,,16200,5,,False
2019,Ford,f-150,xlt,6,flex,122301,,,21750,7,,False
2021,Ford,f-150,xlt,6,flex,200237,,,14000,5,,False
2016,Ford,f-150,xlt,8,flex,177298,,,21100,10,,False
2017,Ford,f-150,lariat,8,flex,228049,,,16250,9,,False
2018,Ford,f-150,xlt,6,gasoline,140347,,,11000,8,,False
2015,Ford,f-150,xlt,6,gasoline,57424,,,27750,11,,False
2015,Ford,f-150,king ranch,8,flex,189308,,,16400,11,,False
2018,Ford,f-150,xlt,6,gasoline,168258,,,18000,8,,False
2021,Ford,f-150,xlt,6,gasoline,35147,,,43600,5,,False
2021,Ford,f-150,xlt,6,gasoline,99719,,,38500,5,,False
2023,Ford,f-150,xlt,6,gasoline,61083,,,46000,3,,False
2023,Ford,f-150,xlt,6,gasoline,27157,,,42000,3,,False
2022,Ford,f-150,xlt,6,gasoline,30182,,,48500,4,,False
2022,Ford,f-150,xlt,6,gasoline,27168,,,50750,4,,False
2023,Ford,f-150,xlt,6,gasoline,84740,,,37200,3,,False
2022,Ford,f-150,xlt,6,hybrid,45998,,,47200,4,,False
2022,Ford,f-150,xlt,6,hybrid,154176,,,23300,4,,False
2022,Ford,f-150,platinum,6,hybrid,70771,,,55800,4,,False
2021,Ford,f-150,platinum,6,hybrid,134207,,,43000,5,,False
2022,Ford,f-150,lariat,8,flex,67183,,,53250,4,,False
2023,Ford,f-150,xlt,8,flex,32240,,,47750,3,,False
2022,Ford,f-150,lariat,8,flex,103518,,,37400,4,,False
2021,Ford,f-150,xlt,8,flex,97057,,,41500,5,,False
2018,Ford,f-150,lariat,8,flex,113505,,,35100,8,,False
2023,Ford,f-150,xlt,8,flex,32092,,,52000,3,,False
2023,Ford,f-150,xlt,8,flex,40386,,,46500,3,,False
2021,Ford,f-150,xlt,8,flex,110086,,,29400,5,,False
2020,Ford,f-150,xlt,6,gasoline,136272,,,27600,6,,False
2022,Ford,f-150,lariat,6,gasoline,135326,,,33600,4,,False
2024,Ford,f-150,no_mention,6,gasoline,74571,,,41000,2,,False
2024,Ford,f-150,no_mention,6,gasoline,28034,,,46000,2,,False
2018,Ford,f-150,xlt,6,flex,234255,,,8250,8,,False
2019,Ford,f-150,xlt,6,flex,215715,,,9100,7,,False
2022,Ford,f-150,xlt,6,flex,117507,,,20250,4,,False
2018,Ford,f-150,xlt,6,flex,203721,,,14500,8,,False
2021,Ford,f-150,xlt,6,flex,99395,,,24800,5,,False
2019,Ford,f-150,xl,6,gasoline,87673,,,18100,7,,False
2018,Ford,f-150,xlt,6,gasoline,253525,,,12000,8,,False
2015,Ford,f-150,no_mention,6,gasoline,150235,,,16000,11,,False
2013,Ford,f-150,xlt,6,gasoline,271554,,,4000,13,,False
2024,Ford,f-150,xl,8,gasoline,28816,,,35500,2,,False
2023,Ford,f-150,raptor,6,gasoline,65905,,,81000,3,,False
2024,Ford,f-150,xlt,8,gasoline,7766,,,63000,2,,False
2024,Ford,f-150,xlt,6,gasoline,70571,,,45500,2,,False
2024,Ford,f-150,xlt,6,gasoline,35761,,,58000,2,,False
2025,Ford,f-150,xlt,6,gasoline,9908,,,53750,1,,False
2024,Ford,f-150,xlt,6,gasoline,65215,,,51500,2,,False
2024,Ford,f-150,tremor,6,gasoline,21598,,,67000,2,,False
2021,Ford,f-150,xlt,8,flex,123484,,,22500,5,,False
2021,Ford,f-150,xlt,8,flex,125175,,,29200,5,,False
2021,Ford,f-150,xlt,8,flex,94952,,,22000,5,,False
2023,Ford,f-150,lariat,6,gasoline,57408,,,54750,3,,False
2022,Ford,f-150,xlt,6,gasoline,162570,,,22000,4,,False
2023,Ford,f-150,lariat,6,gasoline,40538,,,51700,3,,False
2023,Ford,f-150,xlt,6,gasoline,38496,,,39250,3,,False
2023,Ford,f-150,xlt,6,gasoline,74666,,,43800,3,,False
2023,Ford,f-150,xlt,6,gasoline,49799,,,42100,3,,False
2023,Ford,f-150,lariat,6,gasoline,102004,,,47750,3,,False
2023,Ford,f-150,xlt,6,gasoline,128268,,,36500,3,,False
2023,Ford,f-150,xlt,6,gasoline,82583,,,34750,3,,False
2023,Ford,f-150,xlt,6,gasoline,76892,,,41250,3,,False
2017,Ford,f-150,raptor,6,gasoline,105828,,,41900,9,,False
2018,Ford,f-150,platinum,6,gasoline,161493,,,26100,8,,False
2017,Ford,f-150,no_mention,8,flex,201905,,,10500,9,,False
2019,Ford,f-150,lariat,6,gasoline,116379,,,27500,7,,False
2023,Ford,f-150,no_mention,6,gasoline,34697,,,50200,3,,False
2017,Ford,f-150,no_mention,6,gasoline,189479,,,13500,9,,False
2018,Ford,f-150,no_mention,6,gasoline,168007,,,11800,8,,False
2017,Ford,f-150,no_mention,8,flex,182801,,,15500,9,,False
2022,Ford,f-150,no_mention,6,gasoline,57978,,,42300,4,,False
2023,Ford,f-150,xlt,6,gasoline,30680,,,50900,3,,False
2021,Ford,f-150,platinum,6,hybrid,59441,,,53200,5,,False
2022,Ford,f-150,lariat,6,gasoline,111072,,,39800,4,,False
2023,Ford,f-150,xlt,6,gasoline,32121,,,48000,3,,False
2023,Ford,f-150,lariat,6,gasoline,34610,,,48400,3,,False
2023,Ford,f-150,lariat,6,gasoline,45620,,,50200,3,,False
2023,Ford,f-150,lariat,6,gasoline,33019,,,55200,3,,False
2023,Ford,f-150,lariat,6,gasoline,60995,,,49000,3,,False
2023,Ford,f-150,lariat,6,gasoline,34031,,,54000,3,,False
2023,Ford,f-150,lariat,6,gasoline,47919,,,50200,3,,False
2023,Ford,f-150,lariat,6,gasoline,44032,,,51800,3,,False
2023,Ford,f-150,xlt,6,gasoline,32789,,,46800,3,,False
2023,Ford,f-150,xlt,6,gasoline,27794,,,45000,3,,False
2023,Ford,f-150,lariat,6,gasoline,36821,,,53600,3,,False
2022,Ford,f-150,xlt,6,gasoline,60201,,,35600,4,,False
2023,Ford,f-150,lariat,6,gasoline,78988,,,45200,3,,False
2023,Ford,f-150,xlt,6,gasoline,22839,,,47200,3,,False
2023,Ford,f-150,lariat,6,gasoline,54078,,,51200,3,,False
2023,Ford,f-150,lariat,6,gasoline,47494,,,52000,3,,False
2023,Ford,f-150,lariat,6,gasoline,31769,,,53000,3,,False
2023,Ford,f-150,lariat,6,gasoline,82445,,,48400,3,,False
2023,Ford,f-150,lariat,6,gasoline,28236,,,53800,3,,False
2023,Ford,f-150,lariat,6,gasoline,43003,,,52800,3,,False
2023,Ford,f-150,lariat,6,gasoline,32056,,,54400,3,,False
2023,Ford,f-150,xlt,6,gasoline,15118,,,47200,3,,False
2023,Ford,f-150,lariat,6,gasoline,56487,,,52200,3,,False
2023,Ford,f-150,lariat,6,gasoline,34148,,,55200,3,,False
2023,Ford,f-150,lariat,6,gasoline,39615,,,53000,3,,False
2023,Ford,f-150,lariat,6,gasoline,34772,,,54800,3,,False
2022,Ford,f-150,lariat,6,gasoline,74635,,,35600,4,,False
2023,Ford,f-150,lariat,6,gasoline,93356,,,49000,3,,False
2023,Ford,f-150,xlt,6,gasoline,40788,,,46600,3,,False
2023,Ford,f-150,lariat,6,gasoline,62914,,,49400,3,,False
2022,Ford,f-150,lariat,6,gasoline,123046,,,33400,4,,False
2022,Ford,f-150,xlt,6,gasoline,79088,,,29400,4,,False
2023,Ford,f-150,lariat,6,gasoline,54088,,,50000,3,,False
2019,Ford,f-150,xlt,6,gasoline,164567,,,18100,7,,False
2023,Ford,f-150,lariat,6,gasoline,47581,,,51800,3,,False
2023,Ford,f-150,xlt,6,gasoline,41408,,,41200,3,,False
2023,Ford,f-150,lariat,6,gasoline,39541,,,52400,3,,False
2023,Ford,f-150,lariat,6,gasoline,85513,,,45200,3,,False
2023,Ford,f-150,xlt,6,gasoline,33774,,,39000,3,,False
2023,Ford,f-150,lariat,6,gasoline,40050,,,52800,3,,False
2022,Ford,f-150,lariat,6,gasoline,20379,,,46000,4,,False
2023,Ford,f-150,lariat,6,gasoline,51710,,,52200,3,,False
2023,Ford,f-150,lariat,6,gasoline,26819,,,55000,3,,False
2023,Ford,f-150,xl,6,gasoline,50211,,,40000,3,,False
2023,Ford,f-150,lariat,6,gasoline,35690,,,55400,3,,False
2023,Ford,f-150,lariat,6,gasoline,40566,,,52400,3,,False
2023,Ford,f-150,lariat,6,gasoline,42844,,,52800,3,,False
2023,Ford,f-150,lariat,6,gasoline,44883,,,52200,3,,False
2023,Ford,f-150,lariat,6,gasoline,43996,,,40200,3,,False
2023,Ford,f-150,lariat,6,gasoline,24136,,,56200,3,,False
2023,Ford,f-150,lariat,6,gasoline,41261,,,52000,3,,False
2023,Ford,f-150,lariat,6,gasoline,31998,,,53600,3,,False
2023,Ford,f-150,lariat,6,gasoline,29135,,,53800,3,,False
2023,Ford,f-150,xlt,6,gasoline,33788,,,47000,3,,False
2019,Ford,f-150,xlt,6,gasoline,95663,,,21400,7,,False
2022,Ford,f-150,lariat,6,gasoline,72211,,,37600,4,,False
2023,Ford,f-150,lariat,6,gasoline,59104,,,49000,3,,False
2023,Ford,f-150,lariat,6,gasoline,62864,,,50000,3,,False
2023,Ford,f-150,lariat,6,gasoline,38103,,,54600,3,,False
2023,Ford,f-150,lariat,6,gasoline,42190,,,50200,3,,False
2023,Ford,f-150,xlt,6,gasoline,29819,,,48400,3,,False
2021,Ford,f-150,lariat,6,gasoline,113177,,,29600,5,,False
2022,Ford,f-150,xlt,6,gasoline,59447,,,32000,4,,False
2022,Ford,f-150,lariat,6,gasoline,41914,,,43600,4,,False
2023,Ford,f-150,xlt,6,gasoline,29344,,,46600,3,,False
2023,Ford,f-150,lariat,6,gasoline,28263,,,52200,3,,False
2018,Ford,f-150,xlt,8,flex,53465,,,24900,8,,False
2020,Ford,f-150,xlt,8,flex,155111,,,17900,6,,False
2019,Ford,f-150,xlt,8,flex,152153,,,16250,7,,False
2023,Ford,f-150,tremor,6,gasoline,52134,,,57000,3,,False
2017,Ford,f-150,xlt,6,flex,276169,,,7200,9,,False
2022,Ford,f-150,xlt,8,flex,40266,,,45000,4,,False
2021,Ford,f-150,xlt,6,gasoline,49389,,,36700,5,,False
2023,Ford,f-150,xlt,6,hybrid,26990,,,40600,3,,False
2023,Ford,f-150,xlt,6,hybrid,37247,,,45400,3,,False
2023,Ford,f-150,xlt,6,hybrid,46772,,,46200,3,,False
2015,Ford,f-150,xlt,8,flex,262903,,,6850,11,,False
2021,Ford,f-150,lariat,6,gasoline,99927,,,30800,5,,False
2022,Ford,f-150,lariat,6,gasoline,62194,,,36800,4,,False
2023,Ford,f-150,xlt,6,gasoline,29937,,,47000,3,,False
2023,Ford,f-150,xlt,6,gasoline,21624,,,42600,3,,False
2023,Ford,f-150,xlt,6,gasoline,19678,,,48000,3,,False
2023,Ford,f-150,lariat,6,gasoline,58619,,,47600,3,,False
2023,Ford,f-150,xlt,6,gasoline,54430,,,38500,3,,False
2023,Ford,f-150,lariat,6,hybrid,41111,,,53200,3,,False
2021,Ford,f-150,platinum,6,hybrid,141692,,,34500,5,,False
2022,Ford,f-150,xlt,6,hybrid,117156,,,29200,4,,False
2022,Ford,f-150,xlt,6,hybrid,123827,,,28600,4,,False
2022,Ford,f-150,xlt,6,hybrid,68111,,,30200,4,,False
2023,Ford,f-150,xlt,6,hybrid,85811,,,40600,3,,False
2020,Ford,f-150,xl,8,flex,218238,,,10700,6,,False
2023,Ford,f-150,xlt,8,flex,65363,,,35800,3,,False
2023,Ford,f-150,lariat,8,flex,88225,,,52400,3,,False
2018,Ford,f-150,xlt,8,flex,139143,,,14000,8,,False
2020,Ford,f-150,xlt,8,flex,88347,,,18100,6,,False
2021,Ford,f-150,xlt,8,flex,181869,,,18200,5,,False
2019,Ford,f-150,xlt,8,flex,183806,,,13000,7,,False
2021,Ford,f-150,xlt,8,flex,153643,,,26000,5,,False
2023,Ford,f-150,lariat,8,flex,8270,,,65250,3,,False
2020,Ford,f-150,xlt,8,flex,54966,,,29750,6,,False
2018,Ford,f-150,xlt,8,flex,158155,,,13900,8,,False
2022,Ford,f-150,xlt,8,flex,81277,,,28600,4,,False
2023,Ford,f-150,lariat,6,gasoline,70897,,,48200,3,,False
2023,Ford,f-150,lariat,6,gasoline,36936,,,48200,3,,False
2023,Ford,f-150,lariat,6,gasoline,41499,,,50600,3,,False
2023,Ford,f-150,lariat,6,gasoline,29411,,,54200,3,,False
2023,Ford,f-150,lariat,6,gasoline,40093,,,53600,3,,False
2019,Ford,f-150,xl,6,gasoline,142556,,,8200,7,,False
2022,Ford,f-150,lariat,6,gasoline,79130,,,35800,4,,False
2023,Ford,f-150,xl,6,gasoline,33012,,,35600,3,,False
2023,Ford,f-150,lariat,6,gasoline,30194,,,54400,3,,False
2023,Ford,f-150,xl,6,gasoline,33128,,,45000,3,,False
2023,Ford,f-150,lariat,6,gasoline,75601,,,45200,3,,False
2023,Ford,f-150,lariat,6,gasoline,65460,,,50400,3,,False
2023,Ford,f-150,lariat,6,gasoline,36534,,,52600,3,,False
2024,Ford,f-150,no_mention,6,gasoline,25058,,,45500,2,,False
2024,Ford,f-150,no_mention,6,gasoline,35569,,,45200,2,,False
2024,Ford,f-150,xlt,6,gasoline,28211,,,45250,2,,False
2020,Ford,f-150,xlt,8,flex,157875,,,9000,6,,False
2019,Ford,f-150,xl,6,flex,163182,,,11500,7,,False
2023,Ford,f-150,xlt,6,flex,170476,,,18300,3,,False
2016,Ford,f-150,xlt,6,gasoline,240967,,,8400,10,,False
2024,Ford,f-150,xl,8,gasoline,43423,,,37900,2,,False
2024,Ford,f-150,xl,8,gasoline,25429,,,44500,2,,False
2024,Ford,f-150,xlt,8,gasoline,28520,,,48400,2,,False
2024,Ford,f-150,xlt,6,gasoline,25894,,,59800,2,,False
2024,Ford,f-150,xlt,6,gasoline,23452,,,49200,2,,False
2024,Ford,f-150,xlt,6,gasoline,15352,,,50600,2,,False
2024,Ford,f-150,xlt,6,gasoline,14418,,,52000,2,,False
2024,Ford,f-150,xlt,6,gasoline,21218,,,60200,2,,False
2024,Ford,f-150,xlt,6,gasoline,48694,,,46200,2,,False
2024,Ford,f-150,xlt,6,gasoline,40592,,,47600,2,,False
2024,Ford,f-150,xlt,6,gasoline,22731,,,55200,2,,False
2024,Ford,f-150,xlt,6,gasoline,36358,,,48100,2,,False
2024,Ford,f-150,xlt,6,gasoline,15886,,,51700,2,,False
2024,Ford,f-150,xlt,6,gasoline,16002,,,51800,2,,False
2024,Ford,f-150,xlt,6,gasoline,29354,,,58250,2,,False
2024,Ford,f-150,xlt,6,hybrid,41142,,,56600,2,,False
2024,Ford,f-150,lariat,8,gasoline,18047,,,71200,2,,False
2025,Ford,f-150,lariat,6,hybrid,6784,,,76500,1,,False
2022,Ford,f-150,lariat,6,gasoline,111734,,,37200,4,,False
2023,Ford,f-150,lariat,6,gasoline,65721,,,50200,3,,False
2023,Ford,f-150,lariat,6,gasoline,22823,,,60800,3,,False
2023,Ford,f-150,xlt,6,gasoline,40234,,,47200,3,,False
2023,Ford,f-150,lariat,6,gasoline,41864,,,52000,3,,False
2023,Ford,f-150,lariat,6,gasoline,38533,,,52800,3,,False
2023,Ford,f-150,xlt,6,gasoline,40122,,,37800,3,,False
2023,Ford,f-150,xlt,6,gasoline,31348,,,48800,3,,False
2023,Ford,f-150,xlt,6,gasoline,36852,,,41400,3,,False
2023,Ford,f-150,xlt,6,gasoline,18586,,,45400,3,,False
2023,Ford,f-150,lariat,6,gasoline,39676,,,52600,3,,False
2023,Ford,f-150,xlt,6,gasoline,46669,,,44500,3,,False
2023,Ford,f-150,lariat,6,gasoline,32881,,,54400,3,,False
2023,Ford,f-150,lariat,6,gasoline,53241,,,55400,3,,False
2023,Ford,f-150,xlt,6,gasoline,60063,,,37800,3,,False
2023,Ford,f-150,xlt,6,gasoline,64799,,,41200,3,,False
2023,Ford,f-150,xlt,6,gasoline,46237,,,45100,3,,False
2023,Ford,f-150,xlt,6,gasoline,50006,,,38400,3,,False
2023,Ford,f-150,king ranch,6,gasoline,44588,,,60800,3,,False
2024,Ford,f-150,no_mention,6,gasoline,24532,,,45500,2,,False
2016,Ford,f-150,no_mention,6,flex,79183,,,19300,10,,False
2024,Ford,f-150,lariat,6,gasoline,29144,,,58500,2,,False
2014,Ford,f-150,no_mention,8,flex,144620,,,3100,12,,False
2018,Ford,f-150,no_mention,8,flex,192566,,,14000,8,,False
2022,Ford,f-150,xlt,8,flex,49272,,,44200,4,,False
2021,Ford,f-150,xlt,6,gasoline,167282,,,25100,5,,False
2023,Ford,f-150,no_mention,6,gasoline,71114,,,38000,3,,False
2023,Ford,f-150,lariat,6,gasoline,19300,,,54500,3,,False
2022,Ford,f-150,xl,6,gasoline,92413,,,28300,4,,False
2019,Ford,f-150,no_mention,6,gasoline,119715,,,14000,7,,False
2023,Ford,f-150,xlt,8,flex,98068,,,34100,3,,False
2023,Ford,f-150,xlt,6,gasoline,37002,,,46500,3,,False
2014,Ford,f-150,no_mention,6,flex,92449,,,11900,12,,False
2022,Ford,f-150,no_mention,6,gasoline,35000,,,52000,4,,False
2021,Ford,f-150,no_mention,6,gasoline,53586,,,39000,5,,False
2022,Ford,f-150,no_mention,8,flex,142224,,,27000,4,,False
2024,Ford,f-150,xlt,6,gasoline,17075,,,50300,2,,False
2011,Ford,f-150,xlt,6,gasoline,236898,,,3000,15,,False
2018,Ford,f-150,no_mention,6,gasoline,222968,,,12100,8,,False
2023,Ford,f-150,no_mention,6,gasoline,60497,,,53500,3,,False
2024,Ford,f-150,xlt,6,gasoline,37169,,,52000,2,,False
2020,Ford,f-150,xlt,6,gasoline,205336,,,18500,6,,False
2019,Ford,f-150,no_mention,8,flex,241925,,,12500,7,,False
2023,Ford,f-150,no_mention,6,gasoline,68309,,,45600,3,,False
2024,Ford,f-150,xlt,6,gasoline,50850,,,46100,2,,False
2018,Ford,f-150,no_mention,6,gasoline,229230,,,10500,8,,False
2022,Ford,f-150,no_mention,6,hybrid,133411,,,46000,4,,False
2023,Ford,f-150,no_mention,6,gasoline,61759,,,45000,3,,False
2023,Ford,f-150,no_mention,6,gasoline,71078,,,60800,3,,False
2022,Ford,f-150,xlt,6,gasoline,88280,,,30100,4,,False
2023,Ford,f-150,lariat,6,gasoline,51450,,,53100,3,,False
2015,Ford,f-150,xlt,6,flex,261940,,,7700,11,,False
2024,Ford,f-150,lariat,6,hybrid,37076,,,63400,2,,False
2017,Ford,f-150,no_mention,6,flex,200361,,,12700,9,,False
2023,Ford,f-150,no_mention,6,hybrid,46514,,,47900,3,,False
2016,Ford,f-150,no_mention,8,flex,274396,,,5000,10,,False
2018,Ford,f-150,raptor,6,gasoline,195715,,,34200,8,,False
2023,Ford,f-150,lariat,8,flex,42770,,,57000,3,,False
2025,Ford,f-150,xlt,6,gasoline,8361,,,50000,1,,False
2018,Ford,f-150,no_mention,8,flex,138854,,,20500,8,,False
2022,Ford,f-150,xlt,6,gasoline,55285,,,34000,4,,False
2015,Ford,f-150,no_mention,6,gasoline,242622,,,5900,11,,False
2020,Ford,f-150,no_mention,6,flex,105719,,,25500,6,,False
2017,Ford,f-150,no_mention,6,gasoline,213372,,,17600,9,,False
2013,Ford,f-150,no_mention,6,flex,167026,,,7400,13,,False
2023,Ford,f-150,no_mention,6,gasoline,139481,,,32000,3,,False
2019,Ford,f-150,lariat,6,gasoline,99214,,,32200,7,,False
2020,Ford,f-150,xlt,6,gasoline,168631,,,16300,6,,False
2023,Ford,f-150,tremor,8,flex,51395,,,64000,3,,False
2018,Ford,f-150,xlt,6,gasoline,103509,,,22000,8,,False
2022,Ford,f-150,no_mention,6,hybrid,60538,,,50000,4,,False
2019,Ford,f-150,platinum,8,flex,264083,,,10500,7,,False
2013,Ford,f-150,fx4,6,gasoline,174910,,,11500,13,,False
2018,Ford,f-150,xlt,6,gasoline,198150,,,10800,8,,False
2012,Ford,f-150,no_mention,8,flex,196221,,,5000,14,,False
2021,Ford,f-150,no_mention,6,gasoline,103424,,,27700,5,,False
2022,Ford,f-150,xlt,6,gasoline,116179,,,32800,4,,False
2019,Ford,f-150,lariat,6,gasoline,138800,,,30000,7,,False
2021,Ford,f-150,no_mention,6,gasoline,99122,,,34700,5,,False
2021,Ford,f-150,no_mention,6,hybrid,112380,,,47500,5,,False
2013,Ford,f-150,limited,6,gasoline,139401,,,16500,13,,False
2020,Ford,f-150,xlt,8,flex,118525,,,28500,6,,False
2023,Ford,f-150,lariat,6,gasoline,68618,,,47000,3,,False
2023,Ford,f-150,xl,6,gasoline,78049,,,32000,3,,False
2021,Ford,f-150,lariat,6,gasoline,140081,,,32600,5,,False
2017,Ford,f-150,xlt,6,gasoline,199114,,,11500,9,,False
2019,Ford,f-150,lariat,6,gasoline,109078,,,35000,7,,False
2017,Ford,f-150,xlt,6,gasoline,54355,,,22100,9,,False
2019,Ford,f-150,xlt,6,gasoline,265042,,,9500,7,,False
2019,Ford,f-150,lariat,6,gasoline,240799,,,10250,7,,False
2018,Ford,f-150,xlt,8,flex,199927,,,11500,8,,False
2022,Ford,f-150,tremor,6,gasoline,22536,,,51500,4,,False
2019,Ford,f-150,xlt,6,flex,126757,,,19750,7,,False
2018,Ford,f-150,xlt,6,gasoline,267884,,,7000,8,,False
2016,Ford,f-150,xl,8,flex,199658,,,12800,10,,False
2016,Ford,f-150,xlt,8,flex,98292,,,14400,10,,False
2015,Ford,f-150,lariat,8,flex,183030,,,15500,11,,False
2021,Ford,f-150,xlt,6,gasoline,191985,,,16200,5,,False
2018,Ford,f-150,xlt,8,flex,134980,,,20000,8,,False
2022,Ford,f-150,xlt,8,flex,206133,,,19000,4,,False
2024,Ford,f-150,xlt,6,gasoline,19912,,,53000,2,,False
2019,Ford,f-150,xl,6,flex,170793,,,10900,7,,False
2015,Ford,f-150,xlt,6,gasoline,265890,,,8200,11,,False
2017,Ford,f-150,lariat,6,gasoline,205989,,,14000,9,,False
2020,Ford,f-150,raptor,6,gasoline,150240,,,48000,6,,False
2024,Ford,f-150,xlt,6,gasoline,43649,,,32000,2,,False
2019,Ford,f-150,xlt,8,flex,152713,,,13100,7,,False
2021,Ford,f-150,xlt,6,gasoline,66523,,,28250,5,,False
2022,Ford,f-150,xlt,6,gasoline,101072,,,29400,4,,False
2023,Ford,f-150,no_mention,6,gasoline,72202,,,52250,3,,False
2023,Ford,f-150,xlt,6,gasoline,174424,,,23250,3,,False
2019,Ford,f-150,xlt,8,flex,279965,,,9700,7,,False
2017,Ford,f-150,platinum,6,gasoline,188783,,,16500,9,,False
2014,Ford,f-150,xlt,8,flex,165256,,,11800,12,,False
2023,Ford,f-150,lariat,6,gasoline,43010,,,53200,3,,False
2023,Ford,f-150,lariat,8,flex,66566,,,54700,3,,False
2022,Ford,f-150,xlt,6,gasoline,43566,,,42000,4,,False
2021,Ford,f-150,lariat,6,gasoline,201193,,,22250,5,,False
2021,Ford,f-150,xlt,6,gasoline,192904,,,16300,5,,False
2022,Ford,f-150,lariat,6,gasoline,137241,,,35000,4,,False
2022,Ford,f-150,xlt,6,gasoline,74342,,,35600,4,,False
2022,Ford,f-150,lariat,6,gasoline,42655,,,49600,4,,False
2019,Ford,f-150,xlt,6,gasoline,208480,,,15750,7,,False
2020,Ford,f-150,xlt,6,gasoline,201989,,,14100,6,,False
2022,Ford,f-150,no_mention,6,gasoline,189135,,,25500,4,,False
2023,Ford,f-150,lariat,6,gasoline,22417,,,56900,3,,False
2020,Ford,f-150,xlt,6,gasoline,60060,,,27000,6,,False
2023,Ford,f-150,lariat,6,gasoline,26786,,,57000,3,,False
2022,Ford,f-150,no_mention,6,gasoline,59513,,,44000,4,,False
2021,Ford,f-150,tremor,6,gasoline,79298,,,50500,5,,False
2021,Ford,f-150,xlt,6,flex,79058,,,30250,5,,False
2021,Ford,f-150,xlt,6,flex,55286,,,27400,5,,False
2022,Ford,f-150,xlt,6,flex,90741,,,26250,4,,False
2021,Ford,f-150,xlt,6,flex,156910,,,18700,5,,False
2017,Ford,f-150,xlt,8,flex,127103,,,22000,9,,False
2015,Ford,f-150,king ranch,8,flex,195480,,,11500,11,,False
2016,Ford,f-150,lariat,6,gasoline,175412,,,25100,10,,False
2018,Ford,f-150,no_mention,6,gasoline,153064,,,27000,8,,False
2022,Ford,f-150,xlt,6,gasoline,163737,,,19750,4,,False
2023,Ford,f-150,xlt,6,gasoline,35565,,,45750,3,,False
2021,Ford,f-150,lariat,6,gasoline,85504,,,42500,5,,False
2022,Ford,f-150,lariat,6,hybrid,60803,,,53000,4,,False
2023,Ford,f-150,xlt,6,hybrid,61562,,,44000,3,,False
2022,Ford,f-150,lariat,6,hybrid,104259,,,44900,4,,False
2020,Ford,f-150,xlt,8,flex,272596,,,9250,6,,False
2020,Ford,f-150,xl,8,flex,178486,,,17600,6,,False
2020,Ford,f-150,xlt,8,flex,279375,,,6500,6,,False
2022,Ford,f-150,xlt,8,flex,253431,,,15000,4,,False
2023,Ford,f-150,lariat,8,flex,41175,,,59000,3,,False
2018,Ford,f-150,xlt,6,flex,236101,,,8900,8,,False
2019,Ford,f-150,xlt,6,flex,270689,,,8100,7,,False
2020,Ford,f-150,xlt,6,gasoline,86491,,,30600,6,,False
2019,Ford,f-150,xlt,6,gasoline,202261,,,9250,7,,False
2018,Ford,f-150,xlt,6,gasoline,213687,,,19000,8,,False
2018,Ford,f-150,xlt,6,gasoline,100771,,,20300,8,,False
2018,Ford,f-150,no_mention,6,gasoline,144320,,,20500,8,,False
2024,Ford,f-150,xlt,8,gasoline,33472,,,48700,2,,False
2024,Ford,f-150,xlt,6,gasoline,57794,,,45100,2,,False
2025,Ford,f-150,tremor,6,gasoline,20846,,,72500,1,,False
2019,Ford,f-150,xlt,8,flex,249136,,,5000,7,,False
2023,Ford,f-150,xlt,6,gasoline,27473,,,52500,3,,False
2021,Ford,f-150,lariat,6,gasoline,102441,,,25900,5,,False
2023,Ford,f-150,lariat,6,gasoline,27952,,,61500,3,,False
2023,Ford,f-150,lariat,6,gasoline,95663,,,47500,3,,False
2023,Ford,f-150,xlt,6,gasoline,53273,,,41800,3,,False
2021,Ford,f-150,xlt,6,gasoline,201112,,,18000,5,,False
2023,Ford,f-150,xlt,6,gasoline,93409,,,35000,3,,False
2021,Ford,f-150,xlt,6,gasoline,154022,,,22100,5,,False
2020,Ford,f-150,no_mention,6,gasoline,143529,,,24700,6,,False
2013,Ford,f-150,no_mention,8,flex,251727,,,4200,13,,False
2018,Ford,f-150,xlt,6,gasoline,114660,,,20500,8,,False
2018,Ford,f-150,lariat,8,flex,144332,,,29600,8,,False
2016,Ford,f-150,no_mention,6,gasoline,256374,,,8000,10,,False
2019,Ford,f-150,xlt,6,gasoline,256498,,,15250,7,,False
2023,Ford,f-150,xlt,6,gasoline,43613,,,48800,3,,False
2022,Ford,f-150,xlt,6,gasoline,31850,,,41800,4,,False
2023,Ford,f-150,xlt,6,gasoline,68380,,,43000,3,,False
2016,Ford,f-150,xlt,6,gasoline,183761,,,13700,10,,False
2021,Ford,f-150,xlt,6,gasoline,246696,,,13500,5,,False
2022,Ford,f-150,lariat,6,gasoline,52673,,,43500,4,,False
2023,Ford,f-150,lariat,6,gasoline,39224,,,51750,3,,False
2022,Ford,f-150,xlt,6,gasoline,58440,,,39500,4,,False
2022,Ford,f-150,xlt,6,gasoline,165185,,,26000,4,,False
2021,Ford,f-150,xlt,6,gasoline,152951,,,24000,5,,False
2019,Ford,f-150,lariat,6,gasoline,118991,,,28250,7,,False
2020,Ford,f-150,xlt,8,flex,159258,,,24200,6,,False
2023,Ford,f-150,tremor,6,gasoline,64864,,,61500,3,,False
2022,Ford,f-150,tremor,6,gasoline,73302,,,47500,4,,False
2023,Ford,f-150,xlt,6,gasoline,44593,,,65500,3,,False
2023,Ford,f-150,tremor,6,gasoline,47380,,,64000,3,,False
2022,Ford,f-150,xlt,6,flex,99483,,,26250,4,,False
2021,Ford,f-150,xlt,6,flex,81025,,,27700,5,,False
2020,Ford,f-150,xlt,6,flex,71334,,,30100,6,,False
2015,Ford,f-150,xlt,8,flex,268677,,,8400,11,,False
2015,Ford,f-150,xlt,6,gasoline,115813,,,19100,11,,False
2018,Ford,f-150,xlt,6,gasoline,133582,,,7800,8,,False
2023,Ford,f-150,xlt,6,hybrid,72580,,,44500,3,,False
2022,Ford,f-150,xlt,6,gasoline,50126,,,48500,4,,False
2022,Ford,f-150,king ranch,6,gasoline,32396,,,62000,4,,False
2023,Ford,f-150,platinum,6,gasoline,51831,,,62250,3,,False
2023,Ford,f-150,lariat,6,gasoline,20594,,,61500,3,,False
2021,Ford,f-150,lariat,6,hybrid,116847,,,39750,5,,False
2022,Ford,f-150,xlt,6,hybrid,96113,,,27200,4,,False
2022,Ford,f-150,xlt,6,hybrid,122812,,,25000,4,,False
2021,Ford,f-150,lariat,8,flex,79771,,,47250,5,,False
2023,Ford,f-150,xlt,8,flex,168523,,,30100,3,,False
2019,Ford,f-150,xlt,8,flex,279958,,,3500,7,,False
2021,Ford,f-150,xlt,8,flex,130815,,,29250,5,,False
2021,Ford,f-150,lariat,8,flex,74829,,,45400,5,,False
2022,Ford,f-150,lariat,8,flex,86178,,,52100,4,,False
2020,Ford,f-150,xlt,8,flex,116611,,,20000,6,,False
2021,Ford,f-150,lariat,8,flex,232074,,,22500,5,,False
2023,Ford,f-150,lariat,8,flex,63601,,,57100,3,,False
2025,Ford,f-150,no_mention,6,gasoline,10581,,,51250,1,,False
2024,Ford,f-150,xlt,6,gasoline,63391,,,46250,2,,False
2024,Ford,f-150,xlt,6,gasoline,29924,,,55250,2,,False
2022,Ford,f-150,xlt,6,flex,160514,,,14000,4,,False
2019,Ford,f-150,king ranch,6,gasoline,55447,,,44500,7,,False
2020,Ford,f-150,xlt,6,gasoline,70255,,,33700,6,,False
2016,Ford,f-150,lariat,6,gasoline,158219,,,19800,10,,False
2019,Ford,f-150,raptor,6,gasoline,68799,,,55250,7,,False
2024,Ford,f-150,raptor,8,gasoline,44662,,,132000,2,,False
2025,Ford,f-150,xlt,6,gasoline,10600,,,53250,1,,False
2024,Ford,f-150,lariat,6,hybrid,43100,,,60900,2,,False
2020,Ford,f-150,xlt,6,gasoline,146037,,,17600,6,,False
2022,Ford,f-150,lariat,6,gasoline,65239,,,43000,4,,False
2021,Ford,f-150,xlt,6,gasoline,114369,,,31100,5,,False
2022,Ford,f-150,no_mention,6,gasoline,125096,,,35500,4,,False
2022,Ford,f-150,xlt,6,gasoline,91417,,,41400,4,,False
2021,Ford,f-150,xlt,6,gasoline,70158,,,43250,5,,False
2023,Ford,f-150,lariat,6,gasoline,65044,,,55500,3,,False
2023,Ford,f-150,xlt,6,gasoline,59696,,,36000,3,,False
2023,Ford,f-150,xlt,6,gasoline,33192,,,54000,3,,False
2012,Ford,f-150,no_mention,6,gasoline,295163,,,4700,14,,False
2023,Ford,f-150,xlt,8,flex,81390,,,34800,3,,False
2022,Ford,f-150,tremor,6,gasoline,88732,,,46400,4,,False
2019,Ford,f-150,xlt,8,flex,93149,,,28200,7,,False
2023,Ford,f-150,no_mention,6,gasoline,45542,,,41500,3,,False
2022,Ford,f-150,no_mention,8,flex,79382,,,43800,4,,False
2024,Ford,f-150,lariat,6,gasoline,19862,,,67000,2,,False
2015,Ford,f-150,no_mention,6,gasoline,246427,,,8100,11,,False
2022,Ford,f-150,no_mention,6,gasoline,17822,,,50000,4,,False
2014,Ford,f-150,no_mention,6,flex,273747,,,5600,12,,False
2022,Ford,f-150,no_mention,6,gasoline,65698,,,41000,4,,False
2019,Ford,f-150,no_mention,6,flex,213605,,,10900,7,,False
2022,Ford,f-150,lariat,6,gasoline,68402,,,45100,4,,False
2021,Ford,f-150,xlt,6,gasoline,103589,,,33700,5,,False
2023,Ford,f-150,xlt,6,gasoline,42197,,,41300,3,,False
2023,Ford,f-150,lariat,6,gasoline,28821,,,54100,3,,False
2020,Ford,f-150,xlt,8,flex,144278,,,23800,6,,False
2022,Ford,f-150,xlt,6,gasoline,124235,,,20200,4,,False
2023,Ford,f-150,lariat,6,gasoline,39973,,,51200,3,,False
2023,Ford,f-150,lariat,6,gasoline,33469,,,50000,3,,False
2023,Ford,f-150,lariat,6,gasoline,20655,,,54400,3,,False
2018,Ford,f-150,xlt,6,gasoline,184786,,,10200,8,,False
2023,Ford,f-150,lariat,6,gasoline,25445,,,55400,3,,False
2023,Ford,f-150,lariat,6,gasoline,35689,,,51600,3,,False
2023,Ford,f-150,lariat,6,gasoline,74264,,,43200,3,,False
2023,Ford,f-150,xl,6,gasoline,28879,,,40400,3,,False
2023,Ford,f-150,xlt,6,gasoline,30918,,,46600,3,,False
2023,Ford,f-150,lariat,6,gasoline,37628,,,53000,3,,False
2023,Ford,f-150,lariat,6,gasoline,53356,,,50600,3,,False
2023,Ford,f-150,lariat,6,gasoline,39418,,,52800,3,,False
2023,Ford,f-150,lariat,6,gasoline,36378,,,53200,3,,False
2023,Ford,f-150,lariat,6,gasoline,30974,,,50200,3,,False
2023,Ford,f-150,xlt,6,gasoline,47785,,,35600,3,,False
2023,Ford,f-150,xlt,6,gasoline,36119,,,45000,3,,False
2023,Ford,f-150,lariat,6,gasoline,32676,,,52600,3,,False
2023,Ford,f-150,lariat,6,gasoline,31356,,,54000,3,,False
2017,Ford,f-150,xlt,6,gasoline,228728,,,8500,9,,False
2023,Ford,f-150,lariat,6,gasoline,35674,,,50250,3,,False
2023,Ford,f-150,lariat,6,gasoline,48925,,,48000,3,,False
2023,Ford,f-150,lariat,6,gasoline,43719,,,51400,3,,False
2023,Ford,f-150,lariat,6,gasoline,35097,,,53000,3,,False
2023,Ford,f-150,lariat,6,gasoline,37895,,,52400,3,,False
2023,Ford,f-150,lariat,6,gasoline,40173,,,52800,3,,False
2023,Ford,f-150,xlt,6,gasoline,57572,,,38200,3,,False
2022,Ford,f-150,lariat,6,gasoline,66062,,,33400,4,,False
2022,Ford,f-150,xlt,6,gasoline,78425,,,25400,4,,False
2023,Ford,f-150,lariat,6,gasoline,31699,,,45200,3,,False
2023,Ford,f-150,lariat,6,gasoline,24522,,,52200,3,,False
2023,Ford,f-150,lariat,6,gasoline,32424,,,53200,3,,False
2023,Ford,f-150,lariat,6,gasoline,38932,,,50600,3,,False
2023,Ford,f-150,lariat,6,gasoline,37481,,,52000,3,,False
2023,Ford,f-150,xlt,6,gasoline,46589,,,44400,3,,False
2023,Ford,f-150,lariat,6,gasoline,58409,,,49200,3,,False
2023,Ford,f-150,lariat,6,gasoline,54877,,,51800,3,,False
2023,Ford,f-150,xlt,6,gasoline,37198,,,37500,3,,False
2020,Ford,f-150,no_mention,6,gasoline,183382,,,18000,6,,False
2021,Ford,f-150,xl,6,gasoline,151754,,,20600,5,,False
2022,Ford,f-150,lariat,6,gasoline,65529,,,37800,4,,False
2023,Ford,f-150,lariat,6,gasoline,73295,,,45000,3,,False
2023,Ford,f-150,xlt,6,gasoline,30803,,,45200,3,,False
2023,Ford,f-150,lariat,6,gasoline,31513,,,54000,3,,False
2023,Ford,f-150,lariat,6,gasoline,58026,,,49200,3,,False
2023,Ford,f-150,lariat,6,gasoline,46927,,,51600,3,,False
2023,Ford,f-150,lariat,6,gasoline,42394,,,50000,3,,False
2023,Ford,f-150,lariat,6,gasoline,36658,,,48000,3,,False
2023,Ford,f-150,lariat,6,gasoline,41533,,,53200,3,,False
2021,Ford,f-150,lariat,6,gasoline,30074,,,35600,5,,False
2023,Ford,f-150,lariat,6,gasoline,40347,,,53400,3,,False
2023,Ford,f-150,lariat,6,gasoline,23199,,,55200,3,,False
2023,Ford,f-150,lariat,6,gasoline,45114,,,53000,3,,False
2023,Ford,f-150,lariat,6,gasoline,78073,,,47000,3,,False
2023,Ford,f-150,lariat,6,gasoline,31825,,,54200,3,,False
2023,Ford,f-150,lariat,6,gasoline,40360,,,54000,3,,False
2022,Ford,f-150,lariat,6,gasoline,95991,,,32600,4,,False
2023,Ford,f-150,lariat,6,gasoline,20289,,,53000,3,,False
2023,Ford,f-150,lariat,6,gasoline,43349,,,53400,3,,False
2023,Ford,f-150,xlt,6,gasoline,47862,,,45000,3,,False
2023,Ford,f-150,lariat,6,gasoline,92309,,,48200,3,,False
2023,Ford,f-150,lariat,6,gasoline,44815,,,50000,3,,False
2023,Ford,f-150,lariat,6,gasoline,29773,,,53400,3,,False
2022,Ford,f-150,lariat,6,gasoline,66751,,,37600,4,,False
2023,Ford,f-150,lariat,6,gasoline,43247,,,51200,3,,False
2023,Ford,f-150,lariat,6,gasoline,78731,,,48000,3,,False
2022,Ford,f-150,xlt,6,gasoline,74140,,,29400,4,,False
2023,Ford,f-150,lariat,6,gasoline,30417,,,54200,3,,False
2020,Ford,f-150,xlt,6,gasoline,182308,,,5000,6,,False
2023,Ford,f-150,tremor,6,gasoline,75976,,,54600,3,,False
2023,Ford,f-150,tremor,6,gasoline,96963,,,54200,3,,False
2022,Ford,f-150,xlt,6,flex,48860,,,27000,4,,False
2017,Ford,f-150,lariat,8,flex,176138,,,20500,9,,False
2016,Ford,f-150,xlt,8,flex,174003,,,7900,10,,False
2019,Ford,f-150,limited,6,gasoline,60682,,,44800,7,,False
2017,Ford,f-150,xlt,6,gasoline,212075,,,13500,9,,False
2016,Ford,f-150,xlt,6,gasoline,272366,,,8800,10,,False
2016,Ford,f-150,lariat,6,gasoline,211924,,,11100,10,,False
2022,Ford,f-150,lariat,8,flex,84432,,,43000,4,,False
2021,Ford,f-150,lariat,6,gasoline,159105,,,27000,5,,False
2022,Ford,f-150,lariat,6,gasoline,61287,,,35400,4,,False
2022,Ford,f-150,xl,6,flex,90094,,,21200,4,,False
2023,Ford,f-150,lariat,6,hybrid,58879,,,52000,3,,False
2022,Ford,f-150,lariat,6,hybrid,53536,,,37200,4,,False
2016,Ford,f-150,xlt,8,flex,169587,,,17200,10,,False
2023,Ford,f-150,xlt,6,gasoline,38409,,,40800,3,,False
2023,Ford,f-150,lariat,6,gasoline,31843,,,56000,3,,False
2023,Ford,f-150,xlt,6,gasoline,45682,,,49200,3,,False
2023,Ford,f-150,platinum,6,gasoline,33818,,,63000,3,,False
2023,Ford,f-150,lariat,6,gasoline,46437,,,53400,3,,False
2023,Ford,f-150,xlt,6,gasoline,38097,,,50000,3,,False
2022,Ford,f-150,lariat,6,hybrid,91240,,,34000,4,,False
2023,Ford,f-150,xlt,6,hybrid,31912,,,45600,3,,False
2023,Ford,f-150,lariat,6,hybrid,44548,,,52800,3,,False
2021,Ford,f-150,king ranch,6,hybrid,121894,,,41750,5,,False
2023,Ford,f-150,lariat,6,hybrid,39457,,,54400,3,,False
2023,Ford,f-150,lariat,6,hybrid,76389,,,49400,3,,False
2022,Ford,f-150,lariat,6,hybrid,170968,,,27500,4,,False
2019,Ford,f-150,xlt,8,flex,152131,,,19400,7,,False
2020,Ford,f-150,xlt,8,flex,201862,,,14400,6,,False
2023,Ford,f-150,xlt,8,flex,25774,,,41200,3,,False
2023,Ford,f-150,lariat,8,flex,83802,,,52000,3,,False
2018,Ford,f-150,xlt,8,flex,164943,,,15200,8,,False
2019,Ford,f-150,xlt,8,flex,106447,,,21800,7,,False
2019,Ford,f-150,xlt,8,flex,132151,,,19750,7,,False
2023,Ford,f-150,xlt,8,flex,77676,,,42600,3,,False
2019,Ford,f-150,xlt,8,flex,143423,,,17200,7,,False
2021,Ford,f-150,xlt,8,flex,74427,,,28800,5,,False
2020,Ford,f-150,xlt,8,flex,217259,,,14000,6,,False
2021,Ford,f-150,lariat,8,flex,68708,,,27200,5,,False
2021,Ford,f-150,xlt,8,flex,87287,,,27000,5,,False
2023,Ford,f-150,lariat,6,gasoline,43207,,,51000,3,,False
2023,Ford,f-150,lariat,6,gasoline,36875,,,54200,3,,False
2023,Ford,f-150,xlt,6,gasoline,14660,,,46200,3,,False
2023,Ford,f-150,lariat,6,gasoline,23529,,,50000,3,,False
2023,Ford,f-150,lariat,6,gasoline,30744,,,52800,3,,False
2023,Ford,f-150,lariat,6,gasoline,29625,,,49400,3,,False
2023,Ford,f-150,lariat,6,gasoline,31534,,,55200,3,,False
2022,Ford,f-150,lariat,6,gasoline,54600,,,37200,4,,False
2022,Ford,f-150,xl,6,gasoline,110640,,,28700,4,,False
2023,Ford,f-150,xlt,6,gasoline,49922,,,35000,3,,False
2023,Ford,f-150,lariat,6,gasoline,39999,,,52600,3,,False
2023,Ford,f-150,lariat,6,gasoline,40580,,,53000,3,,False
2023,Ford,f-150,lariat,6,gasoline,60178,,,50400,3,,False
2023,Ford,f-150,lariat,6,gasoline,21873,,,52800,3,,False
2023,Ford,f-150,lariat,6,gasoline,45824,,,51200,3,,False
2023,Ford,f-150,lariat,6,gasoline,36064,,,52800,3,,False
2023,Ford,f-150,lariat,6,gasoline,78895,,,47400,3,,False
2024,Ford,f-150,no_mention,6,gasoline,35414,,,42000,2,,False
2024,Ford,f-150,xlt,6,gasoline,50852,,,41200,2,,False
2025,Ford,f-150,xlt,6,gasoline,11629,,,53500,1,,False
2019,Ford,f-150,xlt,6,flex,247636,,,6100,7,,False
2022,Ford,f-150,xlt,6,gasoline,101221,,,21400,4,,False
2020,Ford,f-150,xlt,6,gasoline,151572,,,18200,6,,False
2020,Ford,f-150,xlt,6,gasoline,225013,,,11700,6,,False
2015,Ford,f-150,xlt,6,gasoline,243515,,,6600,11,,False
2024,Ford,f-150,xl,6,gasoline,23900,,,42100,2,,False
2024,Ford,f-150,xlt,8,gasoline,39931,,,52400,2,,False
2024,Ford,f-150,xlt,6,gasoline,16084,,,50200,2,,False
2024,Ford,f-150,xlt,6,gasoline,11463,,,53000,2,,False
2024,Ford,f-150,xlt,6,gasoline,31919,,,57600,2,,False
2024,Ford,f-150,xlt,6,gasoline,6983,,,57250,2,,False
2025,Ford,f-150,xlt,6,gasoline,24949,,,57500,1,,False
2024,Ford,f-150,xlt,6,gasoline,11579,,,52250,2,,False
2025,Ford,f-150,tremor,6,gasoline,19686,,,66000,1,,False
2024,Ford,f-150,lariat,6,gasoline,32193,,,67200,2,,False
2024,Ford,f-150,king ranch,6,hybrid,21938,,,84750,2,,False
2022,Ford,f-150,xlt,6,gasoline,97826,,,20200,4,,False
2023,Ford,f-150,lariat,6,gasoline,31217,,,58000,3,,False
2023,Ford,f-150,lariat,6,gasoline,62778,,,52800,3,,False
2023,Ford,f-150,xlt,6,gasoline,75917,,,42000,3,,False
2022,Ford,f-150,xlt,6,gasoline,109315,,,36600,4,,False
2022,Ford,f-150,xlt,6,gasoline,147007,,,12400,4,,False
2023,Ford,f-150,xlt,6,gasoline,20398,,,50400,3,,False
2023,Ford,f-150,xlt,6,gasoline,22040,,,50000,3,,False
2022,Ford,f-150,xlt,6,gasoline,176051,,,17700,4,,False
2022,Ford,f-150,xlt,6,gasoline,100622,,,27000,4,,False
2023,Ford,f-150,lariat,6,gasoline,39088,,,52000,3,,False
2023,Ford,f-150,xlt,6,gasoline,31543,,,52000,3,,False
2023,Ford,f-150,xlt,6,gasoline,50625,,,49400,3,,False
2023,Ford,f-150,xlt,6,gasoline,30318,,,42200,3,,False
2023,Ford,f-150,xlt,6,gasoline,56091,,,38200,3,,False
2022,Ford,f-150,xlt,6,gasoline,91028,,,21200,4,,False
2023,Ford,f-150,lariat,6,gasoline,45872,,,54600,3,,False
2023,Ford,f-150,xlt,6,gasoline,23704,,,44800,3,,False
2022,Ford,f-150,xlt,6,gasoline,95026,,,24200,4,,False
2023,Ford,f-150,xlt,6,gasoline,58415,,,42400,3,,False
2023,Ford,f-150,xlt,6,gasoline,101774,,,38300,3,,False
2022,Ford,f-150,lariat,6,gasoline,59553,,,37200,4,,False
2022,Ford,f-150,xlt,6,gasoline,204894,,,12700,4,,False
2023,Ford,f-150,xlt,6,gasoline,27527,,,41000,3,,False
2023,Ford,f-150,no_mention,6,gasoline,47743,,,38000,3,,False
2021,Ford,f-150,no_mention,6,gasoline,153653,,,23000,5,,False
2023,Ford,f-150,tremor,8,flex,69051,,,59000,3,,False
2024,Ford,f-150,no_mention,6,gasoline,12175,,,48000,2,,False
2011,Ford,f-150,no_mention,8,flex,206536,,,6500,15,,False
2016,Ford,f-150,no_mention,8,flex,236152,,,15000,10,,False
2021,Ford,f-150,xlt,6,gasoline,57847,,,42000,5,,False
2017,Ford,f-150,xlt,6,flex,128505,,,18100,9,,False
2021,Ford,f-150,xlt,6,gasoline,106241,,,29000,5,,False
2022,Ford,f-150,lariat,6,gasoline,54427,,,46500,4,,False
2018,Ford,f-150,xlt,8,flex,168028,,,19100,8,,False
2023,Ford,f-150,xlt,6,gasoline,133480,,,30000,3,,False
2021,Ford,f-150,no_mention,6,gasoline,173587,,,21200,5,,False
2016,Ford,f-150,lariat,6,gasoline,92407,,,22300,10,,False
2010,Ford,f-150,no_mention,8,flex,191736,,,6000,16,,False
2012,Ford,f-150,no_mention,6,gasoline,265503,,,3900,14,,False
2022,Ford,f-150,no_mention,6,gasoline,42688,,,32600,4,,False
2022,Ford,f-150,no_mention,6,gasoline,47592,,,43600,4,,False
2021,Ford,f-150,no_mention,6,gasoline,178001,,,14300,5,,False
2010,Ford,f-150,no_mention,8,gasoline,225623,,,3600,16,,False
2024,Ford,f-150,xlt,8,gasoline,53607,,,53900,2,,False
2022,Ford,f-150,no_mention,6,gasoline,50444,,,28800,4,,False
2023,Ford,f-150,xlt,6,gasoline,50563,,,43800,3,,False
2018,Ford,f-150,lariat,6,gasoline,27875,,,36500,8,,False
2023,Ford,f-150,xlt,6,gasoline,38648,,,47600,3,,False
2016,Ford,f-150,lariat,6,gasoline,188207,,,18000,10,,False
2022,Ford,f-150,xlt,6,gasoline,123752,,,33700,4,,False
2019,Ford,f-150,xlt,8,flex,105970,,,29500,7,,False
2020,Ford,f-150,xlt,8,flex,221485,,,12300,6,,False
2021,Ford,f-150,limited,6,hybrid,145998,,,39500,5,,False
2019,Ford,f-150,xlt,6,gasoline,136826,,,19900,7,,False
2010,Ford,f-150,lariat,8,flex,182970,,,3900,16,,False
2021,Ford,f-150,no_mention,8,flex,128250,,,30000,5,,False
2023,Ford,f-150,no_mention,6,gasoline,57997,,,61600,3,,False
2019,Ford,f-150,lariat,6,gasoline,156361,,,23000,7,,False
2018,Ford,f-150,no_mention,6,gasoline,173398,,,15600,8,,False
2012,Ford,f-150,no_mention,6,gasoline,245920,,,5100,14,,False
2022,Ford,f-150,no_mention,6,gasoline,64681,,,44800,4,,False
2023,Ford,f-150,no_mention,6,gasoline,36305,,,60200,3,,False
2018,Ford,f-150,no_mention,6,gasoline,130300,,,22800,8,,False
2020,Ford,f-150,no_mention,8,flex,289139,,,6800,6,,False
2023,Ford,f-150,tremor,6,gasoline,98239,,,53000,3,,False
2021,Ford,f-150,lariat,6,hybrid,140631,,,35800,5,,False
2020,Ford,f-150,xlt,6,gasoline,93961,,,24000,6,,False
2022,Ford,f-150,xlt,6,gasoline,57664,,,46300,4,,False
2022,Ford,f-150,no_mention,6,gasoline,83957,,,41000,4,,False
2018,Ford,f-150,xlt,6,gasoline,139890,,,25900,8,,False
2018,Ford,f-150,xlt,6,gasoline,192956,,,12250,8,,False
2019,Ford,f-150,xlt,6,gasoline,93774,,,25300,7,,False
2019,Ford,f-150,lariat,6,gasoline,240348,,,13300,7,,False
2019,Ford,f-150,xlt,6,gasoline,168575,,,15500,7,,False
2023,Ford,f-150,tremor,6,gasoline,72843,,,55250,3,,False
2020,Ford,f-150,limited,6,gasoline,255262,,,23000,6,,False
2022,Ford,f-150,xlt,8,flex,201073,,,20700,4,,False
2021,Ford,f-150,xlt,8,flex,214630,,,14300,5,,False
2022,Ford,f-150,xlt,8,flex,85215,,,38750,4,,False
2022,Ford,f-150,lariat,8,flex,176362,,,31500,4,,False
2021,Ford,f-150,xlt,8,flex,105353,,,22500,5,,False
2018,Ford,f-150,xlt,6,gasoline,231393,,,10300,8,,False
2015,Ford,f-150,xlt,6,gasoline,133700,,,7250,11,,False
2018,Ford,f-150,xlt,8,flex,169327,,,16800,8,,False
2018,Ford,f-150,xlt,6,gasoline,244095,,,8500,8,,False
2016,Ford,f-150,xlt,6,gasoline,228605,,,8500,10,,False
2023,Ford,f-150,xlt,6,gasoline,99366,,,37500,3,,False
2022,Ford,f-150,xlt,6,gasoline,152018,,,30600,4,,False
2022,Ford,f-150,xlt,6,gasoline,203422,,,18800,4,,False
2023,Ford,f-150,no_mention,6,gasoline,45207,,,41000,3,,False
2022,Ford,f-150,no_mention,6,hybrid,165034,,,16300,4,,False
2012,Ford,f-150,no_mention,8,flex,257815,,,7100,14,,False
2024,Ford,f-150,tremor,6,gasoline,41842,,,66000,2,,False
2014,Ford,f-150,xlt,8,flex,77746,,,15400,12,,False
2024,Ford,f-150,xlt,6,gasoline,49435,,,51800,2,,False
2020,Ford,f-150,xlt,6,gasoline,227746,,,15000,6,,False
2023,Ford,f-150,lariat,6,gasoline,156786,,,40200,3,,False
2021,Ford,f-150,lariat,6,hybrid,111264,,,38000,5,,False
2023,Ford,f-150,no_mention,6,flex,64330,,,25400,3,,False
2020,Ford,f-150,no_mention,8,flex,139880,,,21700,6,,False
2018,Ford,f-150,xlt,8,flex,206006,,,10500,8,,False
2018,Ford,f-150,xlt,8,flex,222562,,,9600,8,,False
2012,Ford,f-150,no_mention,6,gasoline,257145,,,5200,14,,False
2018,Ford,f-150,xlt,6,gasoline,295741,,,8500,8,,False
2021,Ford,f-150,no_mention,6,gasoline,36912,,,43000,5,,False
2021,Ford,f-150,lariat,6,gasoline,107945,,,40000,5,,False
2016,Ford,f-150,xlt,6,gasoline,222475,,,7400,10,,False
2022,Ford,f-150,lariat,6,gasoline,60514,,,37400,4,,False
2023,Ford,f-150,xl,6,gasoline,46604,,,34600,3,,False
2023,Ford,f-150,lariat,6,gasoline,16587,,,59750,3,,False
2023,Ford,f-150,xlt,6,gasoline,41849,,,47200,3,,False
2021,Ford,f-150,xlt,6,gasoline,162855,,,24000,5,,False
2023,Ford,f-150,xlt,6,gasoline,129367,,,26000,3,,False
2023,Ford,f-150,xlt,6,gasoline,28386,,,39000,3,,False
2023,Ford,f-150,xlt,6,gasoline,50368,,,42000,3,,False
2023,Ford,f-150,lariat,6,gasoline,66725,,,52200,3,,False
2023,Ford,f-150,xlt,6,gasoline,29319,,,50700,3,,False
2022,Ford,f-150,lariat,6,gasoline,48210,,,41800,4,,False
2020,Ford,f-150,xlt,8,flex,127223,,,20400,6,,False
2019,Ford,f-150,xlt,8,flex,200588,,,8800,7,,False
2019,Ford,f-150,xlt,8,flex,161141,,,11800,7,,False
2020,Ford,f-150,lariat,8,flex,39895,,,43500,6,,False
2018,Ford,f-150,xlt,8,flex,144203,,,26000,8,,False
2022,Ford,f-150,tremor,6,gasoline,57073,,,56200,4,,False
2022,Ford,f-150,tremor,6,gasoline,88732,,,43000,4,,False
2018,Ford,f-150,xlt,6,flex,128278,,,15500,8,,False
2021,Ford,f-150,xlt,6,flex,117946,,,28100,5,,False
2015,Ford,f-150,lariat,6,gasoline,246041,,,9000,11,,False
2018,Ford,f-150,platinum,6,gasoline,212347,,,20600,8,,False
2017,Ford,f-150,lariat,6,gasoline,153623,,,21000,9,,False
2018,Ford,f-150,xlt,6,gasoline,158025,,,11900,8,,False
2021,Ford,f-150,xlt,6,hybrid,195802,,,17400,5,,False
2022,Ford,f-150,lariat,6,hybrid,20385,,,49000,4,,False
2016,Ford,f-150,xlt,8,flex,98581,,,18000,10,,False
2021,Ford,f-150,xlt,6,gasoline,74256,,,33700,5,,False
2022,Ford,f-150,xlt,6,gasoline,112460,,,34100,4,,False
2023,Ford,f-150,lariat,6,hybrid,26836,,,65500,3,,False
2022,Ford,f-150,platinum,6,hybrid,49090,,,62200,4,,False
2022,Ford,f-150,xlt,8,flex,59979,,,47300,4,,False
2022,Ford,f-150,xlt,8,flex,42045,,,40000,4,,False
2023,Ford,f-150,xlt,8,flex,53849,,,48500,3,,False
2020,Ford,f-150,xlt,8,flex,198938,,,14800,6,,False
2022,Ford,f-150,xlt,8,flex,153483,,,21250,4,,False
2023,Ford,f-150,xlt,8,flex,52173,,,49800,3,,False
2018,Ford,f-150,xlt,8,flex,162329,,,7000,8,,False
2021,Ford,f-150,xlt,8,flex,142318,,,21000,5,,False
2022,Ford,f-150,xlt,8,flex,151184,,,25500,4,,False
2018,Ford,f-150,xlt,6,gasoline,115767,,,13500,8,,False
2017,Ford,f-150,xlt,6,flex,222595,,,8700,9,,False
2019,Ford,f-150,xlt,6,flex,262815,,,8600,7,,False
2014,Ford,f-150,xlt,6,flex,82410,,,8000,12,,False
2021,Ford,f-150,xl,6,gasoline,100053,,,24000,5,,False
2015,Ford,f-150,xlt,6,gasoline,223793,,,8700,11,,False
2018,Ford,f-150,xlt,6,gasoline,126520,,,23200,8,,False
2021,Ford,f-150,xlt,6,diesel,136593,,,26900,5,,False
2019,Ford,f-150,lariat,6,gasoline,167586,,,23500,7,,False
2018,Ford,f-150,xlt,8,flex,201842,,,7300,8,,False
2015,Ford,f-150,lariat,6,gasoline,180701,,,12100,11,,False
2016,Ford,f-150,xlt,6,gasoline,112699,,,19600,10,,False
2024,Ford,f-150,raptor,6,gasoline,9204,,,97750,2,,False
2024,Ford,f-150,xlt,8,gasoline,29604,,,49700,2,,False
2024,Ford,f-150,xlt,6,gasoline,45699,,,47000,2,,False
2024,Ford,f-150,xlt,6,gasoline,18542,,,51000,2,,False
2024,Ford,f-150,xlt,6,gasoline,51854,,,47400,2,,False
2024,Ford,f-150,xlt,6,gasoline,44588,,,47200,2,,False
2021,Ford,f-150,xlt,6,gasoline,155282,,,26500,5,,False
2022,Ford,f-150,xlt,6,gasoline,86116,,,36000,4,,False
2023,Ford,f-150,xlt,6,gasoline,98533,,,32000,3,,False
2021,Ford,f-150,king ranch,6,gasoline,73421,,,53500,5,,False
2022,Ford,f-150,lariat,6,gasoline,69497,,,44100,4,,False
2023,Ford,f-150,xlt,6,gasoline,44127,,,45250,3,,False
2022,Ford,f-150,xlt,6,gasoline,124207,,,36000,4,,False
2022,Ford,f-150,lariat,6,gasoline,39047,,,50000,4,,False
2023,Ford,f-150,xlt,6,gasoline,78632,,,39000,3,,False
2016,Ford,f-150,no_mention,6,gasoline,294241,,,5000,10,,False
2022,Ford,f-150,no_mention,6,hybrid,77439,,,50000,4,,False
2018,Ford,f-150,no_mention,8,flex,207485,,,21600,8,,False
2014,Ford,f-150,no_mention,8,flex,238890,,,10300,12,,False
2016,Ford,f-150,xlt,6,gasoline,121467,,,17700,10,,False
2022,Ford,f-150,xlt,6,gasoline,100510,,,33000,4,,False
2019,Ford,f-150,king ranch,8,flex,64324,,,36500,7,,False
2019,Ford,f-150,no_mention,8,flex,208149,,,19400,7,,False
2021,Ford,f-150,lariat,6,gasoline,74422,,,40000,5,,False
2015,Ford,f-150,xlt,6,gasoline,97733,,,14000,11,,False
2018,Ford,f-150,lariat,6,gasoline,177521,,,22000,8,,False
2017,Ford,f-150,no_mention,6,gasoline,232866,,,11100,9,,False
2021,Ford,f-150,no_mention,8,flex,71048,,,53100,5,,False
2021,Ford,f-150,no_mention,6,gasoline,175953,,,24500,5,,False
2011,Ford,f-150,no_mention,6,gasoline,144673,,,9500,15,,False
2023,Ford,f-150,no_mention,6,gasoline,75942,,,59400,3,,False
2017,Ford,f-150,xlt,8,flex,105218,,,24000,9,,False
2017,Ford,f-150,no_mention,8,flex,225220,,,10000,9,,False
2021,Ford,f-150,lariat,6,hybrid,111458,,,34600,5,,False
2021,Ford,f-150,lariat,6,gasoline,63972,,,41000,5,,False
2021,Ford,f-150,xlt,6,gasoline,164210,,,20100,5,,False
2022,Ford,f-150,lariat,6,gasoline,97973,,,43250,4,,False
2022,Ford,f-150,xlt,6,gasoline,49394,,,31300,4,,False
2023,Ford,f-150,lariat,6,gasoline,84499,,,48000,3,,False
2021,Ford,f-150,xlt,6,gasoline,77140,,,29750,5,,False
2020,Ford,f-150,lariat,6,gasoline,83757,,,34000,6,,False
2023,Ford,f-150,xlt,6,gasoline,35269,,,42500,3,,False
2023,Ford,f-150,lariat,6,gasoline,30176,,,53250,3,,False
2023,Ford,f-150,xlt,6,gasoline,50437,,,46750,3,,False
2022,Ford,f-150,xlt,6,gasoline,100049,,,34500,4,,False
2022,Ford,f-150,lariat,6,gasoline,73563,,,44600,4,,False
2022,Ford,f-150,lariat,6,gasoline,47592,,,43800,4,,False
2023,Ford,f-150,lariat,6,gasoline,49309,,,46200,3,,False
2023,Ford,f-150,xlt,6,gasoline,91723,,,30700,3,,False
2022,Ford,f-150,xlt,6,gasoline,103766,,,29250,4,,False
2018,Ford,f-150,xlt,6,gasoline,169638,,,19000,8,,False
2019,Ford,f-150,xlt,6,gasoline,135092,,,23000,7,,False
2020,Ford,f-150,xlt,6,gasoline,35543,,,35500,6,,False
2018,Ford,f-150,xlt,8,flex,156475,,,19400,8,,False
2022,Ford,f-150,lariat,6,gasoline,68435,,,46600,4,,False
2017,Ford,f-150,xlt,6,flex,171224,,,12250,9,,False
2023,Ford,f-150,tremor,6,gasoline,59041,,,61250,3,,False
2021,Ford,f-150,xl,6,flex,76170,,,21000,5,,False
2021,Ford,f-150,xlt,6,flex,89417,,,28400,5,,False
2023,Ford,f-150,xlt,6,flex,144373,,,25300,3,,False
2022,Ford,f-150,xlt,6,flex,118983,,,26000,4,,False
2021,Ford,f-150,xlt,6,flex,121988,,,25500,5,,False
2022,Ford,f-150,xlt,6,flex,72846,,,27400,4,,False
2022,Ford,f-150,xlt,6,flex,113745,,,26000,4,,False
2017,Ford,f-150,xlt,8,flex,127512,,,23500,9,,False
2017,Ford,f-150,lariat,8,flex,160474,,,23100,9,,False
2015,Ford,f-150,xlt,6,gasoline,291928,,,4100,11,,False
2018,Ford,f-150,xlt,6,gasoline,271541,,,4250,8,,False
2019,Ford,f-150,xl,6,gasoline,160274,,,13900,7,,False
2012,Ford,f-150,xlt,6,gasoline,122227,,,12200,14,,False
2023,Ford,f-150,xl,6,flex,67679,,,21800,3,,False
2019,Ford,f-150,xl,6,flex,71147,,,13600,7,,False
2018,Ford,f-150,xlt,6,flex,152665,,,10600,8,,False
2022,Ford,f-150,xlt,6,hybrid,56680,,,38500,4,,False
2022,Ford,f-150,xlt,6,hybrid,127914,,,27600,4,,False
2014,Ford,f-150,fx4,8,flex,261577,,,10400,12,,False
2017,Ford,f-150,xlt,8,flex,99138,,,24000,9,,False
2016,Ford,f-150,lariat,8,flex,85813,,,23000,10,,False
2016,Ford,f-150,xlt,8,flex,280188,,,7200,10,,False
2022,Ford,f-150,lariat,6,gasoline,60254,,,43600,4,,False
2022,Ford,f-150,xlt,6,gasoline,79641,,,38000,4,,False
2022,Ford,f-150,lariat,6,gasoline,26745,,,49250,4,,False
2023,Ford,f-150,xlt,6,gasoline,52891,,,41000,3,,False
2022,Ford,f-150,lariat,6,hybrid,81500,,,48900,4,,False
2023,Ford,f-150,xlt,6,hybrid,76114,,,38500,3,,False
2022,Ford,f-150,xlt,6,hybrid,54474,,,47000,4,,False
2022,Ford,f-150,xlt,6,hybrid,72915,,,43200,4,,False
2023,Ford,f-150,platinum,6,hybrid,61418,,,62000,3,,False
2022,Ford,f-150,xlt,6,hybrid,114904,,,28500,4,,False
2023,Ford,f-150,xlt,6,hybrid,62196,,,40000,3,,False
2021,Ford,f-150,lariat,6,hybrid,56709,,,49600,5,,False
2022,Ford,f-150,xlt,8,flex,71486,,,38300,4,,False
2022,Ford,f-150,platinum,8,flex,102736,,,54250,4,,False
2019,Ford,f-150,xlt,8,flex,133872,,,21200,7,,False
2020,Ford,f-150,xlt,8,flex,82639,,,37200,6,,False
2022,Ford,f-150,xlt,8,flex,55971,,,38250,4,,False
2023,Ford,f-150,lariat,8,flex,59802,,,55250,3,,False
2021,Ford,f-150,xlt,8,flex,80238,,,43000,5,,False
2022,Ford,f-150,xlt,8,flex,144111,,,25000,4,,False
2021,Ford,f-150,xlt,8,flex,192999,,,15000,5,,False
2021,Ford,f-150,xlt,8,flex,74132,,,33800,5,,False
2022,Ford,f-150,xlt,8,flex,57232,,,33700,4,,False
2023,Ford,f-150,lariat,6,gasoline,52431,,,53750,3,,False
2023,Ford,f-150,lariat,6,gasoline,25318,,,53750,3,,False
2024,Ford,f-150,no_mention,6,gasoline,59456,,,43500,2,,False
2024,Ford,f-150,xlt,6,gasoline,22432,,,53750,2,,False
2019,Ford,f-150,xlt,6,flex,223075,,,8800,7,,False
2018,Ford,f-150,xlt,6,flex,275102,,,3800,8,,False
2019,Ford,f-150,xl,6,gasoline,119604,,,13500,7,,False
2022,Ford,f-150,xl,6,gasoline,168885,,,11300,4,,False
2022,Ford,f-150,xl,6,gasoline,131507,,,13000,4,,False
2021,Ford,f-150,xlt,6,flex,276997,,,11300,5,,False
2021,Ford,f-150,xlt,6,gasoline,63100,,,28500,5,,False
2019,Ford,f-150,xlt,6,gasoline,116835,,,22500,7,,False
2013,Ford,f-150,limited,6,gasoline,119060,,,16100,13,,False
2024,Ford,f-150,lariat,6,gasoline,31720,,,66000,2,,False
2024,Ford,f-150,lariat,6,hybrid,26416,,,61700,2,,False
2025,Ford,f-150,king ranch,6,hybrid,16704,,,83250,1,,False
2020,Ford,f-150,xl,6,gasoline,268643,,,3800,6,,False
2021,Ford,f-150,xlt,6,gasoline,36068,,,41000,5,,False
2017,Ford,f-150,xlt,8,flex,143093,,,13700,9,,False
2021,Ford,f-150,lariat,6,gasoline,93759,,,43000,5,,False
2023,Ford,f-150,xlt,6,gasoline,38784,,,48100,3,,False
2022,Ford,f-150,xlt,6,gasoline,107957,,,34000,4,,False
2023,Ford,f-150,lariat,6,gasoline,62841,,,55100,3,,False
2023,Ford,f-150,lariat,6,gasoline,71983,,,49000,3,,False
2023,Ford,f-150,xlt,6,gasoline,82374,,,31500,3,,False
2023,Ford,f-150,xlt,6,gasoline,192791,,,23900,3,,False
2023,Ford,f-150,xlt,6,gasoline,45524,,,43600,3,,False
2023,Ford,f-150,xlt,6,gasoline,117177,,,37500,3,,False
2022,Ford,f-150,xlt,8,flex,169882,,,27500,4,,False
2021,Ford,f-150,no_mention,6,gasoline,73341,,,40100,5,,False
2023,Ford,f-150,tremor,6,gasoline,21552,,,62200,3,,False
2016,Ford,f-150,no_mention,8,flex,182844,,,8000,10,,False
2020,Ford,f-150,xlt,8,flex,117676,,,26100,6,,False
2015,Ford,f-150,xlt,8,flex,219342,,,12000,11,,False
2021,Ford,f-150,no_mention,6,gasoline,113535,,,39000,5,,False
2021,Ford,f-150,no_mention,6,gasoline,159966,,,28600,5,,False
2012,Ford,f-150,xlt,6,gasoline,207617,,,7000,14,,False
2012,Ford,f-150,lariat,6,gasoline,213823,,,9500,14,,False
2011,Ford,f-150,no_mention,8,flex,91181,,,5700,15,,False
2017,Ford,f-150,no_mention,8,flex,152620,,,20700,9,,False
2022,Ford,f-150,raptor,6,gasoline,50900,,,83600,4,,False
2024,Ford,f-150,no_mention,6,gasoline,58303,,,45000,2,,False
2020,Ford,f-150,xlt,8,flex,165099,,,18500,6,,False
2023,Ford,f-150,xlt,6,gasoline,50078,,,42700,3,,False
2022,Ford,f-150,xlt,6,gasoline,58622,,,36000,4,,False
2023,Ford,f-150,lariat,6,gasoline,62366,,,48400,3,,False
2023,Ford,f-150,xlt,6,gasoline,36469,,,46000,3,,False
2021,Ford,f-150,lariat,6,gasoline,97161,,,37200,5,,False
2022,Ford,f-150,xlt,6,gasoline,87505,,,30800,4,,False
2023,Ford,f-150,xlt,6,gasoline,31991,,,39000,3,,False
2023,Ford,f-150,lariat,6,gasoline,38530,,,53200,3,,False
2023,Ford,f-150,xlt,6,gasoline,57856,,,43200,3,,False
2023,Ford,f-150,lariat,6,gasoline,29379,,,55400,3,,False
2023,Ford,f-150,lariat,6,gasoline,28600,,,51600,3,,False
2023,Ford,f-150,lariat,6,gasoline,49459,,,53400,3,,False
2021,Ford,f-150,xl,6,gasoline,47616,,,25400,5,,False
2023,Ford,f-150,xlt,6,gasoline,28148,,,45400,3,,False
2023,Ford,f-150,xl,6,gasoline,56449,,,36500,3,,False
2023,Ford,f-150,xlt,6,gasoline,49401,,,44000,3,,False
2023,Ford,f-150,lariat,6,gasoline,47738,,,51800,3,,False
2023,Ford,f-150,lariat,6,gasoline,56339,,,48000,3,,False
2022,Ford,f-150,xlt,6,gasoline,69177,,,31400,4,,False
2023,Ford,f-150,lariat,6,gasoline,27121,,,53600,3,,False
2023,Ford,f-150,xlt,6,gasoline,44708,,,42200,3,,False
2023,Ford,f-150,lariat,6,gasoline,43020,,,53800,3,,False
2023,Ford,f-150,lariat,6,gasoline,50214,,,44000,3,,False
2023,Ford,f-150,xlt,6,gasoline,31540,,,48200,3,,False
2022,Ford,f-150,xlt,6,gasoline,52571,,,34000,4,,False
2022,Ford,f-150,lariat,6,gasoline,56038,,,35400,4,,False
2023,Ford,f-150,lariat,6,gasoline,37155,,,47200,3,,False
2023,Ford,f-150,lariat,6,gasoline,32133,,,51600,3,,False
2023,Ford,f-150,lariat,6,gasoline,30294,,,52000,3,,False
2023,Ford,f-150,lariat,6,gasoline,28791,,,55000,3,,False
2023,Ford,f-150,lariat,6,gasoline,35701,,,54600,3,,False
2023,Ford,f-150,no_mention,6,gasoline,33643,,,36500,3,,False
2023,Ford,f-150,lariat,6,gasoline,24823,,,54200,3,,False
2023,Ford,f-150,xlt,6,gasoline,16672,,,48200,3,,False
2023,Ford,f-150,lariat,6,gasoline,52263,,,51200,3,,False
2023,Ford,f-150,xlt,6,gasoline,41827,,,41000,3,,False
2023,Ford,f-150,xlt,6,gasoline,42784,,,44200,3,,False
2023,Ford,f-150,lariat,6,gasoline,34625,,,46600,3,,False
2023,Ford,f-150,xlt,6,gasoline,30494,,,45000,3,,False
2023,Ford,f-150,xl,6,gasoline,38153,,,41000,3,,False
2023,Ford,f-150,lariat,6,gasoline,28231,,,44000,3,,False
2023,Ford,f-150,xlt,6,gasoline,20679,,,47000,3,,False
2023,Ford,f-150,lariat,6,gasoline,31784,,,52600,3,,False
2023,Ford,f-150,lariat,6,gasoline,29617,,,54400,3,,False
2023,Ford,f-150,lariat,6,gasoline,30204,,,50000,3,,False
2023,Ford,f-150,lariat,6,gasoline,30951,,,55600,3,,False
2023,Ford,f-150,lariat,6,gasoline,36383,,,48200,3,,False
2022,Ford,f-150,xlt,6,gasoline,59696,,,39250,4,,False
2023,Ford,f-150,lariat,6,gasoline,33147,,,56500,3,,False
2023,Ford,f-150,lariat,6,gasoline,40254,,,54600,3,,False
2023,Ford,f-150,lariat,6,gasoline,34420,,,55200,3,,False
2023,Ford,f-150,lariat,6,gasoline,40447,,,51000,3,,False
2021,Ford,f-150,lariat,6,gasoline,113943,,,34200,5,,False
2023,Ford,f-150,lariat,6,gasoline,59737,,,50800,3,,False
2022,Ford,f-150,xlt,6,gasoline,64414,,,30000,4,,False
2022,Ford,f-150,lariat,6,gasoline,74827,,,34000,4,,False
2019,Ford,f-150,lariat,6,gasoline,131573,,,34200,7,,False
2021,Ford,f-150,xlt,6,flex,58307,,,31000,5,,False
2016,Ford,f-150,xlt,8,flex,135744,,,14400,10,,False
2016,Ford,f-150,lariat,6,gasoline,178525,,,16600,10,,False
2019,Ford,f-150,xlt,6,gasoline,167262,,,15800,7,,False
2019,Ford,f-150,xlt,8,flex,143499,,,18500,7,,False
2023,Ford,f-150,lariat,6,hybrid,47835,,,52800,3,,False
2023,Ford,f-150,xlt,6,hybrid,73869,,,47400,3,,False
2023,Ford,f-150,lariat,6,hybrid,49483,,,55800,3,,False
2023,Ford,f-150,lariat,6,hybrid,34469,,,60800,3,,False
2014,Ford,f-150,xlt,8,flex,153573,,,7300,12,,False
2023,Ford,f-150,xlt,6,gasoline,41276,,,43400,3,,False
2023,Ford,f-150,xlt,6,gasoline,72522,,,35000,3,,False
2023,Ford,f-150,xlt,6,gasoline,34833,,,40800,3,,False
2023,Ford,f-150,xlt,6,gasoline,31350,,,51000,3,,False
2023,Ford,f-150,xlt,6,gasoline,23343,,,52400,3,,False
2023,Ford,f-150,lariat,6,gasoline,23829,,,60000,3,,False
2021,Ford,f-150,lariat,6,hybrid,119841,,,35000,5,,False
2022,Ford,f-150,king ranch,6,hybrid,97269,,,37500,4,,False
2023,Ford,f-150,platinum,6,hybrid,58889,,,63000,3,,False
2022,Ford,f-150,xlt,6,hybrid,112958,,,29000,4,,False
2022,Ford,f-150,xlt,8,flex,84385,,,36000,4,,False
2021,Ford,f-150,xlt,8,flex,108088,,,25400,5,,False
2023,Ford,f-150,xlt,8,flex,23192,,,42200,3,,False
2021,Ford,f-150,lariat,8,flex,117330,,,35500,5,,False
2023,Ford,f-150,xlt,8,flex,58351,,,29000,3,,False
2021,Ford,f-150,xlt,8,flex,70196,,,41000,5,,False
2022,Ford,f-150,xlt,8,flex,15295,,,36100,4,,False
2022,Ford,f-150,xlt,8,flex,79042,,,30000,4,,False
2023,Ford,f-150,lariat,8,flex,63717,,,55200,3,,False
2020,Ford,f-150,xlt,8,flex,78714,,,16200,6,,False
2023,Ford,f-150,lariat,6,gasoline,33638,,,52400,3,,False
2023,Ford,f-150,lariat,6,gasoline,32061,,,55600,3,,False
2023,Ford,f-150,lariat,6,gasoline,32567,,,51200,3,,False
2023,Ford,f-150,xlt,6,gasoline,50806,,,43600,3,,False
2023,Ford,f-150,lariat,6,gasoline,54407,,,52000,3,,False
2023,Ford,f-150,lariat,6,gasoline,57687,,,50200,3,,False
2023,Ford,f-150,lariat,6,gasoline,56381,,,53200,3,,False
2023,Ford,f-150,xlt,6,gasoline,32967,,,44800,3,,False
2023,Ford,f-150,lariat,6,gasoline,36997,,,51200,3,,False
2024,Ford,f-150,xl,6,gasoline,108962,,,25000,2,,False
2024,Ford,f-150,xl,6,gasoline,24358,,,38400,2,,False
2024,Ford,f-150,no_mention,6,gasoline,59127,,,42000,2,,False
2024,Ford,f-150,xlt,6,gasoline,48731,,,52200,2,,False
2024,Ford,f-150,xlt,6,gasoline,36296,,,54000,2,,False
2025,Ford,f-150,xlt,6,gasoline,16613,,,62250,1,,False
2021,Ford,f-150,xlt,6,flex,75051,,,20000,5,,False
2020,Ford,f-150,xlt,6,flex,263775,,,6100,6,,False
2023,Ford,f-150,xlt,6,flex,225407,,,16900,3,,False
2016,Ford,f-150,xlt,6,gasoline,187245,,,9000,10,,False
2020,Ford,f-150,raptor,6,gasoline,272490,,,30750,6,,False
2024,Ford,f-150,xlt,6,gasoline,7351,,,54000,2,,False
2024,Ford,f-150,xlt,6,gasoline,14962,,,62200,2,,False
2024,Ford,f-150,xlt,6,gasoline,22937,,,55000,2,,False
2024,Ford,f-150,xlt,6,gasoline,21674,,,51200,2,,False
2024,Ford,f-150,xlt,6,gasoline,31347,,,47400,2,,False
2024,Ford,f-150,xlt,6,gasoline,10987,,,53500,2,,False
2025,Ford,f-150,xlt,6,gasoline,19742,,,53600,1,,False
2024,Ford,f-150,xlt,6,gasoline,53859,,,48600,2,,False
2025,Ford,f-150,xlt,6,gasoline,26000,,,53000,1,,False
2024,Ford,f-150,xlt,6,gasoline,39270,,,52400,2,,False
2024,Ford,f-150,xlt,6,hybrid,18801,,,60000,2,,False
2024,Ford,f-150,lariat,6,gasoline,29140,,,58000,2,,False
2024,Ford,f-150,lariat,6,hybrid,32432,,,71200,2,,False
2024,Ford,f-150,lariat,6,hybrid,26444,,,53000,2,,False
2025,Ford,f-150,platinum,6,gasoline,10475,,,91000,1,,False
2025,Ford,f-150,platinum,6,hybrid,24093,,,90500,1,,False
2021,Ford,f-150,xlt,8,flex,213091,,,13000,5,,False
2018,Ford,f-150,xlt,8,flex,252732,,,3200,8,,False
2021,Ford,f-150,lariat,6,gasoline,105804,,,33800,5,,False
2022,Ford,f-150,xlt,6,gasoline,94004,,,32200,4,,False
2023,Ford,f-150,xlt,6,gasoline,92544,,,33500,3,,False
2023,Ford,f-150,xlt,6,gasoline,60110,,,43800,3,,False
2023,Ford,f-150,xlt,6,gasoline,55286,,,41200,3,,False
2023,Ford,f-150,xlt,6,gasoline,36880,,,50000,3,,False
2023,Ford,f-150,xlt,6,gasoline,34037,,,39000,3,,False
2023,Ford,f-150,lariat,6,gasoline,34447,,,58600,3,,False
2023,Ford,f-150,xlt,6,gasoline,44842,,,50600,3,,False
2023,Ford,f-150,xlt,6,gasoline,74166,,,40400,3,,False
2022,Ford,f-150,lariat,6,gasoline,194871,,,16000,4,,False
2022,Ford,f-150,xlt,6,gasoline,169593,,,17400,4,,False
2023,Ford,f-150,xlt,6,gasoline,59226,,,43750,3,,False
2023,Ford,f-150,lariat,6,gasoline,38923,,,57000,3,,False
2023,Ford,f-150,lariat,6,gasoline,45919,,,55600,3,,False
2023,Ford,f-150,xlt,6,gasoline,29061,,,43000,3,,False
2023,Ford,f-150,xlt,6,gasoline,36593,,,44600,3,,False
2023,Ford,f-150,xl,6,gasoline,88928,,,39000,3,,False
2022,Ford,f-150,xlt,6,gasoline,162082,,,22000,4,,False
2023,Ford,f-150,xlt,6,gasoline,31871,,,41800,3,,False
2023,Ford,f-150,xlt,6,gasoline,80957,,,35250,3,,False
2023,Ford,f-150,xlt,6,gasoline,27623,,,43000,3,,False
2023,Ford,f-150,lariat,6,gasoline,92802,,,48200,3,,False
2023,Ford,f-150,xlt,6,gasoline,33366,,,50000,3,,False
2023,Ford,f-150,lariat,6,gasoline,38269,,,55000,3,,False
2023,Ford,f-150,xlt,6,gasoline,25719,,,51200,3,,False
2023,Ford,f-150,xlt,6,gasoline,80727,,,37500,3,,False
2023,Ford,f-150,lariat,6,gasoline,70343,,,49000,3,,False
2020,Ford,f-150,no_mention,6,gasoline,190768,,,21000,6,,False
2024,Ford,f-150,xlt,6,gasoline,46459,,,53100,2,,False
2023,Ford,f-150,no_mention,6,gasoline,25801,,,52500,3,,False
2018,Ford,f-150,no_mention,8,flex,291667,,,13000,8,,False
2022,Ford,f-150,xlt,6,gasoline,55168,,,45500,4,,False
2024,Ford,f-150,no_mention,6,gasoline,53356,,,42200,2,,False
2019,Ford,f-150,no_mention,6,gasoline,154819,,,20600,7,,False
2022,Ford,f-150,lariat,6,gasoline,106598,,,33500,4,,False
2016,Ford,f-150,lariat,8,flex,126286,,,26000,10,,False
2020,Ford,f-150,xlt,6,gasoline,238447,,,16200,6,,False
2015,Ford,f-150,no_mention,6,gasoline,228712,,,9100,11,,False
2024,Ford,f-150,lariat,6,gasoline,37000,,,67000,2,,False
2018,Ford,f-150,xlt,6,gasoline,213719,,,16100,8,,False
2022,Ford,f-150,platinum,6,gasoline,59325,,,54200,4,,False
2020,Ford,f-150,no_mention,8,flex,81369,,,34900,6,,False
2018,Ford,f-150,no_mention,8,flex,223929,,,12800,8,,False
2023,Ford,f-150,limited,6,hybrid,36988,,,68500,3,,False
2017,Ford,f-150,no_mention,6,gasoline,155168,,,24500,9,,False
2015,Ford,f-150,lariat,6,gasoline,165871,,,16000,11,,False
2021,Ford,f-150,xlt,6,flex,180849,,,13000,5,,False
2012,Ford,f-150,fx4,8,flex,182245,,,3350,14,,False
2020,Ford,f-150,xlt,6,gasoline,176534,,,15000,6,,False
2023,Ford,f-150,xlt,6,gasoline,59306,,,36900,3,,False
2017,Ford,f-150,xlt,6,gasoline,242533,,,10000,9,,False
2018,Ford,f-150,xlt,6,gasoline,168121,,,18400,8,,False
2019,Ford,f-150,no_mention,6,gasoline,200078,,,10000,7,,False
2015,Ford,f-150,xlt,6,flex,289397,,,5900,11,,False
2022,Ford,f-150,lariat,6,hybrid,68368,,,44000,4,,False
2019,Ford,f-150,xlt,8,flex,196096,,,10600,7,,False
2019,Ford,f-150,platinum,6,diesel,171088,,,27200,7,,False
2022,Ford,f-150,no_mention,6,gasoline,53314,,,52900,4,,False
2018,Ford,f-150,no_mention,8,flex,90603,,,23000,8,,False
2022,Ford,f-150,xlt,6,gasoline,63120,,,36000,4,,False
2023,Ford,f-150,tremor,6,gasoline,89242,,,57100,3,,False
2019,Ford,f-150,lariat,8,flex,196739,,,20000,7,,False
2022,Ford,f-150,no_mention,6,gasoline,68989,,,43500,4,,False
2021,Ford,f-150,no_mention,6,gasoline,141368,,,31000,5,,False
2019,Ford,f-150,xlt,6,gasoline,85900,,,30800,7,,False
2013,Ford,f-150,no_mention,6,gasoline,115455,,,15900,13,,False
2022,Ford,f-150,lariat,6,gasoline,105029,,,40500,4,,False
2021,Ford,f-150,no_mention,6,gasoline,84159,,,36200,5,,False
2022,Ford,f-150,no_mention,6,gasoline,93658,,,32500,4,,False
2018,Ford,f-150,xlt,8,flex,118570,,,24000,8,,False
2023,Ford,f-150,xlt,6,gasoline,64389,,,40800,3,,False
2018,Ford,f-150,xlt,6,flex,220710,,,10400,8,,False
2021,Ford,f-150,xlt,6,gasoline,57981,,,35600,5,,False
2023,Ford,f-150,xlt,6,gasoline,71369,,,44500,3,,False
2020,Ford,f-150,no_mention,6,gasoline,179296,,,19200,6,,False
2022,Ford,f-150,lariat,6,gasoline,97371,,,43700,4,,False
2024,Ford,f-150,no_mention,6,gasoline,17100,,,47600,2,,False
2021,Ford,f-150,lariat,8,flex,55941,,,48300,5,,False
2022,Ford,f-150,lariat,6,gasoline,68169,,,44700,4,,False
2023,Ford,f-150,lariat,6,gasoline,38451,,,53600,3,,False
2022,Ford,f-150,xlt,6,gasoline,116661,,,34750,4,,False
2018,Ford,f-150,xlt,6,gasoline,92415,,,22100,8,,False
2019,Ford,f-150,lariat,6,gasoline,242080,,,16750,7,,False
2019,Ford,f-150,platinum,6,gasoline,187056,,,21100,7,,False
2020,Ford,f-150,xlt,6,flex,155585,,,20600,6,,False
2023,Ford,f-150,xlt,6,flex,104028,,,26700,3,,False
2020,Ford,f-150,xlt,6,flex,128507,,,20700,6,,False
2015,Ford,f-150,lariat,6,gasoline,198266,,,16400,11,,False
2022,Ford,f-150,platinum,6,hybrid,76801,,,45800,4,,False
2014,Ford,f-150,xlt,8,flex,240078,,,6400,12,,False
2023,Ford,f-150,xlt,8,flex,134819,,,33250,3,,False
2021,Ford,f-150,xlt,8,flex,207947,,,16900,5,,False
2020,Ford,f-150,xlt,6,gasoline,213957,,,14200,6,,False
2019,Ford,f-150,xlt,6,gasoline,132541,,,23200,7,,False
2020,Ford,f-150,xlt,6,gasoline,199678,,,19500,6,,False
2020,Ford,f-150,xlt,6,gasoline,123626,,,24000,6,,False
2013,Ford,f-150,limited,6,gasoline,298721,,,6500,13,,False
2024,Ford,f-150,xlt,8,gasoline,53143,,,47500,2,,False
2025,Ford,f-150,xlt,6,gasoline,15253,,,41750,1,,False
2022,Ford,f-150,xlt,6,gasoline,145763,,,23000,4,,False
2023,Ford,f-150,xlt,6,gasoline,75687,,,29000,3,,False
2013,Ford,f-150,no_mention,6,gasoline,223567,,,10700,13,,False
2018,Ford,f-150,xlt,6,gasoline,200959,,,13000,8,,False
2024,Ford,f-150,xlt,6,gasoline,12655,,,55000,2,,False
2020,Ford,f-150,no_mention,8,flex,235943,,,14000,6,,False
2018,Ford,f-150,xlt,8,flex,60345,,,29800,8,,False
2023,Ford,f-150,no_mention,6,gasoline,90468,,,57600,3,,False
2022,Ford,f-150,xlt,6,gasoline,106452,,,33500,4,,False
2022,Ford,f-150,no_mention,8,flex,23991,,,46000,4,,False
2018,Ford,f-150,raptor,6,gasoline,139863,,,41000,8,,False
2016,Ford,f-150,no_mention,6,gasoline,196750,,,15300,10,,False
2023,Ford,f-150,xlt,6,gasoline,44201,,,46800,3,,False
2018,Ford,f-150,no_mention,6,gasoline,190288,,,16000,8,,False
2021,Ford,f-150,king ranch,6,gasoline,94773,,,33200,5,,False
2022,Ford,f-150,lariat,6,gasoline,64672,,,41400,4,,False
2021,Ford,f-150,xlt,6,gasoline,94410,,,28500,5,,False
2021,Ford,f-150,xlt,6,gasoline,134148,,,30250,5,,False
2023,Ford,f-150,xlt,6,gasoline,29493,,,48000,3,,False
2018,Ford,f-150,xlt,6,gasoline,146104,,,21100,8,,False
2020,Ford,f-150,xlt,6,gasoline,71944,,,29250,6,,False
2016,Ford,f-150,xlt,6,gasoline,118086,,,16000,10,,False
2018,Ford,f-150,lariat,6,gasoline,134008,,,23000,8,,False
2022,Ford,f-150,lariat,6,gasoline,48210,,,43250,4,,False
2020,Ford,f-150,xlt,6,gasoline,136529,,,23100,6,,False
2021,Ford,f-150,lariat,6,gasoline,88927,,,40000,5,,False
2018,Ford,f-150,xlt,8,flex,187131,,,9200,8,,False
2019,Ford,f-150,xlt,6,flex,184927,,,8000,7,,False
2021,Ford,f-150,xlt,6,flex,107151,,,27500,5,,False
2021,Ford,f-150,xlt,6,flex,114870,,,22500,5,,False
2017,Ford,f-150,xlt,8,flex,219687,,,13100,9,,False
2018,Ford,f-150,lariat,6,gasoline,175829,,,18800,8,,False
2018,Ford,f-150,xlt,6,gasoline,228078,,,9900,8,,False
2022,Ford,f-150,xlt,6,gasoline,73168,,,33400,4,,False
2022,Ford,f-150,xlt,6,gasoline,88201,,,27200,4,,False
2017,Ford,f-150,xlt,8,flex,269105,,,3700,9,,False
2018,Ford,f-150,xl,6,gasoline,200433,,,6000,8,,False
2017,Ford,f-150,xlt,6,flex,298700,,,4000,9,,False
2015,Ford,f-150,xlt,8,flex,218678,,,8000,11,,False
2015,Ford,f-150,xlt,8,flex,262900,,,5200,11,,False
2022,Ford,f-150,xlt,6,gasoline,133159,,,28100,4,,False
2023,Ford,f-150,xlt,6,gasoline,44208,,,38200,3,,False
2022,Ford,f-150,lariat,6,hybrid,63952,,,43600,4,,False
2021,Ford,f-150,xlt,8,flex,184014,,,19750,5,,False
2019,Ford,f-150,xlt,8,flex,62870,,,29300,7,,False
2021,Ford,f-150,xlt,8,flex,172654,,,27100,5,,False
2021,Ford,f-150,xlt,8,flex,241246,,,14800,5,,False
2021,Ford,f-150,king ranch,8,flex,171529,,,36500,5,,False
2023,Ford,f-150,xlt,8,flex,34999,,,42000,3,,False
2024,Ford,f-150,no_mention,6,gasoline,53964,,,39300,2,,False
2021,Ford,f-150,xlt,6,gasoline,184159,,,15500,5,,False
2021,Ford,f-150,xlt,6,flex,139663,,,24500,5,,False
2021,Ford,f-150,xlt,6,flex,292297,,,10000,5,,False
2021,Ford,f-150,xlt,6,gasoline,279667,,,11000,5,,False
2021,Ford,f-150,xlt,6,hybrid,114193,,,28750,5,,False
2020,Ford,f-150,xlt,6,gasoline,90482,,,30500,6,,False
2020,Ford,f-150,xlt,6,gasoline,270093,,,9500,6,,False
2018,Ford,f-150,xlt,6,gasoline,114933,,,22800,8,,False
2018,Ford,f-150,xlt,6,gasoline,159291,,,13600,8,,False
2015,Ford,f-150,xlt,6,gasoline,213042,,,8700,11,,False
2018,Ford,f-150,lariat,6,gasoline,292582,,,6500,8,,False
2014,Ford,f-150,xlt,6,gasoline,152402,,,12500,12,,False
2024,Ford,f-150,xlt,8,gasoline,26431,,,50500,2,,False
2024,Ford,f-150,xlt,6,gasoline,20716,,,55500,2,,False
2024,Ford,f-150,xlt,6,hybrid,22407,,,56600,2,,False
2020,Ford,f-150,xlt,6,gasoline,113940,,,21250,6,,False
2022,Ford,f-150,xlt,6,gasoline,192033,,,17800,4,,False
2021,Ford,f-150,xlt,6,gasoline,169111,,,19500,5,,False
2023,Ford,f-150,xlt,6,gasoline,212087,,,20500,3,,False
2022,Ford,f-150,lariat,6,gasoline,66566,,,50000,4,,False
2021,Ford,f-150,xlt,6,gasoline,72900,,,42600,5,,False
2023,Ford,f-150,xlt,6,gasoline,40467,,,41200,3,,False
2021,Ford,f-150,lariat,6,gasoline,197307,,,26750,5,,False
2023,Ford,f-150,lariat,6,gasoline,59707,,,56500,3,,False
2021,Ford,f-150,no_mention,6,gasoline,147461,,,17100,5,,False
2024,Ford,f-150,lariat,6,gasoline,19250,,,68000,2,,False
2023,Ford,f-150,no_mention,6,gasoline,77186,,,55500,3,,False
2018,Ford,f-150,lariat,6,gasoline,94330,,,31900,8,,False
2016,Ford,f-150,xlt,6,gasoline,82683,,,16500,10,,False
2023,Ford,f-150,raptor,6,gasoline,38303,,,86100,3,,False
2021,Ford,f-150,xlt,6,gasoline,87645,,,37000,5,,False
2018,Ford,f-150,xlt,8,flex,118970,,,5500,8,,False
2021,Ford,f-150,lariat,6,gasoline,93915,,,36000,5,,False
2021,Ford,f-150,no_mention,8,flex,107694,,,34700,5,,False
2022,Ford,f-150,lariat,6,gasoline,68704,,,48200,4,,False
2014,Ford,f-150,no_mention,6,gasoline,119310,,,10000,12,,False
2025,Ford,f-150,xlt,6,gasoline,12500,,,52000,1,,False
2019,Ford,f-150,xlt,6,gasoline,176215,,,17500,7,,False
2021,Ford,f-150,lariat,6,gasoline,145248,,,35500,5,,False
2023,Ford,f-150,lariat,6,gasoline,94885,,,46100,3,,False
2016,Ford,f-150,no_mention,6,gasoline,260620,,,9400,10,,False
2023,Ford,f-150,lariat,8,flex,52681,,,53500,3,,False
2024,Ford,f-150,no_mention,6,gasoline,25296,,,47400,2,,False
2025,Ford,f-150,tremor,6,gasoline,15000,,,70500,1,,False
2024,Ford,f-150,tremor,6,gasoline,68998,,,63900,2,,False
2023,Ford,f-150,no_mention,6,hybrid,34000,,,59600,3,,False
2010,Ford,f-150,no_mention,8,flex,205517,,,5400,16,,False
2024,Ford,f-150,lariat,6,hybrid,12064,,,68800,2,,False
2023,Ford,f-150,no_mention,6,hybrid,68708,,,53700,3,,False
2024,Ford,f-150,xlt,6,gasoline,30425,,,54600,2,,False
2023,Ford,f-150,lariat,6,gasoline,42602,,,48500,3,,False
2024,Ford,f-150,tremor,6,gasoline,31567,,,64700,2,,False
2024,Ford,f-150,xlt,6,gasoline,50432,,,51500,2,,False
2024,Ford,f-150,lariat,6,hybrid,50726,,,63000,2,,False
2023,Ford,f-150,lariat,6,gasoline,32771,,,54800,3,,False
2023,Ford,f-150,lariat,6,gasoline,35637,,,54600,3,,False
2023,Ford,f-150,lariat,6,gasoline,37587,,,55200,3,,False
2021,Ford,f-150,xlt,6,gasoline,41724,,,31000,5,,False
2023,Ford,f-150,xlt,6,gasoline,54840,,,40900,3,,False
2023,Ford,f-150,xlt,6,gasoline,29457,,,45000,3,,False
2023,Ford,f-150,lariat,6,gasoline,28486,,,54800,3,,False
2023,Ford,f-150,xlt,6,gasoline,33881,,,43200,3,,False
2021,Ford,f-150,xl,6,gasoline,168751,,,17000,5,,False
2020,Ford,f-150,xlt,6,gasoline,87431,,,24000,6,,False
2023,Ford,f-150,lariat,6,gasoline,35084,,,54200,3,,False
2023,Ford,f-150,lariat,6,gasoline,27490,,,55600,3,,False
2020,Ford,f-150,xlt,6,gasoline,126228,,,24600,6,,False
2019,Ford,f-150,lariat,6,gasoline,138189,,,24600,7,,False
2020,Ford,f-150,xlt,8,flex,139446,,,23200,6,,False
2023,Ford,f-150,tremor,6,gasoline,35262,,,68250,3,,False
2023,Ford,f-150,tremor,6,gasoline,38916,,,65750,3,,False
2023,Ford,f-150,tremor,6,gasoline,20912,,,66500,3,,False
2022,Ford,f-150,xlt,6,flex,96062,,,28100,4,,False
2022,Ford,f-150,xlt,6,flex,85789,,,28100,4,,False
2022,Ford,f-150,xlt,6,flex,99521,,,28100,4,,False
2021,Ford,f-150,xlt,6,flex,100800,,,26000,5,,False
2022,Ford,f-150,xlt,6,flex,126647,,,24800,4,,False
2022,Ford,f-150,xlt,6,flex,80710,,,29000,4,,False
2016,Ford,f-150,xlt,8,flex,177566,,,22000,10,,False
2021,Ford,f-150,lariat,6,gasoline,66760,,,38750,5,,False
2023,Ford,f-150,xl,6,flex,90859,,,22200,3,,False
2018,Ford,f-150,xl,6,flex,148213,,,8250,8,,False
2020,Ford,f-150,xl,6,flex,150733,,,10000,6,,False
2015,Ford,f-150,xlt,8,flex,171722,,,15600,11,,False
2011,Ford,f-150,xl,8,flex,111830,,,6000,15,,False
2021,Ford,f-150,lariat,6,gasoline,89697,,,44600,5,,False
2022,Ford,f-150,xlt,6,gasoline,47820,,,46250,4,,False
2023,Ford,f-150,lariat,6,gasoline,128194,,,39600,3,,False
2023,Ford,f-150,xlt,6,gasoline,92285,,,33000,3,,False
2022,Ford,f-150,xlt,6,hybrid,109562,,,28250,4,,False
2023,Ford,f-150,lariat,6,hybrid,104782,,,48700,3,,False
2021,Ford,f-150,xlt,8,flex,176278,,,16500,5,,False
2021,Ford,f-150,xlt,8,flex,15377,,,51500,5,,False
2021,Ford,f-150,xlt,8,flex,140280,,,28500,5,,False
2021,Ford,f-150,xlt,8,flex,80822,,,31250,5,,False
2021,Ford,f-150,lariat,8,flex,231883,,,19600,5,,False
2018,Ford,f-150,xlt,8,flex,131602,,,22000,8,,False
2021,Ford,f-150,lariat,8,flex,75321,,,47300,5,,False
2023,Ford,f-150,xlt,8,flex,11155,,,49500,3,,False
2023,Ford,f-150,lariat,6,gasoline,25850,,,54800,3,,False
2023,Ford,f-150,xlt,6,gasoline,97490,,,42250,3,,False
2024,Ford,f-150,no_mention,6,gasoline,11730,,,49600,2,,False
2024,Ford,f-150,xlt,6,gasoline,18367,,,57250,2,,False
2024,Ford,f-150,xlt,6,gasoline,91662,,,45500,2,,False
2019,Ford,f-150,xlt,6,flex,281510,,,6000,7,,False
2019,Ford,f-150,xlt,6,gasoline,188311,,,5200,7,,False
2018,Ford,f-150,lariat,6,gasoline,175652,,,16300,8,,False
2014,Ford,f-150,king ranch,6,gasoline,174212,,,10952,12,,False
2024,Ford,f-150,raptor,8,gasoline,44659,,,138000,2,,False
2025,Ford,f-150,raptor,8,gasoline,12112,,,167500,1,,False
2024,Ford,f-150,xlt,8,gasoline,29671,,,52750,2,,False
2024,Ford,f-150,xlt,8,gasoline,50666,,,57000,2,,False
2024,Ford,f-150,lariat,6,gasoline,19503,,,70000,2,,False
2022,Ford,f-150,xlt,8,flex,73124,,,32600,4,,False
2023,Ford,f-150,xlt,6,gasoline,31320,,,52200,3,,False
2023,Ford,f-150,xlt,6,gasoline,44301,,,49750,3,,False
2022,Ford,f-150,xlt,6,gasoline,210734,,,17100,4,,False
2022,Ford,f-150,limited,6,gasoline,87964,,,48000,4,,False
2023,Ford,f-150,xlt,6,gasoline,60453,,,46500,3,,False
2023,Ford,f-150,lariat,6,gasoline,61857,,,52750,3,,False
2023,Ford,f-150,xl,6,gasoline,56634,,,58000,3,,False
2021,Ford,f-150,xlt,6,gasoline,37316,,,43250,5,,False
2022,Ford,f-150,xlt,6,gasoline,65256,,,34200,4,,False
2023,Ford,f-150,lariat,6,gasoline,91369,,,49750,3,,False
2023,Ford,f-150,xlt,6,gasoline,53903,,,49000,3,,False
2021,Ford,f-150,lariat,6,gasoline,103020,,,38500,5,,False
2016,Ford,f-150,xlt,6,gasoline,225949,,,8500,10,,False
2017,Ford,f-150,no_mention,8,flex,170623,,,18100,9,,False
2015,Ford,f-150,xlt,6,gasoline,46005,,,16900,11,,False
2019,Ford,f-150,xlt,6,gasoline,111933,,,18500,7,,False
2014,Ford,f-150,no_mention,8,flex,202244,,,14500,12,,False
2017,Ford,f-150,limited,6,gasoline,194029,,,20100,9,,False
2014,Ford,f-150,no_mention,6,gasoline,254380,,,5000,12,,False
2020,Ford,f-150,xlt,6,gasoline,248505,,,12500,6,,False
2016,Ford,f-150,lariat,8,flex,236546,,,14600,10,,False
2020,Ford,f-150,xlt,6,gasoline,255224,,,8000,6,,False
2021,Ford,f-150,lariat,8,flex,39050,,,53800,5,,False
2022,Ford,f-150,xlt,6,gasoline,90005,,,34100,4,,False
2022,Ford,f-150,xlt,6,hybrid,87620,,,38300,4,,False
2024,Ford,f-150,xlt,6,gasoline,60157,,,49600,2,,False
2022,Ford,f-150,king ranch,6,gasoline,33902,,,37100,4,,False
2024,Ford,f-150,lariat,6,hybrid,42598,,,68500,2,,False
2021,Ford,f-150,xlt,8,flex,149981,,,26500,5,,False
2023,Ford,f-150,tremor,6,gasoline,49653,,,63000,3,,False
2023,Ford,f-150,xlt,8,flex,67139,,,44300,3,,False
2018,Ford,f-150,no_mention,6,gasoline,167589,,,23300,8,,False
2014,Ford,f-150,no_mention,8,flex,171981,,,11700,12,,False
2023,Ford,f-150,xlt,6,gasoline,37671,,,47700,3,,False
2024,Ford,f-150,xlt,8,gasoline,8809,,,56400,2,,False
2018,Ford,f-150,xlt,8,flex,224969,,,13900,8,,False
2022,Ford,f-150,no_mention,8,flex,67619,,,52400,4,,False
2022,Ford,f-150,no_mention,8,flex,43690,,,57300,4,,False
2021,Ford,f-150,xlt,6,gasoline,58191,,,37700,5,,False
2011,Ford,f-150,xlt,8,flex,208533,,,3400,15,,False
2015,Ford,f-150,xlt,6,flex,183500,,,13200,11,,False
2021,Ford,f-150,xlt,6,gasoline,97739,,,34800,5,,False
2022,Ford,f-150,xlt,6,gasoline,24436,,,33600,4,,False
2023,Ford,f-150,lariat,6,gasoline,39855,,,53600,3,,False
2023,Ford,f-150,lariat,6,gasoline,46718,,,53800,3,,False
2023,Ford,f-150,lariat,6,gasoline,61272,,,49200,3,,False
2023,Ford,f-150,lariat,6,gasoline,35174,,,55400,3,,False
2023,Ford,f-150,lariat,6,gasoline,52437,,,51000,3,,False
2023,Ford,f-150,lariat,6,gasoline,46962,,,54200,3,,False
2023,Ford,f-150,lariat,6,gasoline,32818,,,54800,3,,False
2023,Ford,f-150,xl,6,gasoline,49629,,,38000,3,,False
2023,Ford,f-150,lariat,6,gasoline,17460,,,56200,3,,False
2022,Ford,f-150,lariat,6,gasoline,51383,,,49600,4,,False
2022,Ford,f-150,xlt,6,gasoline,66321,,,41600,4,,False
2023,Ford,f-150,xlt,6,gasoline,58347,,,43400,3,,False
2023,Ford,f-150,xlt,6,gasoline,36612,,,34200,3,,False
2023,Ford,f-150,lariat,6,gasoline,53324,,,53000,3,,False
2020,Ford,f-150,xlt,6,gasoline,159060,,,19800,6,,False
2023,Ford,f-150,xlt,6,gasoline,68908,,,37000,3,,False
2023,Ford,f-150,xlt,6,gasoline,30364,,,40400,3,,False
2023,Ford,f-150,xlt,6,gasoline,27366,,,39200,3,,False
2023,Ford,f-150,lariat,6,gasoline,60928,,,49200,3,,False
2023,Ford,f-150,xlt,6,gasoline,26558,,,47200,3,,False
2023,Ford,f-150,xlt,6,gasoline,23042,,,47400,3,,False
2023,Ford,f-150,xlt,6,gasoline,39093,,,47000,3,,False
2023,Ford,f-150,lariat,6,gasoline,59451,,,52800,3,,False
2023,Ford,f-150,lariat,6,gasoline,60168,,,48200,3,,False
2023,Ford,f-150,lariat,6,gasoline,29259,,,55000,3,,False
2019,Ford,f-150,xlt,6,gasoline,220513,,,12100,7,,False
2019,Ford,f-150,xlt,6,gasoline,169301,,,17200,7,,False
2023,Ford,f-150,xlt,6,gasoline,33733,,,33800,3,,False
2023,Ford,f-150,xlt,6,gasoline,48522,,,37200,3,,False
2023,Ford,f-150,lariat,6,gasoline,48845,,,53400,3,,False
2023,Ford,f-150,lariat,6,gasoline,33013,,,55400,3,,False
2019,Ford,f-150,xlt,6,gasoline,126042,,,22000,7,,False
2023,Ford,f-150,lariat,6,gasoline,20571,,,56200,3,,False
2023,Ford,f-150,xlt,6,gasoline,26642,,,46200,3,,False
2023,Ford,f-150,lariat,6,gasoline,47176,,,50800,3,,False
2023,Ford,f-150,lariat,6,gasoline,59159,,,50000,3,,False
2023,Ford,f-150,lariat,6,gasoline,34987,,,54800,3,,False
2023,Ford,f-150,lariat,6,gasoline,26176,,,56200,3,,False
2023,Ford,f-150,lariat,6,gasoline,39843,,,54200,3,,False
2023,Ford,f-150,lariat,6,gasoline,33470,,,55400,3,,False
2023,Ford,f-150,xlt,6,gasoline,35862,,,45400,3,,False
2023,Ford,f-150,lariat,6,gasoline,64349,,,52600,3,,False
2023,Ford,f-150,lariat,6,gasoline,39338,,,53000,3,,False
2023,Ford,f-150,lariat,6,gasoline,25570,,,53600,3,,False
2023,Ford,f-150,lariat,6,gasoline,32794,,,56200,3,,False
2023,Ford,f-150,xlt,6,gasoline,50006,,,47000,3,,False
2023,Ford,f-150,lariat,6,gasoline,43571,,,52000,3,,False
2023,Ford,f-150,xlt,6,gasoline,50383,,,46000,3,,False
2023,Ford,f-150,lariat,6,gasoline,30402,,,55500,3,,False
2023,Ford,f-150,lariat,6,gasoline,42898,,,55200,3,,False
2022,Ford,f-150,xlt,6,gasoline,88276,,,26500,4,,False
2022,Ford,f-150,xlt,6,gasoline,36470,,,32000,4,,False
2022,Ford,f-150,lariat,6,gasoline,71827,,,42800,4,,False
2023,Ford,f-150,lariat,6,gasoline,77286,,,49400,3,,False
2023,Ford,f-150,lariat,6,gasoline,29575,,,51200,3,,False
2022,Ford,f-150,xlt,6,gasoline,146019,,,26900,4,,False
2020,Ford,f-150,xlt,6,gasoline,125760,,,13000,6,,False
2020,Ford,f-150,xlt,6,gasoline,67114,,,27800,6,,False
2018,Ford,f-150,xlt,8,flex,221136,,,9300,8,,False
2022,Ford,f-150,tremor,6,gasoline,58615,,,45000,4,,False
2023,Ford,f-150,tremor,6,gasoline,28576,,,60000,3,,False
2017,Ford,f-150,xlt,6,gasoline,232588,,,9250,9,,False
2018,Ford,f-150,lariat,6,gasoline,124395,,,21000,8,,False
2016,Ford,f-150,xl,8,flex,253228,,,5900,10,,False
2014,Ford,f-150,xl,8,flex,180039,,,5500,12,,False
2021,Ford,f-150,xl,6,flex,56292,,,26800,5,,False
2023,Ford,f-150,xlt,6,gasoline,43669,,,42400,3,,False
2023,Ford,f-150,xlt,6,hybrid,36487,,,52000,3,,False
2021,Ford,f-150,limited,6,hybrid,54358,,,58000,5,,False
2023,Ford,f-150,xlt,6,hybrid,19757,,,45400,3,,False
2022,Ford,f-150,xlt,6,hybrid,43183,,,27000,4,,False
2021,Ford,f-150,xlt,6,hybrid,112142,,,26200,5,,False
2022,Ford,f-150,lariat,8,flex,44517,,,40000,4,,False
2020,Ford,f-150,xlt,8,flex,142676,,,23600,6,,False
2022,Ford,f-150,xlt,8,flex,116967,,,35600,4,,False
2020,Ford,f-150,xlt,8,flex,107269,,,27200,6,,False
2021,Ford,f-150,xlt,8,flex,73932,,,21800,5,,False
2022,Ford,f-150,lariat,8,flex,69294,,,36600,4,,False
2018,Ford,f-150,xlt,8,flex,188279,,,9500,8,,False
2022,Ford,f-150,xlt,8,flex,168951,,,18000,4,,False
2022,Ford,f-150,xlt,8,flex,78850,,,27000,4,,False
2022,Ford,f-150,xlt,8,flex,61681,,,28200,4,,False
2023,Ford,f-150,xlt,8,flex,24478,,,43200,3,,False
2023,Ford,f-150,lariat,8,flex,35063,,,57800,3,,False
2023,Ford,f-150,lariat,6,gasoline,36393,,,55000,3,,False
2022,Ford,f-150,xlt,6,gasoline,86518,,,33200,4,,False
2023,Ford,f-150,xlt,6,gasoline,29047,,,43400,3,,False
2023,Ford,f-150,lariat,6,gasoline,31262,,,56200,3,,False
2023,Ford,f-150,lariat,6,gasoline,28382,,,55600,3,,False
2023,Ford,f-150,lariat,6,gasoline,58275,,,50200,3,,False
2023,Ford,f-150,xlt,6,gasoline,43382,,,45000,3,,False
2024,Ford,f-150,no_mention,6,gasoline,15311,,,50400,2,,False
2024,Ford,f-150,no_mention,6,gasoline,32229,,,49000,2,,False
2024,Ford,f-150,xlt,6,gasoline,55027,,,44400,2,,False
2018,Ford,f-150,xl,6,gasoline,129511,,,3800,8,,False
2018,Ford,f-150,xlt,6,flex,217887,,,7800,8,,False
2021,Ford,f-150,xlt,6,flex,106112,,,25000,5,,False
2019,Ford,f-150,raptor,6,gasoline,167188,,,48000,7,,False
2024,Ford,f-150,xlt,8,gasoline,9235,,,62750,2,,False
2024,Ford,f-150,xlt,8,gasoline,37440,,,53500,2,,False
2025,Ford,f-150,xlt,6,gasoline,13357,,,53500,1,,False
2024,Ford,f-150,xlt,6,gasoline,20369,,,49000,2,,False
2025,Ford,f-150,lariat,6,gasoline,7327,,,75250,1,,False
2024,Ford,f-150,lariat,6,hybrid,64899,,,53000,2,,False
2024,Ford,f-150,lariat,6,hybrid,10841,,,71600,2,,False
2013,Ford,f-150,xlt,8,flex,161659,,,7300,13,,False
2022,Ford,f-150,xlt,6,gasoline,73151,,,29400,4,,False
2023,Ford,f-150,lariat,6,gasoline,30849,,,57200,3,,False
2023,Ford,f-150,xlt,6,gasoline,36738,,,47800,3,,False
2021,Ford,f-150,lariat,6,gasoline,77740,,,37200,5,,False
2022,Ford,f-150,lariat,6,gasoline,38782,,,50200,4,,False
2022,Ford,f-150,lariat,6,gasoline,72640,,,43600,4,,False
2023,Ford,f-150,xlt,6,gasoline,86178,,,41800,3,,False
2023,Ford,f-150,xlt,6,gasoline,51727,,,42800,3,,False
2022,Ford,f-150,lariat,6,gasoline,45172,,,42000,4,,False
2023,Ford,f-150,xlt,6,gasoline,65706,,,36200,3,,False
2023,Ford,f-150,xlt,6,gasoline,32855,,,49500,3,,False
2023,Ford,f-150,xlt,6,gasoline,32470,,,44400,3,,False
2023,Ford,f-150,lariat,6,gasoline,36632,,,57800,3,,False
2023,Ford,f-150,lariat,6,gasoline,35750,,,55400,3,,False
2022,Ford,f-150,xlt,6,gasoline,66590,,,36000,4,,False
2022,Ford,f-150,lariat,6,gasoline,66428,,,40200,4,,False
2023,Ford,f-150,xlt,6,gasoline,46966,,,44200,3,,False
2023,Ford,f-150,xlt,6,gasoline,28530,,,47400,3,,False
2023,Ford,f-150,lariat,6,gasoline,41074,,,58800,3,,False
2021,Ford,f-150,xlt,6,gasoline,117806,,,19000,5,,False
2022,Ford,f-150,xlt,6,gasoline,51409,,,39400,4,,False
2018,Ford,f-150,xlt,8,flex,181553,,,18500,8,,False
2018,Ford,f-150,xlt,8,flex,155912,,,15000,8,,False
2024,Ford,f-150,xlt,6,gasoline,15971,,,55900,2,,False
2017,Ford,f-150,xlt,6,flex,113158,,,17100,9,,False
2021,Ford,f-150,no_mention,6,gasoline,153774,,,36400,5,,False
2014,Ford,f-150,fx4,6,gasoline,232022,,,9500,12,,False
2017,Ford,f-150,no_mention,6,gasoline,135577,,,19100,9,,False
2012,Ford,f-150,raptor,8,gasoline,201188,,,23200,14,,False
2018,Ford,f-150,lariat,6,gasoline,158282,,,26700,8,,False
2020,Ford,f-150,no_mention,8,flex,215586,,,18000,6,,False
2015,Ford,f-150,platinum,6,gasoline,209000,,,13000,11,,False
2024,Ford,f-150,xlt,6,gasoline,20286,,,57800,2,,False
2020,Ford,f-150,lariat,6,gasoline,102500,,,36000,6,,False
2018,Ford,f-150,xlt,6,gasoline,101672,,,27600,8,,False
2019,Ford,f-150,xlt,6,gasoline,189300,,,21500,7,,False
2018,Ford,f-150,xl,6,flex,77489,,,22300,8,,False
2022,Ford,f-150,xlt,6,hybrid,75109,,,40000,4,,False
2022,Ford,f-150,xlt,6,hybrid,107089,,,35000,4,,False
2014,Ford,f-150,xlt,8,flex,118362,,,14200,12,,False
2019,Ford,f-150,lariat,8,flex,196592,,,17800,7,,False
2023,Ford,f-150,lariat,6,gasoline,61348,,,52700,3,,False
2022,Ford,f-150,xlt,6,gasoline,45422,,,45000,4,,False
2020,Ford,f-150,xl,6,gasoline,121851,,,18000,6,,False
2020,Ford,f-150,xlt,8,flex,219514,,,11000,6,,False
2020,Ford,f-150,xlt,6,flex,139860,,,21200,6,,False
2017,Ford,f-150,limited,6,gasoline,277070,,,15000,9,,False
2021,Ford,f-150,xlt,8,flex,140279,,,21900,5,,False
2018,Ford,f-150,xlt,6,gasoline,114039,,,16000,8,,False
2021,Ford,f-150,xl,6,flex,133545,,,20900,5,,False
2023,Ford,f-150,xlt,6,gasoline,76211,,,43500,3,,False
2022,Ford,f-150,no_mention,6,gasoline,159703,,,23250,4,,False
2022,Ford,f-150,xlt,6,hybrid,78491,,,32500,4,,False
2022,Ford,f-150,xlt,8,flex,100380,,,33750,4,,False
2021,Ford,f-150,xl,6,flex,197153,,,15000,5,,False
2012,Ford,f-150,lariat,6,gasoline,193561,,,10800,14,,False
2021,Ford,f-150,lariat,6,gasoline,68223,,,42000,5,,False
2023,Ford,f-150,xlt,6,gasoline,73432,,,39750,3,,False
2022,Ford,f-150,xlt,6,gasoline,157410,,,23000,4,,False
2021,Ford,f-150,lariat,6,gasoline,67238,,,43000,5,,False
2021,Ford,f-150,xlt,6,gasoline,220919,,,14600,5,,False
2022,Ford,f-150,lariat,6,gasoline,164431,,,27700,4,,False
2022,Ford,f-150,no_mention,6,gasoline,114790,,,32500,4,,False
2021,Ford,f-150,xlt,6,gasoline,121291,,,30000,5,,False
2013,Ford,f-150,no_mention,6,gasoline,293978,,,5500,13,,False
2016,Ford,f-150,platinum,6,gasoline,252164,,,10500,10,,False
2019,Ford,f-150,xl,6,flex,166859,,,13100,7,,False
2023,Ford,f-150,xlt,6,gasoline,60492,,,43000,3,,False
2022,Ford,f-150,lariat,6,gasoline,114377,,,40000,4,,False
2024,Ford,f-150,xlt,6,gasoline,6221,,,60000,2,,False
2021,Ford,f-150,xlt,6,gasoline,166271,,,24100,5,,False
2024,Ford,f-150,raptor,6,gasoline,22299,,,96000,2,,False
2024,Ford,f-150,xlt,6,gasoline,39265,,,57100,2,,False
2023,Ford,f-150,xlt,6,gasoline,66308,,,48200,3,,False
2023,Ford,f-150,xlt,6,hybrid,25427,,,52900,3,,False
2022,Ford,f-150,xlt,6,gasoline,96499,,,36800,4,,False
2024,Ford,f-150,lariat,6,gasoline,18423,,,66700,2,,False
2016,Ford,f-150,xlt,6,gasoline,154213,,,16800,10,,False
2018,Ford,f-150,xlt,6,gasoline,278134,,,6700,8,,False
2023,Ford,f-150,xlt,8,flex,41448,,,50500,3,,False
2021,Ford,f-150,lariat,8,flex,101779,,,46500,5,,False
2019,Ford,f-150,xlt,8,flex,176760,,,20500,7,,False
2022,Ford,f-150,xlt,6,hybrid,85788,,,35500,4,,False
2018,Ford,f-150,lariat,6,gasoline,200529,,,19700,8,,False
2010,Ford,f-150,no_mention,8,flex,180329,,,7300,16,,False
2022,Ford,f-150,lariat,6,gasoline,94805,,,41250,4,,False
2018,Ford,f-150,xl,6,gasoline,112249,,,21700,8,,False
2018,Ford,f-150,xlt,6,gasoline,165541,,,18000,8,,False
2021,Ford,f-150,xlt,6,gasoline,216785,,,14500,5,,False
2023,Ford,f-150,xl,6,gasoline,57218,,,36900,3,,False
2020,Ford,f-150,lariat,6,gasoline,234441,,,17100,6,,False
2022,Ford,f-150,xlt,6,gasoline,23762,,,33900,4,,False
2021,Ford,f-150,lariat,6,gasoline,111881,,,41500,5,,False
2020,Ford,f-150,xlt,6,gasoline,77562,,,33200,6,,False
2019,Ford,f-150,xlt,6,gasoline,223271,,,8000,7,,False
2019,Ford,f-150,lariat,6,gasoline,99405,,,33800,7,,False
2020,Ford,f-150,xlt,6,gasoline,216000,,,21900,6,,False
2019,Ford,f-150,xlt,8,flex,156361,,,15800,7,,False
2023,Ford,f-150,tremor,6,gasoline,53375,,,62750,3,,False
2020,Ford,f-150,xlt,6,flex,51356,,,10100,6,,False
2017,Ford,f-150,lariat,6,gasoline,79058,,,29100,9,,False
2017,Ford,f-150,lariat,6,gasoline,120103,,,28200,9,,False
2017,Ford,f-150,xlt,6,gasoline,168981,,,22500,9,,False
2017,Ford,f-150,xlt,6,gasoline,137997,,,7100,9,,False
2022,Ford,f-150,xlt,6,flex,102038,,,22500,4,,False
2022,Ford,f-150,xlt,6,hybrid,63504,,,38000,4,,False
2012,Ford,f-150,platinum,8,flex,186052,,,10700,14,,False
2016,Ford,f-150,xlt,8,flex,194785,,,17300,10,,False
2013,Ford,f-150,xlt,8,flex,223136,,,6300,13,,False
2023,Ford,f-150,lariat,6,gasoline,39977,,,55900,3,,False
2023,Ford,f-150,lariat,6,gasoline,34017,,,54000,3,,False
2023,Ford,f-150,xlt,6,hybrid,65621,,,44750,3,,False
2018,Ford,f-150,xlt,8,flex,59244,,,29600,8,,False
2022,Ford,f-150,xlt,8,flex,145196,,,27000,4,,False
2019,Ford,f-150,xlt,8,flex,190435,,,21400,7,,False
2020,Ford,f-150,xlt,8,flex,213609,,,16750,6,,False
2021,Ford,f-150,xlt,8,flex,152876,,,27200,5,,False
2023,Ford,f-150,xlt,8,flex,67139,,,43000,3,,False
2018,Ford,f-150,lariat,6,gasoline,120589,,,30700,8,,False
2021,Ford,f-150,lariat,6,gasoline,74418,,,38400,5,,False
2024,Ford,f-150,no_mention,6,gasoline,18917,,,47000,2,,False
2014,Ford,f-150,xlt,6,flex,84869,,,12300,12,,False
2019,Ford,f-150,xlt,6,flex,246146,,,8500,7,,False
2019,Ford,f-150,xlt,6,flex,269966,,,8500,7,,False
2019,Ford,f-150,xlt,6,flex,199964,,,10700,7,,False
2019,Ford,f-150,xlt,6,gasoline,80824,,,29600,7,,False
2019,Ford,f-150,xlt,6,gasoline,123693,,,26400,7,,False
2019,Ford,f-150,lariat,6,gasoline,99608,,,35500,7,,False
2019,Ford,f-150,xlt,6,gasoline,209151,,,10000,7,,False
2019,Ford,f-150,xlt,6,gasoline,197033,,,13900,7,,False
2020,Ford,f-150,xlt,6,gasoline,73316,,,30100,6,,False
2020,Ford,f-150,xlt,6,gasoline,268685,,,9500,6,,False
2018,Ford,f-150,lariat,6,gasoline,121814,,,28000,8,,False
2017,Ford,f-150,xlt,6,gasoline,143602,,,20600,9,,False
2024,Ford,f-150,tremor,6,gasoline,15972,,,66000,2,,False
2024,Ford,f-150,lariat,6,hybrid,47646,,,66000,2,,False
2024,Ford,f-150,lariat,6,hybrid,38081,,,65400,2,,False
2019,Ford,f-150,xlt,8,flex,207370,,,7000,7,,False
2019,Ford,f-150,xlt,8,flex,154047,,,10600,7,,False
2019,Ford,f-150,xlt,8,flex,116029,,,13700,7,,False
2021,Ford,f-150,xlt,8,flex,199852,,,11900,5,,False
2021,Ford,f-150,lariat,6,gasoline,42739,,,43250,5,,False
2023,Ford,f-150,xlt,6,gasoline,88261,,,38000,3,,False
2022,Ford,f-150,lariat,6,gasoline,108814,,,40500,4,,False
2021,Ford,f-150,xlt,6,gasoline,173454,,,21500,5,,False
2016,Ford,f-150,xlt,6,gasoline,233397,,,12900,10,,False
2022,Ford,f-150,no_mention,8,flex,67289,,,47500,4,,False
2016,Ford,f-150,xlt,8,flex,139500,,,12000,10,,False
2016,Ford,f-150,xlt,8,flex,200572,,,15500,10,,False
2018,Ford,f-150,lariat,6,gasoline,192700,,,19500,8,,False
2021,Ford,f-150,raptor,6,gasoline,56949,,,74500,5,,False
2022,Ford,f-150,xlt,8,flex,25648,,,43500,4,,False
2022,Ford,f-150,king ranch,6,gasoline,63779,,,46000,4,,False
2013,Ford,f-150,xlt,6,gasoline,223170,,,8800,13,,False
2018,Ford,f-150,lariat,8,flex,271133,,,12500,8,,False
2018,Ford,f-150,lariat,8,flex,86956,,,34100,8,,False
2023,Ford,f-150,tremor,6,gasoline,40714,,,66600,3,,False
2023,Ford,f-150,lariat,6,gasoline,52923,,,53400,3,,False
2023,Ford,f-150,lariat,6,gasoline,60611,,,53300,3,,False
2023,Ford,f-150,lariat,6,gasoline,44589,,,56300,3,,False
2022,Ford,f-150,lariat,8,flex,44600,,,56800,4,,False
2022,Ford,f-150,xlt,8,flex,144079,,,30700,4,,False
2022,Ford,f-150,xlt,8,flex,134036,,,31100,4,,False
2022,Ford,f-150,xlt,8,flex,141335,,,30900,4,,False
2022,Ford,f-150,xlt,6,gasoline,37490,,,41000,4,,False
2023,Ford,f-150,lariat,6,gasoline,50300,,,52750,3,,False
2023,Ford,f-150,xlt,6,gasoline,110012,,,28500,3,,False
2023,Ford,f-150,xlt,6,gasoline,39311,,,48750,3,,False
2020,Ford,f-150,lariat,6,gasoline,115359,,,32000,6,,False
2021,Ford,f-150,xlt,6,gasoline,148215,,,18750,5,,False
2023,Ford,f-150,lariat,6,gasoline,28911,,,56750,3,,False
2023,Ford,f-150,lariat,6,gasoline,89502,,,46250,3,,False
2021,Ford,f-150,lariat,6,gasoline,185672,,,26000,5,,False
2022,Ford,f-150,xlt,6,gasoline,82757,,,34000,4,,False
2022,Ford,f-150,lariat,6,gasoline,49798,,,53750,4,,False
2020,Ford,f-150,platinum,8,flex,166779,,,35250,6,,False
2023,Ford,f-150,tremor,6,gasoline,58904,,,60750,3,,False
2023,Ford,f-150,tremor,6,gasoline,43262,,,65400,3,,False
2023,Ford,f-150,tremor,6,gasoline,42715,,,66500,3,,False
2023,Ford,f-150,tremor,6,gasoline,104520,,,57500,3,,False
2022,Ford,f-150,tremor,6,gasoline,15332,,,60000,4,,False
2021,Ford,f-150,xlt,6,flex,190016,,,20500,5,,False
2016,Ford,f-150,lariat,8,flex,201883,,,21000,10,,False
2018,Ford,f-150,xlt,6,gasoline,220381,,,13800,8,,False
2021,Ford,f-150,lariat,6,gasoline,81240,,,41500,5,,False
2023,Ford,f-150,lariat,8,flex,60204,,,56000,3,,False
2022,Ford,f-150,xlt,6,gasoline,120728,,,37400,4,,False
2022,Ford,f-150,xlt,6,gasoline,41133,,,47750,4,,False
2016,Ford,f-150,xlt,6,gasoline,184335,,,9500,10,,False
2018,Ford,f-150,xlt,6,gasoline,96857,,,26200,8,,False
2018,Ford,f-150,xlt,8,flex,235056,,,3000,8,,False
2022,Ford,f-150,xlt,6,hybrid,92085,,,33000,4,,False
2023,Ford,f-150,lariat,6,hybrid,63161,,,52250,3,,False
2022,Ford,f-150,xlt,6,hybrid,54010,,,46250,4,,False
2023,Ford,f-150,xlt,6,hybrid,104003,,,40500,3,,False
2021,Ford,f-150,king ranch,6,hybrid,141817,,,41750,5,,False
2022,Ford,f-150,lariat,6,hybrid,85027,,,49250,4,,False
2023,Ford,f-150,xlt,6,hybrid,70918,,,46500,3,,False
2022,Ford,f-150,xlt,8,flex,165396,,,21250,4,,False
2023,Ford,f-150,lariat,8,flex,45520,,,60100,3,,False
2023,Ford,f-150,xlt,8,flex,84144,,,34600,3,,False
2022,Ford,f-150,xlt,8,flex,72520,,,42600,4,,False
2021,Ford,f-150,xlt,8,flex,137741,,,22250,5,,False
2023,Ford,f-150,xlt,8,flex,66285,,,47000,3,,False
2022,Ford,f-150,xlt,8,flex,102768,,,35000,4,,False
2022,Ford,f-150,platinum,8,flex,69073,,,54000,4,,False
2023,Ford,f-150,xlt,8,flex,89440,,,42400,3,,False
2023,Ford,f-150,xlt,6,gasoline,51817,,,47750,3,,False
2023,Ford,f-150,lariat,6,gasoline,63073,,,46500,3,,False
2023,Ford,f-150,xlt,6,gasoline,32846,,,47600,3,,False
2024,Ford,f-150,no_mention,6,gasoline,30906,,,46500,2,,False
2024,Ford,f-150,xlt,6,gasoline,49423,,,50600,2,,False
2021,Ford,f-150,xlt,6,gasoline,130604,,,22500,5,,False
2017,Ford,f-150,xlt,6,flex,270234,,,4100,9,,False
2016,Ford,f-150,xl,6,flex,243987,,,7500,10,,False
2020,Ford,f-150,xlt,6,flex,165545,,,14100,6,,False
2022,Ford,f-150,xlt,6,gasoline,104313,,,26750,4,,False
2020,Ford,f-150,xl,6,gasoline,165073,,,12500,6,,False
2018,Ford,f-150,lariat,6,diesel,236472,,,17000,8,,False
2019,Ford,f-150,xlt,6,gasoline,150787,,,20700,7,,False
2015,Ford,f-150,xlt,6,gasoline,258958,,,9500,11,,False
2023,Ford,f-150,raptor,6,gasoline,32532,,,89750,3,,False
2022,Ford,f-150,raptor,6,gasoline,69612,,,80250,4,,False
2023,Ford,f-150,raptor,6,gasoline,65901,,,84500,3,,False
2019,Ford,f-150,raptor,6,gasoline,68798,,,57000,7,,False
2023,Ford,f-150,raptor,8,gasoline,44558,,,125000,3,,False
2024,Ford,f-150,xlt,8,gasoline,22754,,,51000,2,,False
2024,Ford,f-150,xlt,8,gasoline,40042,,,50750,2,,False
2024,Ford,f-150,xlt,6,gasoline,15112,,,52000,2,,False
2018,Ford,f-150,xlt,8,flex,205104,,,13250,8,,False
2021,Ford,f-150,xlt,6,gasoline,116312,,,26900,5,,False
2012,Ford,f-150,xlt,8,flex,133566,,,13200,14,,False
2021,Ford,f-150,xlt,6,gasoline,109539,,,32250,5,,False
2021,Ford,f-150,lariat,6,gasoline,137213,,,35000,5,,False
2023,Ford,f-150,xlt,6,gasoline,152415,,,32750,3,,False
2023,Ford,f-150,lariat,6,gasoline,83638,,,53000,3,,False
2021,Ford,f-150,lariat,6,gasoline,112148,,,39000,5,,False
2022,Ford,f-150,xlt,6,gasoline,67175,,,38000,4,,False
2023,Ford,f-150,xlt,6,gasoline,58796,,,39000,3,,False
2023,Ford,f-150,xlt,6,gasoline,62145,,,41500,3,,False
2022,Ford,f-150,limited,6,gasoline,74162,,,53100,4,,False
2022,Ford,f-150,xlt,6,gasoline,9718,,,52000,4,,False
2022,Ford,f-150,xlt,6,gasoline,79102,,,45000,4,,False
2023,Ford,f-150,xlt,6,gasoline,125876,,,39500,3,,False
2023,Ford,f-150,lariat,6,gasoline,68404,,,53000,3,,False
2023,Ford,f-150,lariat,6,gasoline,51935,,,59000,3,,False
2023,Ford,f-150,lariat,6,gasoline,52220,,,50000,3,,False
2020,Ford,f-150,lariat,6,gasoline,143762,,,27900,6,,False
2013,Ford,f-150,lariat,8,flex,240459,,,8000,13,,False
2022,Ford,f-150,lariat,6,gasoline,75451,,,40200,4,,False
2022,Ford,f-150,xlt,6,gasoline,55381,,,45000,4,,False
2021,Ford,f-150,lariat,6,gasoline,47110,,,45000,5,,False
2018,Ford,f-150,lariat,6,gasoline,165178,,,22400,8,,False
2020,Ford,f-150,lariat,6,gasoline,39757,,,40000,6,,False
2017,Ford,f-150,xlt,8,flex,292006,,,8500,9,,False
2016,Ford,f-150,xlt,8,flex,284470,,,8200,10,,False
2023,Ford,f-150,tremor,6,gasoline,36806,,,63000,3,,False
2022,Ford,f-150,no_mention,6,gasoline,73809,,,37100,4,,False
2015,Ford,f-150,xlt,6,flex,261800,,,8600,11,,False
2022,Ford,f-150,lariat,6,gasoline,68863,,,43600,4,,False
2020,Ford,f-150,xlt,8,flex,113772,,,28600,6,,False
2022,Ford,f-150,xlt,6,gasoline,145840,,,25300,4,,False
2020,Ford,f-150,xlt,6,gasoline,203638,,,16000,6,,False
2023,Ford,f-150,lariat,6,gasoline,37008,,,54000,3,,False
2023,Ford,f-150,xlt,6,gasoline,10765,,,48400,3,,False
2023,Ford,f-150,lariat,6,gasoline,34052,,,56000,3,,False
2022,Ford,f-150,xlt,6,gasoline,140932,,,29250,4,,False
2023,Ford,f-150,xlt,6,gasoline,48953,,,45800,3,,False
2023,Ford,f-150,lariat,6,gasoline,38882,,,53200,3,,False
2023,Ford,f-150,lariat,6,gasoline,63293,,,52000,3,,False
2023,Ford,f-150,lariat,6,gasoline,46018,,,47600,3,,False
2023,Ford,f-150,lariat,6,gasoline,33883,,,54000,3,,False
2023,Ford,f-150,xlt,6,gasoline,24245,,,48200,3,,False
2023,Ford,f-150,xlt,6,gasoline,42567,,,46600,3,,False
2023,Ford,f-150,lariat,6,gasoline,31047,,,55200,3,,False
2020,Ford,f-150,xlt,6,gasoline,216900,,,4000,6,,False
2022,Ford,f-150,xlt,6,gasoline,51954,,,33800,4,,False
2023,Ford,f-150,xl,6,gasoline,22507,,,41800,3,,False
2023,Ford,f-150,xlt,6,gasoline,73729,,,41200,3,,False
2023,Ford,f-150,lariat,6,gasoline,29583,,,56600,3,,False
2023,Ford,f-150,xlt,6,gasoline,53369,,,40000,3,,False
2023,Ford,f-150,lariat,6,gasoline,34540,,,54800,3,,False
2019,Ford,f-150,xlt,6,gasoline,242741,,,11100,7,,False
2023,Ford,f-150,lariat,6,gasoline,40316,,,54000,3,,False
2023,Ford,f-150,lariat,6,gasoline,50651,,,53200,3,,False
2023,Ford,f-150,lariat,6,gasoline,41544,,,55000,3,,False
2023,Ford,f-150,lariat,6,gasoline,54589,,,53600,3,,False
2023,Ford,f-150,lariat,6,gasoline,37720,,,48200,3,,False
2023,Ford,f-150,xlt,6,gasoline,30132,,,48400,3,,False
2023,Ford,f-150,xlt,6,gasoline,44891,,,46200,3,,False
2021,Ford,f-150,xlt,6,gasoline,46604,,,32700,5,,False
2022,Ford,f-150,lariat,6,gasoline,100113,,,32800,4,,False
2023,Ford,f-150,xlt,6,gasoline,22277,,,48000,3,,False
2023,Ford,f-150,lariat,6,gasoline,44131,,,54000,3,,False
2022,Ford,f-150,lariat,6,gasoline,57168,,,35000,4,,False
2022,Ford,f-150,xlt,6,gasoline,61830,,,35200,4,,False
2023,Ford,f-150,lariat,6,gasoline,46136,,,51800,3,,False
2023,Ford,f-150,xlt,6,gasoline,44345,,,47000,3,,False
2023,Ford,f-150,lariat,6,gasoline,63392,,,47200,3,,False
2022,Ford,f-150,xl,6,gasoline,30783,,,37000,4,,False
2023,Ford,f-150,lariat,6,gasoline,30831,,,53800,3,,False
2023,Ford,f-150,lariat,6,gasoline,14113,,,55600,3,,False
2023,Ford,f-150,lariat,6,gasoline,43630,,,54800,3,,False
2023,Ford,f-150,lariat,6,gasoline,38397,,,55000,3,,False
2023,Ford,f-150,lariat,6,gasoline,57660,,,49000,3,,False
2023,Ford,f-150,lariat,6,gasoline,29611,,,52000,3,,False
2023,Ford,f-150,lariat,6,gasoline,22655,,,54400,3,,False
2023,Ford,f-150,lariat,6,gasoline,78794,,,45000,3,,False
2019,Ford,f-150,xlt,6,gasoline,26510,,,35600,7,,False
2020,Ford,f-150,lariat,6,gasoline,135638,,,33800,6,,False
2020,Ford,f-150,xlt,6,gasoline,95519,,,32600,6,,False
2019,Ford,f-150,xlt,8,flex,160710,,,13400,7,,False
2018,Ford,f-150,xlt,8,flex,79624,,,15500,8,,False
2020,Ford,f-150,xlt,8,flex,176235,,,15500,6,,False
2019,Ford,f-150,xlt,8,flex,125715,,,11100,7,,False
2020,Ford,f-150,xlt,8,flex,156921,,,20000,6,,False
2020,Ford,f-150,xlt,8,flex,130224,,,20000,6,,False
2010,Ford,f-150,xlt,8,gasoline,60010,,,6000,16,,False
2023,Ford,f-150,tremor,6,gasoline,76066,,,60000,3,,False
2021,Ford,f-150,xlt,6,flex,117472,,,26000,5,,False
2021,Ford,f-150,xlt,6,flex,78755,,,26000,5,,False
2019,Ford,f-150,xlt,6,gasoline,135663,,,23000,7,,False
2022,Ford,f-150,lariat,6,gasoline,97127,,,37200,4,,False
2015,Ford,f-150,xlt,8,flex,243102,,,6900,11,,False
2016,Ford,f-150,xlt,8,flex,106502,,,16400,10,,False
2011,Ford,f-150,xlt,8,flex,118531,,,3800,15,,False
2014,Ford,f-150,xlt,6,gasoline,287731,,,3000,12,,False
2024,Ford,f-150,no_mention,8,gasoline,16405,,,48200,2,,False
2014,Ford,f-150,xl,6,flex,73346,,,4400,12,,False
2014,Ford,f-150,xl,6,flex,122929,,,6200,12,,False
2021,Ford,f-150,lariat,6,hybrid,80056,,,38800,5,,False
2023,Ford,f-150,xlt,6,gasoline,38285,,,48000,3,,False
2021,Ford,f-150,xlt,6,gasoline,151739,,,24750,5,,False
2023,Ford,f-150,xlt,6,gasoline,30676,,,50600,3,,False
2023,Ford,f-150,xlt,6,gasoline,41267,,,51200,3,,False
2021,Ford,f-150,xlt,6,gasoline,169465,,,20600,5,,False
2023,Ford,f-150,lariat,6,gasoline,118371,,,41400,3,,False
2023,Ford,f-150,xlt,6,gasoline,52132,,,41000,3,,False
2023,Ford,f-150,xlt,6,hybrid,50208,,,47600,3,,False
2023,Ford,f-150,xlt,6,hybrid,52653,,,46400,3,,False
2023,Ford,f-150,lariat,6,hybrid,56617,,,54600,3,,False
2021,Ford,f-150,lariat,6,hybrid,84643,,,35000,5,,False
2019,Ford,f-150,xlt,8,flex,227288,,,12500,7,,False
2021,Ford,f-150,xlt,8,flex,288360,,,10900,5,,False
2021,Ford,f-150,xlt,8,flex,172443,,,17000,5,,False
2023,Ford,f-150,xlt,8,flex,92728,,,39200,3,,False
2019,Ford,f-150,xlt,8,flex,207775,,,12200,7,,False
2019,Ford,f-150,xlt,8,flex,230993,,,8700,7,,False
2019,Ford,f-150,xlt,8,flex,238510,,,10700,7,,False
2023,Ford,f-150,lariat,6,gasoline,36855,,,55600,3,,False
2023,Ford,f-150,lariat,6,gasoline,35587,,,54800,3,,False
2023,Ford,f-150,lariat,6,gasoline,40285,,,54200,3,,False
2023,Ford,f-150,lariat,6,gasoline,39502,,,55200,3,,False
2023,Ford,f-150,xlt,6,gasoline,28439,,,38400,3,,False
2023,Ford,f-150,lariat,6,gasoline,29225,,,53800,3,,False
2024,Ford,f-150,no_mention,6,gasoline,42964,,,44000,2,,False
2024,Ford,f-150,xlt,6,gasoline,34192,,,50200,2,,False
2020,Ford,f-150,xl,6,flex,178685,,,14000,6,,False
2020,Ford,f-150,xlt,6,gasoline,201566,,,10000,6,,False
2015,Ford,f-150,xlt,6,gasoline,210938,,,7900,11,,False
2023,Ford,f-150,xlt,6,gasoline,34047,,,39200,3,,False
2020,Ford,f-150,lariat,6,gasoline,190730,,,17200,6,,False
2019,Ford,f-150,xlt,6,gasoline,54221,,,22200,7,,False
2013,Ford,f-150,xlt,6,gasoline,198225,,,4100,13,,False
2013,Ford,f-150,xlt,6,gasoline,242710,,,5000,13,,False
2024,Ford,f-150,xlt,8,gasoline,23685,,,50900,2,,False
2024,Ford,f-150,xlt,6,gasoline,17583,,,53750,2,,False
2024,Ford,f-150,xlt,6,gasoline,36831,,,48000,2,,False
2024,Ford,f-150,xlt,6,gasoline,35204,,,49800,2,,False
2024,Ford,f-150,xlt,6,gasoline,16879,,,53750,2,,False
2024,Ford,f-150,xlt,6,gasoline,28947,,,51100,2,,False
2024,Ford,f-150,xlt,6,gasoline,17061,,,52000,2,,False
2024,Ford,f-150,xlt,6,gasoline,9201,,,56300,2,,False
2024,Ford,f-150,lariat,8,gasoline,50946,,,63800,2,,False
2024,Ford,f-150,lariat,6,hybrid,33982,,,69600,2,,False
2024,Ford,f-150,lariat,6,hybrid,32444,,,67800,2,,False
2024,Ford,f-150,lariat,6,hybrid,13304,,,73200,2,,False
2025,Ford,f-150,platinum,6,hybrid,26337,,,91800,1,,False
2024,Ford,f-150,platinum,6,hybrid,28280,,,77300,2,,False
2023,Ford,f-150,xlt,6,gasoline,58083,,,43000,3,,False
2023,Ford,f-150,xlt,6,gasoline,48786,,,40800,3,,False
2022,Ford,f-150,lariat,6,gasoline,91351,,,34600,4,,False
2023,Ford,f-150,lariat,6,gasoline,37117,,,55000,3,,False
2023,Ford,f-150,lariat,6,gasoline,28676,,,60400,3,,False
2021,Ford,f-150,xlt,6,gasoline,186459,,,17000,5,,False
2021,Ford,f-150,xlt,6,gasoline,186024,,,15400,5,,False
2023,Ford,f-150,lariat,6,gasoline,26987,,,58400,3,,False
2023,Ford,f-150,xlt,6,gasoline,100143,,,38000,3,,False
2023,Ford,f-150,lariat,6,gasoline,46807,,,58200,3,,False
2023,Ford,f-150,xlt,6,gasoline,50150,,,44250,3,,False
2023,Ford,f-150,xlt,6,gasoline,61919,,,39600,3,,False
2023,Ford,f-150,lariat,6,gasoline,33420,,,54800,3,,False
2021,Ford,f-150,xl,6,gasoline,262855,,,10500,5,,False
2018,Ford,f-150,platinum,6,gasoline,248991,,,19500,8,,False
2020,Ford,f-150,xlt,6,gasoline,160165,,,20600,6,,False
2023,Ford,f-150,xlt,6,hybrid,104431,,,44000,3,,False
2021,Ford,f-150,lariat,6,hybrid,151126,,,37400,5,,False
2016,Ford,f-150,xlt,6,gasoline,175987,,,7000,10,,False
2022,Ford,f-150,xlt,6,gasoline,143199,,,29500,4,,False
2023,Ford,f-150,xlt,6,gasoline,84540,,,44000,3,,False
2022,Ford,f-150,lariat,6,gasoline,95580,,,41500,4,,False
2022,Ford,f-150,xlt,6,gasoline,64248,,,45000,4,,False
2024,Ford,f-150,tremor,6,gasoline,29850,,,64500,2,,False
2023,Ford,f-150,xlt,8,flex,41128,,,40300,3,,False
2016,Ford,f-150,xlt,6,gasoline,255782,,,11000,10,,False
2023,Ford,f-150,lariat,6,hybrid,59490,,,55600,3,,False
2018,Ford,f-150,xlt,8,flex,162126,,,22000,8,,False
2024,Ford,f-150,xlt,6,gasoline,32889,,,54300,2,,False
2023,Ford,f-150,lariat,6,hybrid,105700,,,48000,3,,False
2016,Ford,f-150,xlt,6,flex,161430,,,18000,10,,False
2017,Ford,f-150,lariat,6,gasoline,173806,,,19600,9,,False
2020,Ford,f-150,xlt,8,flex,270199,,,12000,6,,False
2021,Ford,f-150,xlt,6,gasoline,122801,,,38700,5,,False
2024,Ford,f-150,no_mention,6,gasoline,56971,,,43900,2,,False
2023,Ford,f-150,tremor,6,gasoline,55071,,,62900,3,,False
2018,Ford,f-150,lariat,6,gasoline,162655,,,26700,8,,False
2018,Ford,f-150,xlt,8,flex,118456,,,23400,8,,False
2014,Ford,f-150,fx4,6,gasoline,281636,,,7300,12,,False
2019,Ford,f-150,xlt,6,gasoline,251171,,,10800,7,,False
2023,Ford,f-150,tremor,6,gasoline,70277,,,56400,3,,False
2023,Ford,f-150,xlt,8,flex,47523,,,49300,3,,False
2023,Ford,f-150,xlt,6,gasoline,33640,,,48300,3,,False
2023,Ford,f-150,lariat,6,gasoline,43026,,,60300,3,,False
2021,Ford,f-150,xlt,8,flex,127206,,,23000,5,,False
2018,Ford,f-150,xlt,6,flex,58154,,,20400,8,,False
2011,Ford,f-150,xl,6,flex,126009,,,9750,15,,False
2019,Ford,f-150,no_mention,6,gasoline,175500,,,20000,7,,False
2017,Ford,f-150,lariat,8,flex,288384,,,14200,9,,False
2016,Ford,f-150,xlt,6,gasoline,197731,,,11500,10,,False
2020,Ford,f-150,xlt,6,gasoline,55757,,,35300,6,,False
2024,Ford,f-150,tremor,6,gasoline,26328,,,66800,2,,False
2016,Ford,f-150,xlt,8,flex,172872,,,21500,10,,False
2021,Ford,f-150,lariat,6,hybrid,106821,,,40000,5,,False
2020,Ford,f-150,lariat,6,gasoline,83519,,,27200,6,,False
2022,Ford,f-150,lariat,6,gasoline,77034,,,44000,4,,False
2023,Ford,f-150,xlt,6,gasoline,17841,,,54500,3,,False
2023,Ford,f-150,tremor,6,gasoline,48509,,,64000,3,,False
2022,Ford,f-150,xlt,6,gasoline,47223,,,40000,4,,False
2023,Ford,f-150,platinum,6,gasoline,83032,,,61100,3,,False
2022,Ford,f-150,lariat,6,gasoline,65165,,,42500,4,,False
2022,Ford,f-150,xlt,6,flex,112408,,,29500,4,,False
2019,Ford,f-150,lariat,8,flex,169820,,,24500,7,,False
2022,Ford,f-150,lariat,6,gasoline,65819,,,46000,4,,False
2020,Ford,f-150,xlt,6,gasoline,165036,,,20500,6,,False
2019,Ford,f-150,xlt,8,flex,258827,,,11000,7,,False
2020,Ford,f-150,xlt,6,flex,242621,,,9500,6,,False
2020,Ford,f-150,xlt,6,flex,139860,,,19000,6,,False
2020,Ford,f-150,xlt,6,flex,138180,,,20300,6,,False
2017,Ford,f-150,lariat,6,gasoline,193693,,,16900,9,,False
2018,Ford,f-150,xlt,8,flex,209434,,,10500,8,,False
2019,Ford,f-150,xlt,8,flex,198570,,,14250,7,,False
2019,Ford,f-150,lariat,8,flex,78521,,,32000,7,,False
2022,Ford,f-150,lariat,6,gasoline,60004,,,46000,4,,False
2024,Ford,f-150,xlt,6,gasoline,22142,,,50000,2,,False
2019,Ford,f-150,xlt,6,gasoline,103665,,,23600,7,,False
2017,Ford,f-150,king ranch,6,gasoline,237043,,,13900,9,,False
2024,Ford,f-150,xlt,6,gasoline,15188,,,52000,2,,False
2024,Ford,f-150,platinum,6,hybrid,59966,,,70200,2,,False
2023,Ford,f-150,xlt,6,gasoline,159502,,,22800,3,,False
2022,Ford,f-150,xlt,6,gasoline,66801,,,38200,4,,False
2017,Ford,f-150,lariat,6,gasoline,229125,,,12700,9,,False
2019,Ford,f-150,no_mention,6,gasoline,85500,,,30500,7,,False
2014,Ford,f-150,no_mention,6,flex,100103,,,7000,12,,False
2014,Ford,f-150,xlt,8,flex,121001,,,7500,12,,False
2024,Ford,f-150,raptor,6,gasoline,33700,,,90000,2,,False
2012,Ford,f-150,lariat,6,gasoline,219655,,,10200,14,,False
2022,Ford,f-150,platinum,6,gasoline,47190,,,56500,4,,False
2024,Ford,f-150,xlt,8,gasoline,14504,,,55600,2,,False
2018,Ford,f-150,lariat,6,gasoline,66705,,,34500,8,,False
2014,Ford,f-150,lariat,8,flex,165458,,,13600,12,,False
2023,Ford,f-150,platinum,8,flex,48221,,,63100,3,,False
2021,Ford,f-150,lariat,6,gasoline,97178,,,39600,5,,False
2023,Ford,f-150,lariat,6,gasoline,88103,,,47250,3,,False
2023,Ford,f-150,xlt,6,gasoline,38477,,,41600,3,,False
2017,Ford,f-150,xlt,6,gasoline,246097,,,8500,9,,False
2022,Ford,f-150,lariat,6,gasoline,29165,,,45500,4,,False
2021,Ford,f-150,xlt,6,gasoline,187901,,,20000,5,,False
2019,Ford,f-150,xlt,6,gasoline,238434,,,9000,7,,False
2021,Ford,f-150,xlt,6,gasoline,132458,,,28000,5,,False
2023,Ford,f-150,lariat,6,gasoline,73609,,,50500,3,,False
2019,Ford,f-150,xlt,8,flex,107569,,,22600,7,,False
2017,Ford,f-150,xlt,6,flex,270332,,,6750,9,,False
2023,Ford,f-150,tremor,6,gasoline,48320,,,64400,3,,False
2015,Ford,f-150,xlt,8,flex,284848,,,8400,11,,False
2017,Ford,f-150,lariat,6,gasoline,229049,,,10600,9,,False
2018,Ford,f-150,lariat,6,gasoline,290000,,,12000,8,,False
2018,Ford,f-150,platinum,6,gasoline,165864,,,22000,8,,False
2018,Ford,f-150,xlt,6,gasoline,241422,,,11300,8,,False
2022,Ford,f-150,xlt,6,gasoline,49383,,,35500,4,,False
2022,Ford,f-150,platinum,6,gasoline,70515,,,50750,4,,False
2010,Ford,f-150,xlt,8,flex,102844,,,8400,16,,False
2022,Ford,f-150,xl,6,flex,67867,,,23000,4,,False
2023,Ford,f-150,xlt,6,hybrid,42444,,,49200,3,,False
2022,Ford,f-150,xlt,6,hybrid,54963,,,37750,4,,False
2016,Ford,f-150,lariat,8,flex,251026,,,13000,10,,False
2016,Ford,f-150,lariat,6,gasoline,167576,,,18500,10,,False
2017,Ford,f-150,xlt,6,gasoline,257045,,,6300,9,,False
2022,Ford,f-150,lariat,6,gasoline,59301,,,47000,4,,False
2023,Ford,f-150,lariat,6,hybrid,24229,,,61750,3,,False
2022,Ford,f-150,lariat,6,hybrid,146523,,,31000,4,,False
2023,Ford,f-150,xlt,8,flex,45306,,,44000,3,,False
2022,Ford,f-150,xlt,8,flex,91076,,,37000,4,,False
2021,Ford,f-150,xlt,8,flex,146613,,,21000,5,,False
2019,Ford,f-150,xlt,8,flex,161625,,,15000,7,,False
2021,Ford,f-150,xlt,8,flex,91656,,,39690,5,,False
2021,Ford,f-150,lariat,8,flex,95057,,,44900,5,,False
2022,Ford,f-150,lariat,8,flex,64375,,,45000,4,,False
2024,Ford,f-150,xlt,6,gasoline,36294,,,55900,2,,False
2024,Ford,f-150,xlt,6,gasoline,11068,,,56000,2,,False
2024,Ford,f-150,xlt,6,gasoline,24220,,,54250,2,,False
2018,Ford,f-150,xlt,6,gasoline,220464,,,10000,8,,False
2016,Ford,f-150,xlt,6,gasoline,217465,,,12300,10,,False
2018,Ford,f-150,xlt,6,gasoline,118377,,,19000,8,,False
2020,Ford,f-150,xlt,6,gasoline,183922,,,19000,6,,False
2017,Ford,f-150,king ranch,6,gasoline,171553,,,27000,9,,False
2018,Ford,f-150,xlt,6,gasoline,157904,,,16200,8,,False
2018,Ford,f-150,xlt,6,gasoline,126722,,,23250,8,,False
2018,Ford,f-150,xlt,6,gasoline,153472,,,21100,8,,False
2014,Ford,f-150,xlt,6,gasoline,255643,,,7150,12,,False
2024,Ford,f-150,xlt,8,gasoline,46700,,,47200,2,,False
2024,Ford,f-150,xlt,8,gasoline,21293,,,56600,2,,False
2024,Ford,f-150,xlt,6,gasoline,64993,,,46500,2,,False
2024,Ford,f-150,xlt,6,gasoline,25971,,,49250,2,,False
2020,Ford,f-150,xl,6,gasoline,225276,,,5100,6,,False
2018,Ford,f-150,xlt,8,flex,205432,,,9500,8,,False
2021,Ford,f-150,xlt,6,gasoline,145632,,,22000,5,,False
2022,Ford,f-150,xlt,6,gasoline,139325,,,20000,4,,False
2021,Ford,f-150,lariat,6,gasoline,68825,,,44000,5,,False
2023,Ford,f-150,xlt,6,gasoline,69004,,,35200,3,,False
2023,Ford,f-150,xlt,6,gasoline,50035,,,46750,3,,False
2021,Ford,f-150,xlt,6,gasoline,212234,,,16000,5,,False
2022,Ford,f-150,xlt,6,gasoline,168667,,,22000,4,,False
2021,Ford,f-150,xlt,6,gasoline,92084,,,35000,5,,False
2021,Ford,f-150,xlt,6,gasoline,169679,,,21300,5,,False
2012,Ford,f-150,fx4,6,gasoline,196147,,,9000,14,,False
2023,Ford,f-150,tremor,6,gasoline,56409,,,63300,3,,False
2024,Ford,f-150,lariat,8,gasoline,21047,,,66800,2,,False
2020,Ford,f-150,xlt,6,gasoline,116594,,,28300,6,,False
2025,Ford,f-150,xlt,8,gasoline,19467,,,59100,1,,False
2023,Ford,f-150,xlt,6,gasoline,34095,,,50500,3,,False
2023,Ford,f-150,xlt,6,gasoline,57226,,,46900,3,,False
2023,Ford,f-150,tremor,6,gasoline,47336,,,64800,3,,False
2019,Ford,f-150,xlt,6,gasoline,142692,,,22000,7,,False
2023,Ford,f-150,tremor,6,gasoline,48873,,,60500,3,,False
2022,Ford,f-150,lariat,6,gasoline,104783,,,41500,4,,False
2016,Ford,f-150,lariat,6,gasoline,99880,,,22000,10,,False
2024,Ford,f-150,xlt,6,gasoline,39990,,,56500,2,,False
2024,Ford,f-150,tremor,6,gasoline,14897,,,68000,2,,False
2024,Ford,f-150,xlt,6,gasoline,21947,,,55700,2,,False
2023,Ford,f-150,lariat,6,gasoline,54152,,,54300,3,,False
2025,Ford,f-150,xlt,6,gasoline,20902,,,55300,1,,False
2023,Ford,f-150,lariat,6,gasoline,55458,,,54100,3,,False
2024,Ford,f-150,tremor,6,gasoline,17274,,,73400,2,,False
2013,Ford,f-150,platinum,8,flex,256793,,,6200,13,,False
2023,Ford,f-150,xlt,6,gasoline,7833,,,52900,3,,False
2023,Ford,f-150,xlt,6,gasoline,29629,,,52700,3,,False
2023,Ford,f-150,lariat,6,gasoline,28613,,,53000,3,,False
2023,Ford,f-150,lariat,6,gasoline,54462,,,54600,3,,False
2023,Ford,f-150,xlt,6,gasoline,58521,,,45500,3,,False
2022,Ford,f-150,lariat,6,gasoline,99608,,,43300,4,,False
2022,Ford,f-150,xlt,6,gasoline,59415,,,44300,4,,False
2021,Ford,f-150,lariat,6,gasoline,57391,,,46500,5,,False
2023,Ford,f-150,xlt,6,gasoline,43961,,,43000,3,,False
2021,Ford,f-150,xl,6,gasoline,77142,,,33500,5,,False
2021,Ford,f-150,lariat,6,gasoline,164390,,,28500,5,,False
2022,Ford,f-150,xlt,6,gasoline,73537,,,35000,4,,False
2017,Ford,f-150,xlt,6,gasoline,98112,,,24750,9,,False
2023,Ford,f-150,lariat,6,gasoline,52097,,,48400,3,,False
2018,Ford,f-150,xlt,8,flex,156116,,,20800,8,,False
2018,Ford,f-150,xlt,8,flex,105928,,,24000,8,,False
2023,Ford,f-150,tremor,6,gasoline,89242,,,60400,3,,False
2023,Ford,f-150,tremor,6,gasoline,44724,,,65250,3,,False
2023,Ford,f-150,tremor,6,gasoline,57643,,,66250,3,,False
2023,Ford,f-150,tremor,6,gasoline,53563,,,65250,3,,False
2021,Ford,f-150,xlt,6,flex,132633,,,23250,5,,False
2021,Ford,f-150,xlt,6,flex,196635,,,16500,5,,False
2016,Ford,f-150,xlt,8,flex,163288,,,18750,10,,False
2017,Ford,f-150,xlt,8,flex,225188,,,4900,9,,False
2016,Ford,f-150,xlt,8,flex,167128,,,18250,10,,False
2016,Ford,f-150,xlt,6,gasoline,97201,,,21900,10,,False
2017,Ford,f-150,xlt,6,gasoline,179043,,,11500,9,,False
2021,Ford,f-150,xlt,8,flex,128064,,,27250,5,,False
2021,Ford,f-150,xlt,6,gasoline,186691,,,17250,5,,False
2022,Ford,f-150,lariat,6,gasoline,58337,,,53750,4,,False
2013,Ford,f-150,raptor,8,gasoline,207140,,,23000,13,,False
2025,Ford,f-150,xl,8,gasoline,14106,,,58500,1,,False
2013,Ford,f-150,fx4,8,flex,121744,,,19800,13,,False
2017,Ford,f-150,xlt,6,gasoline,283853,,,4000,9,,False
2022,Ford,f-150,lariat,6,gasoline,26741,,,51000,4,,False
2023,Ford,f-150,xlt,6,gasoline,150323,,,34000,3,,False
2021,Ford,f-150,xlt,6,hybrid,64086,,,43500,5,,False
2022,Ford,f-150,xlt,6,hybrid,111072,,,34000,4,,False
2022,Ford,f-150,limited,6,hybrid,112027,,,46000,4,,False
2021,Ford,f-150,platinum,6,hybrid,59436,,,57000,5,,False
2021,Ford,f-150,lariat,8,flex,52941,,,56500,5,,False
2023,Ford,f-150,xlt,8,flex,41128,,,40700,3,,False
2023,Ford,f-150,xlt,8,flex,57098,,,39500,3,,False
2021,Ford,f-150,lariat,8,flex,100258,,,51250,5,,False
2023,Ford,f-150,lariat,8,flex,70106,,,53500,3,,False
2022,Ford,f-150,lariat,8,flex,98201,,,43200,4,,False
2022,Ford,f-150,xlt,8,flex,58136,,,38000,4,,False
2022,Ford,f-150,xlt,8,flex,54432,,,38250,4,,False
2021,Ford,f-150,xlt,8,flex,172335,,,21000,5,,False
2024,Ford,f-150,no_mention,6,gasoline,37477,,,46000,2,,False
2024,Ford,f-150,xlt,6,gasoline,14277,,,53250,2,,False
2024,Ford,f-150,xlt,6,gasoline,91657,,,46500,2,,False
2021,Ford,f-150,xl,6,gasoline,169096,,,11000,5,,False
2021,Ford,f-150,xl,6,gasoline,177896,,,12750,5,,False
2019,Ford,f-150,xl,6,gasoline,134261,,,11500,7,,False
2016,Ford,f-150,xl,6,flex,271905,,,7000,10,,False
2019,Ford,f-150,xlt,6,flex,164631,,,15000,7,,False
2019,Ford,f-150,xl,6,gasoline,52098,,,23600,7,,False
2019,Ford,f-150,xl,6,gasoline,132164,,,16800,7,,False
2020,Ford,f-150,xlt,6,gasoline,59199,,,40250,6,,False
2019,Ford,f-150,xlt,6,gasoline,145221,,,24000,7,,False
2019,Ford,f-150,xlt,6,gasoline,104133,,,25700,7,,False
2020,Ford,f-150,xlt,6,gasoline,138774,,,18700,6,,False
2016,Ford,f-150,xlt,6,gasoline,78727,,,24000,10,,False
2023,Ford,f-150,raptor,6,gasoline,68732,,,86250,3,,False
2024,Ford,f-150,no_mention,6,gasoline,10070,,,51000,2,,False
2025,Ford,f-150,xlt,6,hybrid,21704,,,51500,1,,False
2025,Ford,f-150,tremor,6,gasoline,10518,,,69800,1,,False
2024,Ford,f-150,tremor,6,gasoline,19739,,,72800,2,,False
2025,Ford,f-150,lariat,6,hybrid,14661,,,73500,1,,False
2020,Ford,f-150,xl,6,gasoline,237637,,,5000,6,,False
2020,Ford,f-150,xl,6,gasoline,169533,,,10500,6,,False
2018,Ford,f-150,xlt,8,flex,168878,,,12300,8,,False
2023,Ford,f-150,xlt,6,gasoline,55954,,,48600,3,,False
2022,Ford,f-150,xlt,6,gasoline,59951,,,36500,4,,False
2023,Ford,f-150,xlt,6,gasoline,152662,,,31000,3,,False
2023,Ford,f-150,xlt,6,gasoline,41393,,,46000,3,,False
2023,Ford,f-150,xlt,6,gasoline,67839,,,45400,3,,False
2023,Ford,f-150,xlt,6,gasoline,68680,,,45750,3,,False
2021,Ford,f-150,xlt,6,gasoline,95180,,,32750,5,,False
2022,Ford,f-150,lariat,6,gasoline,75851,,,42000,4,,False
2022,Ford,f-150,xlt,6,gasoline,35495,,,41000,4,,False
2023,Ford,f-150,xlt,6,gasoline,10607,,,55000,3,,False
2022,Ford,f-150,lariat,6,gasoline,95580,,,41900,4,,False
2023,Ford,f-150,xlt,6,gasoline,27515,,,53000,3,,False
2020,Ford,f-150,xlt,6,gasoline,73270,,,30000,6,,False
2023,Ford,f-150,platinum,6,hybrid,81750,,,59100,3,,False
2023,Ford,f-150,lariat,6,gasoline,96780,,,50000,3,,False
2022,Ford,f-150,lariat,6,gasoline,63556,,,43500,4,,False
2021,Ford,f-150,xlt,6,gasoline,79031,,,42700,5,,False
2019,Ford,f-150,no_mention,6,gasoline,215177,,,10800,7,,False
2018,Ford,f-150,lariat,6,diesel,271688,,,13300,8,,False
2018,Ford,f-150,xlt,8,flex,92711,,,23200,8,,False
2024,Ford,f-150,raptor,8,gasoline,33200,,,138100,2,,False
2013,Ford,f-150,xlt,6,gasoline,175000,,,3300,13,,False
2023,Ford,f-150,lariat,6,gasoline,66339,,,54000,3,,False
2011,Ford,f-150,xlt,8,flex,150911,,,3200,15,,False
2023,Ford,f-150,xl,6,gasoline,32115,,,42900,3,,False
2017,Ford,f-150,xlt,8,flex,114583,,,12800,9,,False
2023,Ford,f-150,xlt,6,gasoline,30847,,,48800,3,,False
2021,Ford,f-150,no_mention,6,gasoline,114982,,,25900,5,,False
2023,Ford,f-150,xlt,6,gasoline,60274,,,48800,3,,False
2023,Ford,f-150,lariat,6,gasoline,49788,,,51600,3,,False
2023,Ford,f-150,xlt,6,gasoline,32790,,,46200,3,,False
2023,Ford,f-150,lariat,6,gasoline,23607,,,53600,3,,False
2022,Ford,f-150,lariat,6,gasoline,60277,,,38000,4,,False
2023,Ford,f-150,lariat,6,gasoline,60226,,,47200,3,,False
2023,Ford,f-150,lariat,6,gasoline,51411,,,50000,3,,False
2023,Ford,f-150,lariat,6,gasoline,58314,,,54200,3,,False
2023,Ford,f-150,lariat,6,gasoline,44466,,,48400,3,,False
2023,Ford,f-150,xl,6,gasoline,69174,,,51200,3,,False
2021,Ford,f-150,xlt,6,gasoline,111549,,,30500,5,,False
2022,Ford,f-150,lariat,6,gasoline,88016,,,42900,4,,False
2023,Ford,f-150,lariat,6,gasoline,28688,,,55000,3,,False
2023,Ford,f-150,xlt,6,gasoline,23738,,,37200,3,,False
2023,Ford,f-150,lariat,6,gasoline,120615,,,37000,3,,False
2023,Ford,f-150,lariat,6,gasoline,33246,,,56600,3,,False
2023,Ford,f-150,lariat,6,gasoline,38639,,,51000,3,,False
2023,Ford,f-150,xl,6,gasoline,68948,,,38400,3,,False
2023,Ford,f-150,lariat,6,gasoline,73893,,,48800,3,,False
2020,Ford,f-150,xl,6,gasoline,35213,,,35700,6,,False
2023,Ford,f-150,lariat,6,gasoline,15998,,,54800,3,,False
2023,Ford,f-150,lariat,6,gasoline,38162,,,54800,3,,False
2023,Ford,f-150,lariat,6,gasoline,43109,,,50600,3,,False
2023,Ford,f-150,lariat,6,gasoline,21697,,,57400,3,,False
2023,Ford,f-150,lariat,6,gasoline,66955,,,52400,3,,False
2023,Ford,f-150,lariat,6,gasoline,27179,,,58000,3,,False
2023,Ford,f-150,lariat,6,gasoline,30689,,,56600,3,,False
2023,Ford,f-150,xlt,6,gasoline,83598,,,21000,3,,False
2023,Ford,f-150,lariat,6,gasoline,30026,,,54800,3,,False
2023,Ford,f-150,xlt,6,gasoline,77632,,,42800,3,,False
2023,Ford,f-150,lariat,6,gasoline,19921,,,56800,3,,False
2023,Ford,f-150,lariat,6,gasoline,43809,,,53000,3,,False
2023,Ford,f-150,lariat,6,gasoline,33944,,,58000,3,,False
2023,Ford,f-150,lariat,6,gasoline,43118,,,54000,3,,False
2023,Ford,f-150,lariat,6,gasoline,67572,,,43400,3,,False
2022,Ford,f-150,xlt,6,gasoline,77640,,,24000,4,,False
2023,Ford,f-150,lariat,6,gasoline,53446,,,53600,3,,False
2023,Ford,f-150,xlt,6,gasoline,35972,,,47400,3,,False
2023,Ford,f-150,xl,6,gasoline,46809,,,40000,3,,False
2023,Ford,f-150,lariat,6,gasoline,51797,,,52800,3,,False
2022,Ford,f-150,lariat,6,gasoline,53938,,,39200,4,,False
2023,Ford,f-150,lariat,6,gasoline,54917,,,50200,3,,False
2023,Ford,f-150,tremor,6,gasoline,28535,,,64500,3,,False
2022,Ford,f-150,tremor,6,gasoline,108924,,,37500,4,,False
2023,Ford,f-150,xlt,8,flex,13476,,,44600,3,,False
2016,Ford,f-150,xlt,8,flex,282637,,,4100,10,,False
2023,Ford,f-150,xlt,6,hybrid,41583,,,50000,3,,False
2023,Ford,f-150,lariat,6,hybrid,49419,,,56800,3,,False
2014,Ford,f-150,fx4,8,flex,212272,,,10300,12,,False
2022,Ford,f-150,xlt,6,gasoline,102021,,,36100,4,,False
2023,Ford,f-150,lariat,6,gasoline,43474,,,56200,3,,False
2023,Ford,f-150,xlt,6,gasoline,40907,,,47000,3,,False
2023,Ford,f-150,xlt,6,gasoline,31524,,,45000,3,,False
2023,Ford,f-150,xlt,6,gasoline,24818,,,45000,3,,False
2023,Ford,f-150,lariat,6,hybrid,48492,,,55600,3,,False
2023,Ford,f-150,platinum,6,hybrid,99897,,,57100,3,,False
2022,Ford,f-150,xlt,6,hybrid,237518,,,18250,4,,False
2023,Ford,f-150,lariat,6,hybrid,32718,,,56200,3,,False
2023,Ford,f-150,lariat,6,hybrid,94722,,,49000,3,,False
2018,Ford,f-150,xlt,8,flex,224281,,,10000,8,,False
2020,Ford,f-150,xlt,8,flex,221696,,,9100,6,,False
2021,Ford,f-150,lariat,8,flex,73896,,,48000,5,,False
2021,Ford,f-150,xlt,8,flex,126255,,,26500,5,,False
2023,Ford,f-150,lariat,8,flex,50870,,,59800,3,,False
2022,Ford,f-150,xlt,8,flex,66591,,,31750,4,,False
2023,Ford,f-150,lariat,8,flex,49443,,,60600,3,,False
2023,Ford,f-150,xlt,8,flex,50824,,,41800,3,,False
2022,Ford,f-150,xlt,8,flex,107593,,,28900,4,,False
2023,Ford,f-150,lariat,6,gasoline,30196,,,53800,3,,False
2023,Ford,f-150,lariat,6,gasoline,48213,,,52000,3,,False
2023,Ford,f-150,lariat,6,gasoline,50738,,,54000,3,,False
2024,Ford,f-150,no_mention,6,gasoline,33108,,,44000,2,,False
2015,Ford,f-150,xlt,6,flex,242100,,,4000,11,,False
2020,Ford,f-150,xlt,6,gasoline,59313,,,33000,6,,False
2018,Ford,f-150,xlt,6,gasoline,159183,,,23700,8,,False
2014,Ford,f-150,xlt,6,gasoline,150959,,,8100,12,,False
2025,Ford,f-150,xlt,6,gasoline,18884,,,54900,1,,False
2024,Ford,f-150,xlt,6,gasoline,10663,,,52700,2,,False
2024,Ford,f-150,xlt,6,gasoline,20283,,,55400,2,,False
2024,Ford,f-150,lariat,8,gasoline,74783,,,56800,2,,False
2025,Ford,f-150,lariat,6,hybrid,8470,,,88800,1,,False
2025,Ford,f-150,platinum,6,gasoline,13618,,,84400,1,,False
2021,Ford,f-150,xlt,6,gasoline,139509,,,22100,5,,False
2022,Ford,f-150,xlt,6,gasoline,60322,,,33000,4,,False
2023,Ford,f-150,xlt,6,gasoline,42026,,,45750,3,,False
2022,Ford,f-150,xlt,6,gasoline,94891,,,27800,4,,False
2023,Ford,f-150,xlt,6,gasoline,54438,,,39600,3,,False
2023,Ford,f-150,xlt,6,gasoline,39282,,,48600,3,,False
2023,Ford,f-150,lariat,6,gasoline,34776,,,57400,3,,False
2023,Ford,f-150,xlt,6,gasoline,77062,,,37600,3,,False
2023,Ford,f-150,xlt,6,gasoline,42311,,,43200,3,,False
2023,Ford,f-150,lariat,6,gasoline,23880,,,56000,3,,False
2023,Ford,f-150,xlt,6,gasoline,50598,,,47000,3,,False
2023,Ford,f-150,xlt,6,gasoline,84597,,,38300,3,,False
2023,Ford,f-150,lariat,6,gasoline,46953,,,55200,3,,False
2023,Ford,f-150,xlt,6,gasoline,46421,,,38000,3,,False
2023,Ford,f-150,xlt,6,gasoline,25562,,,47800,3,,False
2023,Ford,f-150,lariat,6,gasoline,50252,,,53400,3,,False
2023,Ford,f-150,xlt,6,gasoline,54648,,,43500,3,,False
2023,Ford,f-150,xlt,6,gasoline,74801,,,42400,3,,False
2023,Ford,f-150,platinum,6,gasoline,60237,,,62250,3,,False
2023,Ford,f-150,xlt,6,gasoline,25219,,,48000,3,,False
2022,Ford,f-150,xlt,6,gasoline,17217,,,38800,4,,False
2023,Ford,f-150,lariat,6,gasoline,37695,,,56200,3,,False
2023,Ford,f-150,lariat,6,gasoline,39949,,,53600,3,,False
2017,Ford,f-150,lariat,6,gasoline,155469,,,14200,9,,False
2023,Ford,f-150,xlt,6,gasoline,93236,,,35500,3,,False
2021,Ford,f-150,lariat,6,gasoline,106326,,,41500,5,,False
2022,Ford,f-150,xlt,6,hybrid,28475,,,46200,4,,False
2022,Ford,f-150,xlt,6,hybrid,86736,,,37500,4,,False
2015,Ford,f-150,lariat,6,gasoline,252682,,,7200,11,,False
2023,Ford,f-150,platinum,6,gasoline,16850,,,71000,3,,False
2014,Ford,f-150,xlt,8,flex,193721,,,8300,12,,False
2023,Ford,f-150,raptor,6,gasoline,37000,,,89600,3,,False
2021,Ford,f-150,xl,6,flex,82528,,,30700,5,,False
2021,Ford,f-150,lariat,8,flex,89239,,,47400,5,,False
2013,Ford,f-150,fx4,6,gasoline,210430,,,9000,13,,False
2021,Ford,f-150,platinum,6,hybrid,223960,,,28500,5,,False
2018,Ford,f-150,xlt,8,flex,158976,,,22000,8,,False
2017,Ford,f-150,xlt,8,flex,262926,,,7000,9,,False
2023,Ford,f-150,king ranch,6,gasoline,37579,,,62800,3,,False
2020,Ford,f-150,xlt,6,gasoline,147596,,,23600,6,,False
2023,Ford,f-150,raptor,6,gasoline,57654,,,83500,3,,False
2014,Ford,f-150,no_mention,8,flex,237485,,,4500,12,,False
2014,Ford,f-150,xlt,6,gasoline,92977,,,15300,12,,False
2018,Ford,f-150,xlt,8,flex,101089,,,27000,8,,False
2023,Ford,f-150,lariat,6,gasoline,34908,,,54500,3,,False
2023,Ford,f-150,xlt,6,gasoline,52565,,,40100,3,,False
2018,Ford,f-150,xlt,6,gasoline,155890,,,19900,8,,False
2023,Ford,f-150,xlt,8,flex,77875,,,46000,3,,False
2023,Ford,f-150,xlt,6,gasoline,61398,,,46500,3,,False
2023,Ford,f-150,lariat,6,gasoline,75998,,,51700,3,,False
2023,Ford,f-150,xlt,6,gasoline,78814,,,41100,3,,False
2023,Ford,f-150,xlt,8,flex,31151,,,49000,3,,False
2018,Ford,f-150,lariat,8,flex,255269,,,14000,8,,False
2021,Ford,f-150,xlt,8,flex,221355,,,9500,5,,False
2014,Ford,f-150,fx4,6,gasoline,253942,,,4200,12,,False
2019,Ford,f-150,platinum,6,gasoline,124899,,,31800,7,,False
2018,Ford,f-150,lariat,6,gasoline,187791,,,21700,8,,False
2016,Ford,f-150,xlt,6,gasoline,143502,,,17800,10,,False
2016,Ford,f-150,xlt,6,gasoline,215917,,,12200,10,,False
2022,Ford,f-150,xlt,8,flex,86520,,,38500,4,,False
2022,Ford,f-150,lariat,6,gasoline,96565,,,37500,4,,False
2023,Ford,f-150,xlt,6,hybrid,18563,,,51000,3,,False
2024,Ford,f-150,tremor,6,gasoline,25175,,,65300,2,,False
2022,Ford,f-150,xlt,6,gasoline,78193,,,35500,4,,False
2018,Ford,f-150,lariat,8,flex,101498,,,31700,8,,False
2013,Ford,f-150,fx4,6,gasoline,152487,,,14100,13,,False
2021,Ford,f-150,xlt,6,gasoline,168823,,,29300,5,,False
2021,Ford,f-150,lariat,6,gasoline,94243,,,40900,5,,False
2019,Ford,f-150,xlt,6,gasoline,230679,,,15200,7,,False
2020,Ford,f-150,xlt,6,gasoline,118990,,,29500,6,,False
2023,Ford,f-150,xlt,8,flex,116620,,,32500,3,,False
2017,Ford,f-150,xlt,6,flex,177270,,,14000,9,,False
2016,Ford,f-150,no_mention,6,gasoline,248334,,,6800,10,,False
2023,Ford,f-150,lariat,6,gasoline,54316,,,52700,3,,False
2018,Ford,f-150,xlt,6,gasoline,166000,,,17000,8,,False
2018,Ford,f-150,xlt,6,gasoline,115570,,,26000,8,,False
2021,Ford,f-150,no_mention,6,hybrid,119800,,,31000,5,,False
2023,Ford,f-150,lariat,6,gasoline,49586,,,52100,3,,False
2020,Ford,f-150,xlt,8,flex,136000,,,26600,6,,False
2018,Ford,f-150,lariat,6,gasoline,89203,,,35000,8,,False
2016,Ford,f-150,xlt,8,flex,152810,,,22400,10,,False
2023,Ford,f-150,lariat,6,gasoline,37382,,,55800,3,,False
2023,Ford,f-150,lariat,6,gasoline,28513,,,57200,3,,False
2023,Ford,f-150,xlt,8,flex,35676,,,51400,3,,False
2017,Ford,f-150,no_mention,6,gasoline,182658,,,17400,9,,False
2020,Ford,f-150,lariat,6,gasoline,83453,,,30200,6,,False
2021,Ford,f-150,lariat,6,gasoline,73651,,,44250,5,,False
2023,Ford,f-150,xl,6,gasoline,83729,,,31100,3,,False
2022,Ford,f-150,xlt,6,gasoline,61294,,,36400,4,,False
2018,Ford,f-150,xlt,8,flex,277035,,,8000,8,,False
2018,Ford,f-150,xlt,8,flex,113299,,,27100,8,,False
2018,Ford,f-150,xlt,8,flex,202543,,,15000,8,,False
2021,Ford,f-150,xlt,6,flex,147308,,,20600,5,,False
2016,Ford,f-150,xlt,8,flex,274221,,,7000,10,,False
2022,Ford,f-150,lariat,6,hybrid,74266,,,50400,4,,False
2014,Ford,f-150,xlt,8,flex,129684,,,6700,12,,False
2022,Ford,f-150,xl,8,flex,72516,,,32000,4,,False
2021,Ford,f-150,lariat,8,flex,137028,,,30000,5,,False
2022,Ford,f-150,xlt,8,flex,116836,,,33000,4,,False
2012,Ford,f-150,lariat,6,gasoline,104822,,,3050,14,,False
2024,Ford,f-150,no_mention,6,gasoline,40271,,,43500,2,,False
2024,Ford,f-150,xlt,6,gasoline,51158,,,47750,2,,False
2019,Ford,f-150,xlt,6,gasoline,97390,,,19500,7,,False
2022,Ford,f-150,xlt,6,gasoline,64519,,,38400,4,,False
2021,Ford,f-150,xlt,6,gasoline,234348,,,16400,5,,False
2023,Ford,f-150,xlt,6,gasoline,59186,,,46500,3,,False
2022,Ford,f-150,xlt,6,gasoline,191386,,,26500,4,,False
2016,Ford,f-150,xlt,8,flex,193302,,,15000,10,,False
2011,Ford,f-150,fx4,8,flex,256607,,,3900,15,,False
2013,Ford,f-150,fx4,6,gasoline,261487,,,4500,13,,False
2022,Ford,f-150,lariat,6,gasoline,35482,,,46500,4,,False
2021,Ford,f-150,lariat,8,flex,190267,,,26100,5,,False
2023,Ford,f-150,lariat,6,gasoline,46100,,,55900,3,,False
2018,Ford,f-150,lariat,8,flex,127071,,,27700,8,,False
2022,Ford,f-150,xlt,8,flex,57230,,,37600,4,,False
2023,Ford,f-150,xlt,6,gasoline,33643,,,52100,3,,False
2015,Ford,f-150,xlt,8,flex,297222,,,4200,11,,False
2017,Ford,f-150,lariat,6,gasoline,190607,,,20600,9,,False
2021,Ford,f-150,lariat,6,gasoline,180722,,,30300,5,,False
2018,Ford,f-150,xlt,6,gasoline,289645,,,4600,8,,False
2019,Ford,f-150,xl,6,gasoline,139409,,,23800,7,,False
2021,Ford,f-150,lariat,6,gasoline,260039,,,20000,5,,False
2022,Ford,f-150,xlt,6,gasoline,55551,,,38100,4,,False
2016,Ford,f-150,xlt,6,gasoline,254582,,,10100,10,,False
2020,Ford,f-150,xl,6,gasoline,76286,,,20250,6,,False
2021,Ford,f-150,xlt,6,gasoline,87132,,,37500,5,,False
2017,Ford,f-150,xlt,6,gasoline,159848,,,24500,9,,False
2022,Ford,f-150,xlt,6,gasoline,211025,,,20750,4,,False
2022,Ford,f-150,lariat,6,gasoline,64129,,,45000,4,,False
2020,Ford,f-150,xlt,6,gasoline,91248,,,32700,6,,False
2020,Ford,f-150,xlt,6,gasoline,118666,,,27300,6,,False
2020,Ford,f-150,xlt,6,gasoline,55907,,,32500,6,,False
2019,Ford,f-150,xlt,6,gasoline,143304,,,19600,7,,False
2020,Ford,f-150,xlt,8,flex,214512,,,13700,6,,False
2018,Ford,f-150,xlt,8,flex,195775,,,13700,8,,False
2023,Ford,f-150,tremor,6,gasoline,68431,,,63000,3,,False
2022,Ford,f-150,tremor,6,gasoline,45768,,,57200,4,,False
2021,Ford,f-150,xlt,6,flex,85654,,,30000,5,,False
2022,Ford,f-150,xl,6,flex,65555,,,32000,4,,False
2021,Ford,f-150,xlt,6,flex,93659,,,29000,5,,False
2023,Ford,f-150,xlt,6,flex,137668,,,24000,3,,False
2022,Ford,f-150,xl,6,flex,63755,,,32000,4,,False
2021,Ford,f-150,xlt,6,flex,110459,,,29100,5,,False
2021,Ford,f-150,lariat,6,gasoline,94559,,,42000,5,,False
2019,Ford,f-150,xlt,6,flex,125699,,,24800,7,,False
2014,Ford,f-150,xlt,8,flex,194965,,,3400,12,,False
2016,Ford,f-150,xlt,8,flex,213951,,,11000,10,,False
2021,Ford,f-150,xlt,6,gasoline,93057,,,36100,5,,False
2023,Ford,f-150,xlt,6,gasoline,121186,,,35500,3,,False
2023,Ford,f-150,xlt,6,gasoline,49913,,,43750,3,,False
2022,Ford,f-150,xlt,6,hybrid,51998,,,41750,4,,False
2023,Ford,f-150,xlt,8,flex,33655,,,44200,3,,False
2019,Ford,f-150,xlt,8,flex,86134,,,29600,7,,False
2021,Ford,f-150,xlt,8,flex,171878,,,20000,5,,False
2018,Ford,f-150,xlt,8,flex,261448,,,10050,8,,False
2021,Ford,f-150,xlt,8,flex,254360,,,16300,5,,False
2018,Ford,f-150,lariat,6,gasoline,225374,,,18000,8,,False
2021,Ford,f-150,xlt,6,gasoline,159687,,,24900,5,,False
2024,Ford,f-150,xlt,6,gasoline,36604,,,53400,2,,False
2019,Ford,f-150,xlt,6,flex,149297,,,13300,7,,False
2018,Ford,f-150,xl,8,flex,132962,,,16500,8,,False
2017,Ford,f-150,xlt,6,gasoline,214946,,,12700,9,,False
2016,Ford,f-150,xlt,6,gasoline,71980,,,22900,10,,False
2019,Ford,f-150,xl,6,gasoline,179576,,,9000,7,,False
2022,Ford,f-150,xlt,6,gasoline,94443,,,28000,4,,False
2019,Ford,f-150,xlt,6,gasoline,263622,,,8500,7,,False
2019,Ford,f-150,xlt,6,gasoline,134896,,,22700,7,,False
2015,Ford,f-150,lariat,6,gasoline,196960,,,10100,11,,False
2016,Ford,f-150,xlt,6,gasoline,60965,,,24000,10,,False
2012,Ford,f-150,platinum,6,gasoline,215349,,,5900,14,,False
2010,Ford,f-150,xlt,8,flex,175844,,,6600,16,,False
2024,Ford,f-150,xlt,6,gasoline,32133,,,51500,2,,False
2024,Ford,f-150,xlt,6,gasoline,37841,,,49500,2,,False
2024,Ford,f-150,xlt,6,gasoline,40475,,,50500,2,,False
2024,Ford,f-150,xlt,6,gasoline,21318,,,53000,2,,False
2024,Ford,f-150,lariat,6,gasoline,35494,,,68250,2,,False
2021,Ford,f-150,xlt,8,flex,195708,,,16500,5,,False
2019,Ford,f-150,xlt,8,flex,207368,,,8250,7,,False
2021,Ford,f-150,xlt,8,flex,69784,,,36600,5,,False
2018,Ford,f-150,xlt,8,flex,137178,,,15500,8,,False
2023,Ford,f-150,xlt,6,gasoline,66230,,,42000,3,,False
2022,Ford,f-150,xlt,6,gasoline,123592,,,26250,4,,False
2023,Ford,f-150,xlt,6,gasoline,52528,,,44000,3,,False
2022,Ford,f-150,xlt,6,gasoline,124772,,,30300,4,,False
2021,Ford,f-150,lariat,6,gasoline,74229,,,47900,5,,False
2022,Ford,f-150,xlt,6,gasoline,69759,,,44750,4,,False
2023,Ford,f-150,xlt,6,gasoline,53842,,,47000,3,,False
2021,Ford,f-150,xlt,6,gasoline,84370,,,39400,5,,False
2021,Ford,f-150,xlt,6,gasoline,159506,,,23000,5,,False
2014,Ford,f-150,xlt,6,gasoline,141341,,,12600,12,,False
2020,Ford,f-150,xlt,8,flex,89861,,,24000,6,,False
2017,Ford,f-150,xlt,6,gasoline,125622,,,21100,9,,False
2021,Ford,f-150,lariat,6,gasoline,149792,,,33800,5,,False
2023,Ford,f-150,xlt,6,gasoline,57938,,,40000,3,,False
2018,Ford,f-150,xlt,6,gasoline,189648,,,17700,8,,False
2022,Ford,f-150,xlt,6,gasoline,44000,,,40500,4,,False
2022,Ford,f-150,xlt,6,gasoline,83660,,,37500,4,,False
2021,Ford,f-150,king ranch,6,hybrid,196223,,,36000,5,,False
2021,Ford,f-150,xlt,6,gasoline,246693,,,14800,5,,False
2025,Ford,f-150,lariat,6,gasoline,6800,,,70000,1,,False
2016,Ford,f-150,no_mention,6,gasoline,217569,,,13000,10,,False
2018,Ford,f-150,no_mention,6,gasoline,196330,,,14500,8,,False
2019,Ford,f-150,limited,6,gasoline,122798,,,38000,7,,False
2018,Ford,f-150,xlt,6,gasoline,150625,,,23100,8,,False
2022,Ford,f-150,tremor,6,gasoline,108136,,,42300,4,,False
2024,Ford,f-150,xlt,6,gasoline,37128,,,52700,2,,False
2024,Ford,f-150,xlt,6,gasoline,39430,,,55300,2,,False
2023,Ford,f-150,lariat,6,gasoline,37657,,,56100,3,,False
2018,Ford,f-150,king ranch,8,flex,120235,,,37100,8,,False
2024,Ford,f-150,xlt,6,gasoline,23212,,,55900,2,,False
2024,Ford,f-150,no_mention,6,gasoline,12046,,,42000,2,,False
2023,Ford,f-150,xlt,6,gasoline,68997,,,45800,3,,False
2023,Ford,f-150,xlt,6,gasoline,32003,,,54300,3,,False
2023,Ford,f-150,xlt,6,gasoline,55121,,,49000,3,,False
2021,Ford,f-150,xlt,6,gasoline,169447,,,14600,5,,False
2023,Ford,f-150,xlt,6,gasoline,25084,,,50250,3,,False
2019,Ford,f-150,xlt,6,gasoline,216920,,,15500,7,,False
2022,Ford,f-150,lariat,6,gasoline,126615,,,38250,4,,False
2023,Ford,f-150,lariat,6,gasoline,46091,,,55400,3,,False
2023,Ford,f-150,lariat,6,gasoline,65628,,,50000,3,,False
2023,Ford,f-150,xlt,6,gasoline,133709,,,36200,3,,False
2023,Ford,f-150,lariat,6,gasoline,53483,,,48100,3,,False
2021,Ford,f-150,xlt,6,gasoline,199982,,,22500,5,,False
2016,Ford,f-150,xlt,6,flex,276279,,,7500,10,,False
2023,Ford,f-150,tremor,6,gasoline,40055,,,69250,3,,False
2023,Ford,f-150,tremor,6,gasoline,58734,,,64800,3,,False
2022,Ford,f-150,tremor,6,gasoline,84069,,,51250,4,,False
2023,Ford,f-150,tremor,6,gasoline,35958,,,66000,3,,False
2022,Ford,f-150,tremor,6,gasoline,53438,,,55000,4,,False
2023,Ford,f-150,tremor,6,gasoline,19995,,,60000,3,,False
2023,Ford,f-150,tremor,6,gasoline,6910,,,67000,3,,False
2022,Ford,f-150,tremor,6,gasoline,34642,,,56750,4,,False
2023,Ford,f-150,tremor,6,gasoline,72284,,,64750,3,,False
2022,Ford,f-150,tremor,6,gasoline,61954,,,55100,4,,False
2020,Ford,f-150,xlt,6,flex,177269,,,15250,6,,False
2021,Ford,f-150,xlt,6,flex,196634,,,14000,5,,False
2018,Ford,f-150,xlt,6,flex,143846,,,14900,8,,False
2020,Ford,f-150,xlt,6,flex,153038,,,19000,6,,False
2022,Ford,f-150,xl,6,flex,179511,,,16800,4,,False
2016,Ford,f-150,xlt,8,flex,249479,,,5250,10,,False
2018,Ford,f-150,xlt,6,gasoline,120512,,,24500,8,,False
2017,Ford,f-150,lariat,6,gasoline,98822,,,30000,9,,False
2016,Ford,f-150,lariat,6,gasoline,120796,,,28400,10,,False
2022,Ford,f-150,xlt,8,flex,65263,,,35300,4,,False
2023,Ford,f-150,xlt,8,flex,47523,,,53000,3,,False
2017,Ford,f-150,xlt,8,flex,215363,,,10000,9,,False
2016,Ford,f-150,xl,6,flex,175960,,,5250,10,,False
2014,Ford,f-150,fx4,8,flex,255474,,,6800,12,,False
2011,Ford,f-150,xlt,8,flex,153500,,,8100,15,,False
2016,Ford,f-150,xlt,8,flex,189531,,,16000,10,,False
2023,Ford,f-150,xlt,6,gasoline,60442,,,43800,3,,False
2022,Ford,f-150,xlt,6,gasoline,40888,,,40250,4,,False
2023,Ford,f-150,xlt,6,gasoline,123437,,,30400,3,,False
2022,Ford,f-150,xlt,6,gasoline,62999,,,34000,4,,False
2022,Ford,f-150,xlt,6,gasoline,158042,,,27000,4,,False
2022,Ford,f-150,xlt,6,hybrid,53548,,,37500,4,,False
2021,Ford,f-150,lariat,6,hybrid,89789,,,43000,5,,False
2022,Ford,f-150,xlt,6,hybrid,86934,,,30250,4,,False
2021,Ford,f-150,limited,6,hybrid,100446,,,55000,5,,False
2021,Ford,f-150,lariat,8,flex,147822,,,38500,5,,False
2022,Ford,f-150,xlt,8,flex,48265,,,46300,4,,False
2021,Ford,f-150,lariat,8,flex,98073,,,50250,5,,False
2023,Ford,f-150,xlt,8,flex,143080,,,29750,3,,False
2023,Ford,f-150,lariat,6,gasoline,30541,,,55500,3,,False
2023,Ford,f-150,lariat,6,gasoline,15815,,,60750,3,,False
2024,Ford,f-150,xlt,6,gasoline,36212,,,51000,2,,False
2024,Ford,f-150,xlt,6,gasoline,37621,,,53400,2,,False
2019,Ford,f-150,xl,8,flex,154666,,,11250,7,,False
2018,Ford,f-150,xl,8,flex,208216,,,5800,8,,False
2018,Ford,f-150,xl,8,flex,188329,,,8000,8,,False
2019,Ford,f-150,xl,8,flex,180318,,,6250,7,,False
2022,Ford,f-150,xl,6,flex,78839,,,22200,4,,False
2021,Ford,f-150,xl,6,gasoline,156158,,,16250,5,,False
2022,Ford,f-150,xl,6,gasoline,172813,,,9000,4,,False
2022,Ford,f-150,xl,6,gasoline,197302,,,9500,4,,False
2021,Ford,f-150,xl,6,gasoline,169676,,,15000,5,,False
2019,Ford,f-150,xl,6,gasoline,145464,,,16800,7,,False
2019,Ford,f-150,xl,6,gasoline,134196,,,18900,7,,False
2019,Ford,f-150,xl,6,gasoline,82393,,,21000,7,,False
2019,Ford,f-150,xl,6,gasoline,110931,,,20000,7,,False
2020,Ford,f-150,xlt,6,gasoline,114998,,,23250,6,,False
2020,Ford,f-150,xlt,6,gasoline,188795,,,23250,6,,False
2020,Ford,f-150,xlt,6,gasoline,104975,,,27000,6,,False
2018,Ford,f-150,raptor,6,gasoline,120717,,,48000,8,,False
2024,Ford,f-150,raptor,6,gasoline,45088,,,91750,2,,False
2024,Ford,f-150,xlt,6,gasoline,42654,,,48500,2,,False
2024,Ford,f-150,tremor,6,gasoline,93113,,,60250,2,,False
2024,Ford,f-150,lariat,8,gasoline,60981,,,64100,2,,False
2024,Ford,f-150,lariat,6,gasoline,28993,,,68500,2,,False
2025,Ford,f-150,lariat,6,gasoline,19637,,,75500,1,,False
2024,Ford,f-150,lariat,6,gasoline,13853,,,67250,2,,False
2020,Ford,f-150,xl,6,gasoline,176041,,,8250,6,,False
2022,Ford,f-150,xlt,8,flex,104211,,,30400,4,,False
2022,Ford,f-150,xlt,8,flex,76800,,,36000,4,,False
2022,Ford,f-150,xlt,8,flex,150944,,,24600,4,,False
2022,Ford,f-150,xlt,8,flex,60443,,,36800,4,,False
2021,Ford,f-150,xlt,6,gasoline,172292,,,18900,5,,False
2023,Ford,f-150,xlt,6,gasoline,31316,,,52750,3,,False
2023,Ford,f-150,xl,6,gasoline,99874,,,20200,3,,False
2021,Ford,f-150,xlt,6,gasoline,128030,,,29500,5,,False
2022,Ford,f-150,xlt,6,gasoline,148197,,,31750,4,,False
2022,Ford,f-150,xlt,6,gasoline,58468,,,47750,4,,False
2023,Ford,f-150,xlt,6,gasoline,58448,,,40700,3,,False
2022,Ford,f-150,xlt,6,gasoline,53885,,,42700,4,,False
2023,Ford,f-150,lariat,6,gasoline,59869,,,57500,3,,False
2021,Ford,f-150,xlt,6,gasoline,75045,,,40750,5,,False
2021,Ford,f-150,xlt,6,gasoline,110441,,,37100,5,,False
2023,Ford,f-150,xlt,6,gasoline,67800,,,48500,3,,False
2022,Ford,f-150,xlt,6,gasoline,64764,,,38800,4,,False
2022,Ford,f-150,lariat,6,gasoline,76993,,,51000,4,,False
2023,Ford,f-150,lariat,6,gasoline,60084,,,58500,3,,False
2023,Ford,f-150,xlt,6,gasoline,47332,,,50750,3,,False
2018,Ford,f-150,xlt,8,flex,138867,,,24500,8,,False
2017,Ford,f-150,xlt,8,flex,228518,,,13700,9,,False
2013,Ford,f-150,xlt,6,gasoline,206591,,,7400,13,,False
2018,Ford,f-150,lariat,8,flex,152930,,,23900,8,,False
2023,Ford,f-150,xlt,6,gasoline,57740,,,45900,3,,False
2016,Ford,f-150,no_mention,8,flex,203651,,,9000,10,,False
2024,Ford,f-150,xlt,6,gasoline,19800,,,49600,2,,False
2021,Ford,f-150,xlt,8,flex,91655,,,34500,5,,False
2021,Ford,f-150,no_mention,8,flex,252697,,,9300,5,,False
2014,Ford,f-150,no_mention,8,flex,176356,,,11600,12,,False
2025,Ford,f-150,lariat,6,hybrid,15558,,,73000,1,,False
2022,Ford,f-150,lariat,6,gasoline,48707,,,34000,4,,False
2018,Ford,f-150,xlt,6,gasoline,154840,,,20500,8,,False
2022,Ford,f-150,no_mention,6,hybrid,51792,,,47500,4,,False
2017,Ford,f-150,xlt,6,flex,224809,,,9500,9,,False
2023,Ford,f-150,tremor,6,gasoline,33675,,,62000,3,,False
2012,Ford,f-150,xlt,8,flex,266329,,,8200,14,,False
2023,Ford,f-150,lariat,6,gasoline,26978,,,55000,3,,False
2023,Ford,f-150,lariat,6,gasoline,38097,,,53800,3,,False
2023,Ford,f-150,lariat,6,gasoline,37173,,,56200,3,,False
2023,Ford,f-150,lariat,6,gasoline,31904,,,52000,3,,False
2023,Ford,f-150,lariat,6,gasoline,44270,,,55400,3,,False
2023,Ford,f-150,xlt,6,gasoline,13322,,,50600,3,,False
2022,Ford,f-150,lariat,6,gasoline,77560,,,37400,4,,False
2023,Ford,f-150,xlt,6,gasoline,40355,,,50800,3,,False
2023,Ford,f-150,lariat,6,gasoline,48967,,,54000,3,,False
2023,Ford,f-150,lariat,6,gasoline,39919,,,55000,3,,False
2023,Ford,f-150,xlt,6,gasoline,41333,,,44000,3,,False
2021,Ford,f-150,xlt,6,gasoline,110127,,,27200,5,,False
2023,Ford,f-150,lariat,6,gasoline,37616,,,55400,3,,False
2023,Ford,f-150,xlt,6,gasoline,40326,,,48000,3,,False
2023,Ford,f-150,lariat,6,gasoline,39766,,,56000,3,,False
2023,Ford,f-150,lariat,6,gasoline,51067,,,52800,3,,False
2023,Ford,f-150,lariat,6,gasoline,37214,,,55600,3,,False
2023,Ford,f-150,xlt,6,gasoline,32100,,,46800,3,,False
2022,Ford,f-150,lariat,6,gasoline,57451,,,39200,4,,False
2023,Ford,f-150,xlt,6,gasoline,54759,,,42200,3,,False
2023,Ford,f-150,xlt,6,gasoline,60945,,,45200,3,,False
2023,Ford,f-150,lariat,6,gasoline,34559,,,49400,3,,False
2023,Ford,f-150,lariat,6,gasoline,41613,,,52200,3,,False
2023,Ford,f-150,lariat,6,gasoline,62961,,,50000,3,,False
2023,Ford,f-150,xlt,6,gasoline,31044,,,40400,3,,False
2023,Ford,f-150,lariat,6,gasoline,30897,,,52000,3,,False
2023,Ford,f-150,lariat,6,gasoline,32039,,,50400,3,,False
2022,Ford,f-150,lariat,6,gasoline,47558,,,39800,4,,False
2023,Ford,f-150,xl,6,gasoline,16293,,,43600,3,,False
2023,Ford,f-150,xlt,6,gasoline,32111,,,40600,3,,False
2023,Ford,f-150,xlt,6,gasoline,53610,,,50200,3,,False
2019,Ford,f-150,xl,6,gasoline,68069,,,19400,7,,False
2023,Ford,f-150,lariat,6,gasoline,41622,,,55000,3,,False
2023,Ford,f-150,lariat,6,gasoline,29536,,,51000,3,,False
2023,Ford,f-150,lariat,6,gasoline,99957,,,39600,3,,False
2023,Ford,f-150,lariat,6,gasoline,30981,,,52600,3,,False
2019,Ford,f-150,xlt,6,gasoline,228346,,,11500,7,,False
2022,Ford,f-150,xlt,6,gasoline,144721,,,26200,4,,False
2022,Ford,f-150,xlt,6,gasoline,80659,,,29400,4,,False
2023,Ford,f-150,lariat,6,gasoline,38521,,,54000,3,,False
2023,Ford,f-150,lariat,6,gasoline,39367,,,49000,3,,False
2020,Ford,f-150,xlt,8,flex,135985,,,19750,6,,False
2022,Ford,f-150,tremor,6,gasoline,65302,,,54000,4,,False
2022,Ford,f-150,tremor,6,gasoline,97380,,,50000,4,,False
2021,Ford,f-150,xlt,6,flex,17414,,,34200,5,,False
2023,Ford,f-150,xlt,6,flex,57654,,,33600,3,,False
2017,Ford,f-150,xlt,6,gasoline,153251,,,17200,9,,False
2017,Ford,f-150,lariat,6,gasoline,178274,,,18000,9,,False
2018,Ford,f-150,lariat,6,gasoline,201664,,,21500,8,,False
2017,Ford,f-150,lariat,6,gasoline,92674,,,26400,9,,False
2019,Ford,f-150,xlt,6,gasoline,121777,,,16000,7,,False
2019,Ford,f-150,xlt,8,flex,245386,,,8800,7,,False
2021,Ford,f-150,lariat,6,gasoline,61173,,,42400,5,,False
2022,Ford,f-150,xlt,6,gasoline,57095,,,37100,4,,False
2022,Ford,f-150,xlt,6,gasoline,107294,,,28200,4,,False
2022,Ford,f-150,lariat,6,gasoline,122634,,,31200,4,,False
2023,Ford,f-150,xlt,6,hybrid,93278,,,37400,3,,False
2017,Ford,f-150,xlt,8,flex,298346,,,8200,9,,False
2015,Ford,f-150,xlt,8,flex,298059,,,4300,11,,False
2023,Ford,f-150,lariat,6,gasoline,42105,,,54600,3,,False
2023,Ford,f-150,xlt,6,gasoline,88834,,,39000,3,,False
2023,Ford,f-150,xlt,6,gasoline,47538,,,41000,3,,False
2023,Ford,f-150,xlt,6,gasoline,9659,,,47600,3,,False
2021,Ford,f-150,lariat,6,gasoline,145426,,,33000,5,,False
2023,Ford,f-150,lariat,6,hybrid,84819,,,44200,3,,False
2023,Ford,f-150,platinum,6,hybrid,81734,,,58200,3,,False
2023,Ford,f-150,lariat,6,hybrid,29501,,,59400,3,,False
2021,Ford,f-150,lariat,6,hybrid,70198,,,37400,5,,False
2023,Ford,f-150,xlt,6,hybrid,85508,,,37000,3,,False
2021,Ford,f-150,lariat,8,flex,95376,,,34200,5,,False
2021,Ford,f-150,xlt,8,flex,93023,,,37200,5,,False
2019,Ford,f-150,xlt,8,flex,195940,,,19500,7,,False
2021,Ford,f-150,xlt,8,flex,167283,,,25800,5,,False
2022,Ford,f-150,xlt,8,flex,99626,,,26200,4,,False
2022,Ford,f-150,lariat,8,flex,136132,,,40000,4,,False
2022,Ford,f-150,lariat,8,flex,90846,,,49500,4,,False
2023,Ford,f-150,xlt,6,gasoline,39123,,,48200,3,,False
2023,Ford,f-150,lariat,6,gasoline,95632,,,45400,3,,False
2023,Ford,f-150,lariat,6,gasoline,90832,,,47200,3,,False
2023,Ford,f-150,lariat,6,gasoline,52091,,,52200,3,,False
2023,Ford,f-150,lariat,6,gasoline,26612,,,57200,3,,False
2023,Ford,f-150,xlt,6,gasoline,71068,,,36800,3,,False
2023,Ford,f-150,xlt,6,gasoline,39050,,,46600,3,,False
2023,Ford,f-150,lariat,6,gasoline,29847,,,57000,3,,False
2023,Ford,f-150,lariat,6,gasoline,39149,,,52000,3,,False
2023,Ford,f-150,lariat,6,gasoline,55526,,,50600,3,,False
2023,Ford,f-150,lariat,6,gasoline,45329,,,54400,3,,False
2024,Ford,f-150,no_mention,6,gasoline,53364,,,43400,2,,False
2024,Ford,f-150,no_mention,6,gasoline,46900,,,42800,2,,False
2024,Ford,f-150,xlt,6,gasoline,35748,,,54000,2,,False
2024,Ford,f-150,xlt,6,gasoline,34315,,,54400,2,,False
2024,Ford,f-150,xlt,6,gasoline,8248,,,57600,2,,False
2024,Ford,f-150,xlt,6,gasoline,27176,,,51400,2,,False
2024,Ford,f-150,xlt,6,gasoline,36629,,,55500,2,,False
2019,Ford,f-150,xlt,6,gasoline,232602,,,8100,7,,False
2024,Ford,f-150,xlt,6,gasoline,28978,,,56200,2,,False
2024,Ford,f-150,xlt,6,gasoline,17274,,,53200,2,,False
2024,Ford,f-150,xlt,6,gasoline,18454,,,59600,2,,False
2024,Ford,f-150,xlt,6,gasoline,18068,,,55200,2,,False
2024,Ford,f-150,xlt,6,gasoline,29615,,,50600,2,,False
2024,Ford,f-150,xlt,6,gasoline,41648,,,48900,2,,False
2024,Ford,f-150,xlt,6,gasoline,37518,,,50200,2,,False
2024,Ford,f-150,xlt,6,hybrid,24940,,,58000,2,,False
2025,Ford,f-150,tremor,6,gasoline,7636,,,89500,1,,False
2024,Ford,f-150,lariat,6,gasoline,6398,,,62000,2,,False
2024,Ford,f-150,platinum,6,hybrid,59086,,,71750,2,,False
2025,Ford,f-150,platinum,6,hybrid,15507,,,94250,1,,False
2021,Ford,f-150,xlt,8,flex,210690,,,19500,5,,False
2022,Ford,f-150,xlt,6,gasoline,66183,,,38000,4,,False
2023,Ford,f-150,lariat,6,gasoline,72148,,,53200,3,,False
2023,Ford,f-150,xlt,6,gasoline,22910,,,51200,3,,False
2022,Ford,f-150,xlt,6,gasoline,192832,,,18500,4,,False
2023,Ford,f-150,lariat,6,gasoline,25681,,,58600,3,,False
2022,Ford,f-150,lariat,6,gasoline,107600,,,46250,4,,False
2023,Ford,f-150,lariat,6,gasoline,53245,,,49000,3,,False
2023,Ford,f-150,xlt,6,gasoline,63993,,,48500,3,,False
2023,Ford,f-150,xlt,6,gasoline,39726,,,48200,3,,False
2023,Ford,f-150,xlt,6,gasoline,34030,,,51000,3,,False
2023,Ford,f-150,xlt,6,gasoline,92958,,,34750,3,,False
2021,Ford,f-150,xlt,6,gasoline,122048,,,36250,5,,False
2022,Ford,f-150,lariat,6,gasoline,89993,,,37600,4,,False
2023,Ford,f-150,xlt,6,gasoline,15290,,,40250,3,,False
2023,Ford,f-150,lariat,6,gasoline,53675,,,54400,3,,False
2021,Ford,f-150,xlt,6,gasoline,111011,,,27200,5,,False
2022,Ford,f-150,lariat,6,gasoline,77374,,,41400,4,,False
2023,Ford,f-150,xlt,6,gasoline,34068,,,45500,3,,False
2023,Ford,f-150,lariat,6,gasoline,89471,,,41000,3,,False
2023,Ford,f-150,xlt,6,gasoline,50112,,,49200,3,,False
2023,Ford,f-150,lariat,6,gasoline,79705,,,48600,3,,False
2023,Ford,f-150,lariat,6,gasoline,32168,,,56000,3,,False
2023,Ford,f-150,lariat,6,gasoline,63931,,,53000,3,,False
2023,Ford,f-150,xlt,6,gasoline,38623,,,42000,3,,False
2023,Ford,f-150,xlt,6,gasoline,34190,,,46800,3,,False
2023,Ford,f-150,xlt,6,gasoline,34384,,,49800,3,,False
2023,Ford,f-150,xlt,6,gasoline,38460,,,47400,3,,False
2014,Ford,f-150,fx4,6,gasoline,222667,,,6000,12,,False
2020,Ford,f-150,xlt,8,flex,188382,,,22000,6,,False
2021,Ford,f-150,xlt,6,gasoline,129850,,,24300,5,,False
2010,Ford,f-150,no_mention,8,flex,163832,,,3600,16,,False
2022,Ford,f-150,xlt,6,gasoline,82387,,,36500,4,,False
2019,Ford,f-150,raptor,6,gasoline,89289,,,54600,7,,False
2019,Ford,f-150,platinum,6,gasoline,143061,,,33900,7,,False
2018,Ford,f-150,lariat,6,gasoline,151701,,,26700,8,,False
2023,Ford,f-150,xlt,8,flex,43400,,,42500,3,,False
2022,Ford,f-150,platinum,6,hybrid,86044,,,55500,4,,False
2016,Ford,f-150,lariat,6,gasoline,199867,,,18800,10,,False
2020,Ford,f-150,lariat,8,flex,41957,,,44500,6,,False
2021,Ford,f-150,lariat,8,flex,52848,,,51000,5,,False
2022,Ford,f-150,xlt,6,gasoline,119967,,,32000,4,,False
2019,Ford,f-150,lariat,6,gasoline,112437,,,32400,7,,False
2017,Ford,f-150,lariat,6,gasoline,214165,,,18000,9,,False
2023,Ford,f-150,xlt,6,gasoline,56123,,,43800,3,,False
2022,Ford,f-150,xlt,6,gasoline,118454,,,35600,4,,False
2017,Ford,f-150,no_mention,6,gasoline,153744,,,23000,9,,False
2019,Ford,f-150,platinum,6,gasoline,173568,,,27100,7,,False
2017,Ford,f-150,xlt,8,flex,126172,,,25500,9,,False
2018,Ford,f-150,lariat,6,gasoline,66686,,,32100,8,,False
2020,Ford,f-150,xlt,6,gasoline,175220,,,21000,6,,False
2015,Ford,f-150,xlt,8,flex,187283,,,10600,11,,False
2019,Ford,f-150,lariat,6,gasoline,77338,,,35400,7,,False
2021,Ford,f-150,no_mention,6,gasoline,79704,,,39100,5,,False
2023,Ford,f-150,lariat,6,gasoline,61105,,,50600,3,,False
2013,Ford,f-150,fx4,6,gasoline,203442,,,5600,13,,False
2023,Ford,f-150,lariat,6,gasoline,51958,,,57500,3,,False
2023,Ford,f-150,tremor,6,gasoline,87153,,,57700,3,,False
2023,Ford,f-150,xlt,6,gasoline,33840,,,46300,3,,False
2021,Ford,f-150,xlt,6,gasoline,56507,,,40000,5,,False
2023,Ford,f-150,tremor,6,gasoline,122707,,,50900,3,,False
2018,Ford,f-150,xlt,8,flex,156832,,,22000,8,,False
2024,Ford,f-150,tremor,6,gasoline,41705,,,63600,2,,False
2010,Ford,f-150,no_mention,8,flex,211169,,,5800,16,,False
2024,Ford,f-150,no_mention,6,gasoline,37031,,,44100,2,,False
2018,Ford,f-150,xlt,8,flex,110170,,,25000,8,,False
2019,Ford,f-150,xlt,8,flex,94249,,,15000,7,,False
2022,Ford,f-150,platinum,6,hybrid,58661,,,51500,4,,False
2023,Ford,f-150,xlt,6,gasoline,55122,,,46200,3,,False
2017,Ford,f-150,xlt,8,flex,108200,,,28000,9,,False
2016,Ford,f-150,no_mention,8,flex,193628,,,14200,10,,False
2016,Ford,f-150,xlt,8,flex,204681,,,13300,10,,False
2019,Ford,f-150,xlt,6,gasoline,150438,,,19500,7,,False
2021,Ford,f-150,xlt,6,flex,220354,,,17500,5,,False
2023,Ford,f-150,no_mention,6,gasoline,94002,,,47100,3,,False
2022,Ford,f-150,platinum,6,gasoline,64303,,,54900,4,,False
2021,Ford,f-150,xlt,8,flex,50600,,,44800,5,,False
2019,Ford,f-150,xlt,6,gasoline,77290,,,26000,7,,False
2016,Ford,f-150,xlt,6,gasoline,197723,,,9500,10,,False
2020,Ford,f-150,xlt,6,gasoline,152406,,,21100,6,,False
2020,Ford,f-150,xlt,6,gasoline,150067,,,14000,6,,False
2019,Ford,f-150,no_mention,8,flex,45749,,,34500,7,,False
2015,Ford,f-150,xlt,6,flex,244402,,,8000,11,,False
2021,Ford,f-150,xlt,6,flex,83952,,,31500,5,,False
2017,Ford,f-150,xlt,8,flex,104848,,,23750,9,,False
2015,Ford,f-150,xlt,8,flex,243194,,,8500,11,,False
2022,Ford,f-150,xlt,8,flex,88597,,,35000,4,,False
2019,Ford,f-150,lariat,6,gasoline,169513,,,24000,7,,False
2024,Ford,f-150,xl,6,gasoline,27146,,,38250,2,,False
2019,Ford,f-150,xlt,6,gasoline,112708,,,24200,7,,False
2019,Ford,f-150,lariat,6,gasoline,159628,,,22600,7,,False
2020,Ford,f-150,xlt,6,gasoline,174207,,,16200,6,,False
2017,Ford,f-150,xlt,6,gasoline,198973,,,10000,9,,False
2014,Ford,f-150,no_mention,6,gasoline,180850,,,13500,12,,False
2010,Ford,f-150,lariat,8,flex,236813,,,4300,16,,False
2024,Ford,f-150,xlt,6,gasoline,37420,,,51000,2,,False
2025,Ford,f-150,tremor,6,gasoline,15620,,,70000,1,,False
2022,Ford,f-150,xlt,6,gasoline,119906,,,34300,4,,False
2021,Ford,f-150,lariat,6,gasoline,66869,,,44300,5,,False
2023,Ford,f-150,tremor,6,gasoline,54481,,,64900,3,,False
2022,Ford,f-150,xlt,8,flex,54941,,,40600,4,,False
2014,Ford,f-150,xlt,8,flex,175806,,,4200,12,,False
2012,Ford,f-150,fx4,8,flex,104095,,,13600,14,,False
2015,Ford,f-150,platinum,6,gasoline,139144,,,22000,11,,False
2020,Ford,f-150,xlt,6,gasoline,113703,,,29000,6,,False
2011,Ford,f-150,harley-davidson,8,flex,177819,,,15200,15,,False
2014,Ford,f-150,xlt,8,flex,147879,,,10100,12,,False
2022,Ford,f-150,xlt,6,gasoline,106869,,,33100,4,,False
2023,Ford,f-150,xl,6,gasoline,75765,,,38000,3,,False
2023,Ford,f-150,lariat,6,gasoline,44235,,,53000,3,,False
2023,Ford,f-150,lariat,6,hybrid,63912,,,56500,3,,False
2023,Ford,f-150,tremor,6,gasoline,36710,,,64700,3,,False
2014,Ford,f-150,xlt,8,flex,225641,,,8000,12,,False
2023,Ford,f-150,tremor,6,gasoline,19818,,,63000,3,,False
2022,Ford,f-150,lariat,6,gasoline,60002,,,46300,4,,False
2023,Ford,f-150,lariat,6,gasoline,20996,,,54700,3,,False
2020,Ford,f-150,lariat,6,gasoline,41698,,,41000,6,,False
2023,Ford,f-150,lariat,6,gasoline,55456,,,52250,3,,False
2021,Ford,f-150,lariat,6,gasoline,213064,,,22000,5,,False
2020,Ford,f-150,xlt,6,gasoline,227989,,,16725,6,,False
2020,Ford,f-150,xlt,8,flex,248368,,,11000,6,,False
2019,Ford,f-150,xlt,8,flex,158435,,,22500,7,,False
2020,Ford,f-150,xlt,8,flex,87933,,,32000,6,,False
2023,Ford,f-150,tremor,6,gasoline,58893,,,58000,3,,False
2023,Ford,f-150,tremor,6,gasoline,71537,,,62000,3,,False
2021,Ford,f-150,xlt,6,flex,173305,,,17000,5,,False
2022,Ford,f-150,xlt,6,flex,142346,,,25500,4,,False
2018,Ford,f-150,lariat,6,gasoline,101724,,,32900,8,,False
2017,Ford,f-150,lariat,6,gasoline,183705,,,22000,9,,False
2019,Ford,f-150,xlt,6,gasoline,164191,,,23600,7,,False
2018,Ford,f-150,no_mention,8,flex,189758,,,17400,8,,False
2022,Ford,f-150,xlt,6,gasoline,60068,,,39750,4,,False
2016,Ford,f-150,xlt,8,flex,208030,,,7800,10,,False
2014,Ford,f-150,xlt,6,gasoline,153428,,,7600,12,,False
2021,Ford,f-150,lariat,6,hybrid,133975,,,37400,5,,False
2016,Ford,f-150,xlt,8,flex,135754,,,21000,10,,False
2017,Ford,f-150,xlt,8,flex,286422,,,6900,9,,False
2011,Ford,f-150,xl,8,flex,76523,,,8800,15,,False
2023,Ford,f-150,xlt,6,hybrid,90593,,,39250,3,,False
2023,Ford,f-150,lariat,6,hybrid,101825,,,48750,3,,False
2023,Ford,f-150,xlt,8,flex,31174,,,44000,3,,False
2020,Ford,f-150,xlt,8,flex,271349,,,10500,6,,False
2022,Ford,f-150,lariat,8,flex,72035,,,47500,4,,False
2022,Ford,f-150,xlt,8,flex,56408,,,49000,4,,False
2020,Ford,f-150,xlt,8,flex,144278,,,20400,6,,False
2020,Ford,f-150,xlt,8,flex,173481,,,22250,6,,False
2023,Ford,f-150,lariat,6,gasoline,53896,,,48600,3,,False
2023,Ford,f-150,xl,6,gasoline,37024,,,42000,3,,False
2015,Ford,f-150,xl,8,flex,277862,,,4400,11,,False
2021,Ford,f-150,xlt,6,flex,132528,,,21250,5,,False
2022,Ford,f-150,xlt,6,flex,170060,,,16800,4,,False
2019,Ford,f-150,xl,6,gasoline,139313,,,15344,7,,False
2019,Ford,f-150,xl,6,gasoline,95099,,,19800,7,,False
2016,Ford,f-150,xlt,6,gasoline,290768,,,7200,10,,False
2018,Ford,f-150,lariat,6,gasoline,292559,,,9600,8,,False
2014,Ford,f-150,fx4,6,gasoline,103043,,,23250,12,,False
2023,Ford,f-150,raptor,6,gasoline,21121,,,90750,3,,False
2024,Ford,f-150,xlt,6,gasoline,46320,,,49000,2,,False
2024,Ford,f-150,xlt,6,gasoline,14426,,,58000,2,,False
2024,Ford,f-150,xlt,6,gasoline,43978,,,49000,2,,False
2024,Ford,f-150,lariat,6,hybrid,49700,,,63200,2,,False
2024,Ford,f-150,lariat,6,hybrid,23101,,,62500,2,,False
2024,Ford,f-150,lariat,6,hybrid,29440,,,62000,2,,False
2019,Ford,f-150,xlt,8,flex,292521,,,7500,7,,False
2020,Ford,f-150,xlt,8,flex,217322,,,11000,6,,False
2021,Ford,f-150,xlt,6,gasoline,180057,,,24000,5,,False
2023,Ford,f-150,xlt,6,gasoline,75118,,,41000,3,,False
2023,Ford,f-150,xlt,6,gasoline,63276,,,47500,3,,False
2022,Ford,f-150,xlt,6,gasoline,67785,,,43000,4,,False
2022,Ford,f-150,xlt,6,gasoline,55810,,,43750,4,,False
2022,Ford,f-150,xlt,6,gasoline,98820,,,31700,4,,False
2021,Ford,f-150,lariat,6,gasoline,55043,,,51000,5,,False
2023,Ford,f-150,xlt,6,gasoline,36222,,,45750,3,,False
2023,Ford,f-150,xlt,6,gasoline,63918,,,40000,3,,False
2020,Ford,f-150,no_mention,8,flex,159931,,,23100,6,,False
2018,Ford,f-150,no_mention,6,gasoline,203606,,,15100,8,,False
2023,Ford,f-150,xlt,8,flex,32650,,,53800,3,,False
2023,Ford,f-150,lariat,6,hybrid,35847,,,61200,3,,False
2010,Ford,f-150,no_mention,8,flex,214084,,,5400,16,,False
2014,Ford,f-150,no_mention,8,flex,204096,,,10500,12,,False
2023,Ford,f-150,lariat,6,gasoline,32508,,,59800,3,,False
2016,Ford,f-150,lariat,6,gasoline,204002,,,18200,10,,False
2021,Ford,f-150,lariat,6,gasoline,98977,,,41600,5,,False
2017,Ford,f-150,lariat,8,flex,179225,,,20300,9,,False
2018,Ford,f-150,xlt,8,flex,223341,,,8900,8,,False
2016,Ford,f-150,no_mention,8,flex,223008,,,9700,10,,False
2024,Ford,f-150,tremor,6,gasoline,50466,,,62200,2,,False
2024,Ford,f-150,tremor,6,gasoline,15001,,,66700,2,,False
2020,Ford,f-150,xlt,6,gasoline,145426,,,26100,6,,False
2022,Ford,f-150,lariat,6,gasoline,191881,,,25800,4,,False
2023,Ford,f-150,lariat,6,gasoline,38562,,,56000,3,,False
2016,Ford,f-150,xlt,6,gasoline,251378,,,9700,10,,False
2024,Ford,f-150,tremor,6,gasoline,19886,,,66200,2,,False
2013,Ford,f-150,lariat,8,flex,242024,,,8100,13,,False
2022,Ford,f-150,xlt,6,gasoline,64472,,,35000,4,,False
2023,Ford,f-150,no_mention,6,gasoline,23482,,,65500,3,,False
2023,Ford,f-150,lariat,6,gasoline,65919,,,52000,3,,False
2019,Ford,f-150,xlt,6,gasoline,179954,,,19500,7,,False
2022,Ford,f-150,xlt,6,gasoline,50147,,,32000,4,,False
2023,Ford,f-150,lariat,6,gasoline,68895,,,48000,3,,False
2023,Ford,f-150,xl,6,gasoline,23709,,,42000,3,,False
2020,Ford,f-150,xlt,6,gasoline,78189,,,30500,6,,False
2023,Ford,f-150,xlt,6,gasoline,19354,,,41000,3,,False
2022,Ford,f-150,no_mention,6,gasoline,48419,,,34700,4,,False
2018,Ford,f-150,xlt,6,gasoline,108959,,,23600,8,,False
2020,Ford,f-150,xlt,6,gasoline,156098,,,20250,6,,False
2023,Ford,f-150,lariat,6,gasoline,58925,,,48800,3,,False
2022,Ford,f-150,xl,6,gasoline,61476,,,31000,4,,False
2020,Ford,f-150,lariat,6,gasoline,163787,,,31150,6,,False
2020,Ford,f-150,lariat,6,gasoline,72833,,,40750,6,,False
2019,Ford,f-150,xlt,8,flex,110935,,,29750,7,,False
2018,Ford,f-150,xlt,8,flex,183436,,,20250,8,,False
2020,Ford,f-150,lariat,8,flex,123748,,,35500,6,,False
2023,Ford,f-150,tremor,6,gasoline,80786,,,59500,3,,False
2022,Ford,f-150,no_mention,6,gasoline,63664,,,55000,4,,False
2023,Ford,f-150,tremor,6,gasoline,51912,,,64250,3,,False
2023,Ford,f-150,tremor,6,gasoline,36710,,,64500,3,,False
2023,Ford,f-150,tremor,6,gasoline,53150,,,61000,3,,False
2023,Ford,f-150,tremor,6,gasoline,71767,,,62000,3,,False
2019,Ford,f-150,xlt,6,flex,166990,,,14250,7,,False
2021,Ford,f-150,xlt,6,flex,95256,,,30300,5,,False
2021,Ford,f-150,xlt,6,flex,124850,,,22200,5,,False
2018,Ford,f-150,xlt,6,flex,125445,,,16400,8,,False
2021,Ford,f-150,xlt,6,flex,118060,,,29600,5,,False
2016,Ford,f-150,xlt,6,gasoline,261821,,,7400,10,,False
2018,Ford,f-150,limited,6,gasoline,49140,,,38900,8,,False
2018,Ford,f-150,limited,6,gasoline,138868,,,28000,8,,False
2019,Ford,f-150,limited,6,gasoline,123292,,,38000,7,,False
2017,Ford,f-150,platinum,6,gasoline,93769,,,32500,9,,False
2018,Ford,f-150,xlt,6,gasoline,195794,,,14000,8,,False
2017,Ford,f-150,xlt,8,flex,172987,,,11000,9,,False
2018,Ford,f-150,xl,6,flex,112500,,,6500,8,,False
2019,Ford,f-150,xl,6,flex,132865,,,14200,7,,False
2018,Ford,f-150,xlt,6,flex,84087,,,10250,8,,False
2023,Ford,f-150,lariat,6,hybrid,55432,,,58750,3,,False
2013,Ford,f-150,xlt,8,flex,152591,,,12500,13,,False
2018,Ford,f-150,lariat,6,gasoline,33501,,,38000,8,,False
2022,Ford,f-150,xlt,6,gasoline,76076,,,43000,4,,False
2022,Ford,f-150,xlt,6,gasoline,50366,,,50250,4,,False
2021,Ford,f-150,lariat,6,gasoline,98813,,,44250,5,,False
2023,Ford,f-150,lariat,6,gasoline,57582,,,58250,3,,False
2023,Ford,f-150,lariat,6,hybrid,52430,,,59800,3,,False
2022,Ford,f-150,lariat,6,hybrid,67848,,,39750,4,,False
2018,Ford,f-150,lariat,8,flex,122516,,,27000,8,,False
2018,Ford,f-150,xlt,8,flex,119871,,,26000,8,,False
2022,Ford,f-150,xlt,8,flex,146427,,,32900,4,,False
2022,Ford,f-150,xlt,8,flex,54941,,,39300,4,,False
2021,Ford,f-150,xlt,8,flex,142679,,,37250,5,,False
2023,Ford,f-150,xlt,8,flex,51627,,,52500,3,,False
2018,Ford,f-150,xlt,6,flex,163225,,,14200,8,,False
2017,Ford,f-150,xlt,8,flex,214528,,,11600,9,,False
2019,Ford,f-150,xl,6,gasoline,109872,,,14500,7,,False
2018,Ford,f-150,xlt,6,gasoline,108147,,,16700,8,,False
2019,Ford,f-150,xlt,6,gasoline,125606,,,24500,7,,False
2017,Ford,f-150,xlt,6,gasoline,213242,,,17100,9,,False
2022,Ford,f-150,raptor,6,gasoline,52078,,,81500,4,,False
2024,Ford,f-150,raptor,6,gasoline,45085,,,95750,2,,False
2023,Ford,f-150,raptor,6,gasoline,36218,,,91500,3,,False
2022,Ford,f-150,raptor,6,gasoline,49544,,,85250,4,,False
2024,Ford,f-150,xlt,6,gasoline,20016,,,50250,2,,False
2024,Ford,f-150,xlt,6,gasoline,15201,,,51500,2,,False
2024,Ford,f-150,tremor,6,gasoline,40152,,,67500,2,,False
2025,Ford,f-150,tremor,6,gasoline,16016,,,66500,1,,False
2025,Ford,f-150,lariat,6,gasoline,13090,,,69000,1,,False
2022,Ford,f-150,xlt,8,flex,190707,,,15000,4,,False
2023,Ford,f-150,xlt,6,gasoline,20505,,,47750,3,,False
2023,Ford,f-150,xlt,6,gasoline,58701,,,44750,3,,False
2022,Ford,f-150,lariat,6,gasoline,64413,,,53500,4,,False
2022,Ford,f-150,xlt,6,gasoline,87997,,,44000,4,,False
2023,Ford,f-150,xlt,6,gasoline,105008,,,39250,3,,False
2023,Ford,f-150,xlt,6,gasoline,58001,,,49000,3,,False
2022,Ford,f-150,xlt,6,gasoline,83655,,,44000,4,,False
2022,Ford,f-150,xlt,6,gasoline,116594,,,29500,4,,False
2023,Ford,f-150,lariat,6,gasoline,27230,,,60000,3,,False
2022,Ford,f-150,xlt,6,gasoline,140387,,,32500,4,,False
2022,Ford,f-150,xlt,6,gasoline,140829,,,32000,4,,False
2021,Ford,f-150,lariat,8,flex,69157,,,43000,5,,False
2022,Ford,f-150,no_mention,6,gasoline,67652,,,53500,4,,False
2022,Ford,f-150,lariat,8,flex,52223,,,49100,4,,False
2016,Ford,f-150,lariat,8,flex,212181,,,16000,10,,False
2022,Ford,f-150,tremor,6,gasoline,94240,,,40000,4,,False
2022,Ford,f-150,xlt,6,gasoline,111636,,,33500,4,,False
2019,Ford,f-150,no_mention,6,gasoline,81853,,,26000,7,,False
2023,Ford,f-150,lariat,6,gasoline,69977,,,53000,3,,False
2016,Ford,f-150,lariat,8,flex,201865,,,18800,10,,False
2018,Ford,f-150,xlt,6,gasoline,131829,,,24700,8,,False
2022,Ford,f-150,xlt,6,gasoline,54313,,,39600,4,,False
2021,Ford,f-150,no_mention,8,flex,155279,,,26000,5,,False
2021,Ford,f-150,xlt,8,flex,92476,,,41000,5,,False
2021,Ford,f-150,lariat,6,gasoline,52839,,,44700,5,,False
2018,Ford,f-150,xlt,6,gasoline,113652,,,25200,8,,False
2024,Ford,f-150,xlt,6,gasoline,25391,,,52200,2,,False
2022,Ford,f-150,tremor,6,gasoline,45100,,,54000,4,,False
2023,Ford,f-150,lariat,6,hybrid,35500,,,60600,3,,False
2017,Ford,f-150,no_mention,6,gasoline,259555,,,6200,9,,False
2022,Ford,f-150,lariat,6,gasoline,62225,,,37000,4,,False
2022,Ford,f-150,lariat,6,gasoline,77540,,,37200,4,,False
2023,Ford,f-150,xlt,6,gasoline,27638,,,49200,3,,False
2023,Ford,f-150,lariat,6,gasoline,46030,,,50800,3,,False
2023,Ford,f-150,lariat,6,gasoline,40141,,,56800,3,,False
2023,Ford,f-150,lariat,6,gasoline,25838,,,57000,3,,False
2019,Ford,f-150,xlt,6,gasoline,161317,,,17300,7,,False
2022,Ford,f-150,xlt,6,gasoline,63887,,,35800,4,,False
2022,Ford,f-150,xlt,6,gasoline,70106,,,34000,4,,False
2023,Ford,f-150,lariat,6,gasoline,85286,,,46800,3,,False
2023,Ford,f-150,lariat,6,gasoline,33637,,,56200,3,,False
2023,Ford,f-150,lariat,6,gasoline,37424,,,57000,3,,False
2023,Ford,f-150,xlt,6,gasoline,56771,,,43600,3,,False
2023,Ford,f-150,lariat,6,gasoline,87603,,,45200,3,,False
2023,Ford,f-150,xlt,6,gasoline,81086,,,36800,3,,False
2022,Ford,f-150,xlt,6,gasoline,227747,,,18000,4,,False
2023,Ford,f-150,lariat,6,gasoline,75245,,,45000,3,,False
2023,Ford,f-150,lariat,6,gasoline,29798,,,56800,3,,False
2022,Ford,f-150,lariat,6,gasoline,74333,,,39800,4,,False
2023,Ford,f-150,lariat,6,gasoline,80411,,,48800,3,,False
2023,Ford,f-150,lariat,6,gasoline,32206,,,54200,3,,False
2023,Ford,f-150,lariat,6,gasoline,28011,,,56200,3,,False
2022,Ford,f-150,xlt,6,gasoline,110066,,,30750,4,,False
2022,Ford,f-150,xlt,6,gasoline,155452,,,20200,4,,False
2023,Ford,f-150,lariat,6,gasoline,22675,,,56400,3,,False
2023,Ford,f-150,xlt,6,gasoline,42661,,,47600,3,,False
2023,Ford,f-150,xlt,6,gasoline,32190,,,46800,3,,False
2023,Ford,f-150,xl,6,gasoline,37983,,,54800,3,,False
2019,Ford,f-150,xlt,6,gasoline,147938,,,17900,7,,False
2022,Ford,f-150,lariat,6,gasoline,86503,,,40200,4,,False
2022,Ford,f-150,xl,6,gasoline,32005,,,33200,4,,False
2023,Ford,f-150,lariat,6,gasoline,29573,,,57000,3,,False
2023,Ford,f-150,lariat,6,gasoline,55407,,,51400,3,,False
2022,Ford,f-150,lariat,6,gasoline,60460,,,48800,4,,False
2023,Ford,f-150,lariat,6,gasoline,35930,,,56600,3,,False
2023,Ford,f-150,xl,6,gasoline,31405,,,55600,3,,False
2023,Ford,f-150,lariat,6,gasoline,32540,,,55600,3,,False
2023,Ford,f-150,lariat,6,gasoline,29227,,,56400,3,,False
2023,Ford,f-150,lariat,6,gasoline,31954,,,54000,3,,False
2023,Ford,f-150,lariat,6,gasoline,21264,,,53600,3,,False
2023,Ford,f-150,lariat,6,gasoline,27449,,,57200,3,,False
2023,Ford,f-150,xlt,6,gasoline,53336,,,36600,3,,False
2022,Ford,f-150,xlt,6,gasoline,105905,,,26000,4,,False
2023,Ford,f-150,lariat,6,gasoline,40674,,,55000,3,,False
2023,Ford,f-150,xlt,6,gasoline,36463,,,47000,3,,False
2021,Ford,f-150,xlt,6,gasoline,74454,,,23400,5,,False
2022,Ford,f-150,lariat,6,gasoline,85927,,,34000,4,,False
2023,Ford,f-150,lariat,6,gasoline,85107,,,46600,3,,False
2023,Ford,f-150,lariat,6,gasoline,46739,,,55000,3,,False
2023,Ford,f-150,lariat,6,gasoline,54804,,,51800,3,,False
2018,Ford,f-150,lariat,8,flex,82413,,,37800,8,,False
2023,Ford,f-150,tremor,6,gasoline,28105,,,62500,3,,False
2023,Ford,f-150,tremor,6,gasoline,29717,,,67500,3,,False
2018,Ford,f-150,xl,6,flex,167485,,,4000,8,,False
2022,Ford,f-150,xlt,6,flex,80826,,,27300,4,,False
2018,Ford,f-150,xlt,6,flex,256672,,,11200,8,,False
2022,Ford,f-150,xlt,6,flex,130545,,,18000,4,,False
2021,Ford,f-150,xlt,6,flex,119838,,,27600,5,,False
2021,Ford,f-150,xlt,6,flex,93473,,,30800,5,,False
2021,Ford,f-150,xlt,6,flex,79447,,,30000,5,,False
2017,Ford,f-150,limited,6,gasoline,253153,,,14900,9,,False
2021,Ford,f-150,lariat,6,gasoline,91385,,,31200,5,,False
2019,Ford,f-150,xlt,8,flex,132679,,,20000,7,,False
2016,Ford,f-150,lariat,8,flex,210522,,,8000,10,,False
2012,Ford,f-150,xlt,8,flex,124322,,,5900,14,,False
2023,Ford,f-150,lariat,6,gasoline,57158,,,55200,3,,False
2023,Ford,f-150,xlt,6,gasoline,63755,,,45000,3,,False
2023,Ford,f-150,lariat,6,gasoline,50642,,,59000,3,,False
2022,Ford,f-150,xlt,6,gasoline,32576,,,20800,4,,False
2023,Ford,f-150,xlt,6,gasoline,26424,,,49200,3,,False
2021,Ford,f-150,lariat,6,hybrid,96731,,,40400,5,,False
2023,Ford,f-150,xlt,6,hybrid,69417,,,40000,3,,False
2023,Ford,f-150,lariat,6,hybrid,62099,,,52000,3,,False
2022,Ford,f-150,lariat,6,hybrid,69075,,,41000,4,,False
2022,Ford,f-150,lariat,6,hybrid,98023,,,36200,4,,False
2021,Ford,f-150,lariat,8,flex,139335,,,24600,5,,False
2022,Ford,f-150,xlt,8,flex,55896,,,34500,4,,False
2019,Ford,f-150,xlt,8,flex,126559,,,20400,7,,False
2018,Ford,f-150,xlt,8,flex,128103,,,20200,8,,False
2023,Ford,f-150,xl,8,flex,34993,,,48000,3,,False
2022,Ford,f-150,xl,8,flex,202785,,,16200,4,,False
2023,Ford,f-150,xlt,8,flex,48481,,,51800,3,,False
2019,Ford,f-150,xlt,8,flex,112989,,,28100,7,,False
2022,Ford,f-150,xlt,8,flex,116417,,,28000,4,,False
2022,Ford,f-150,xlt,8,flex,102644,,,35250,4,,False
2023,Ford,f-150,xlt,8,flex,25172,,,44000,3,,False
2022,Ford,f-150,lariat,8,flex,93396,,,35600,4,,False
2019,Ford,f-150,xlt,8,flex,237146,,,8600,7,,False
2023,Ford,f-150,xlt,8,flex,18556,,,58800,3,,False
2023,Ford,f-150,xlt,8,flex,44024,,,46400,3,,False
2023,Ford,f-150,lariat,6,gasoline,44219,,,53200,3,,False
2023,Ford,f-150,lariat,6,gasoline,36008,,,55800,3,,False
2023,Ford,f-150,lariat,6,gasoline,38483,,,56600,3,,False
2021,Ford,f-150,lariat,6,gasoline,88463,,,38000,5,,False
2022,Ford,f-150,xlt,6,gasoline,89596,,,26000,4,,False
2022,Ford,f-150,lariat,6,gasoline,42593,,,42000,4,,False
2023,Ford,f-150,lariat,6,gasoline,46296,,,55000,3,,False
2023,Ford,f-150,lariat,6,gasoline,39637,,,56400,3,,False
2025,Ford,f-150,xlt,6,gasoline,8633,,,61000,1,,False
2024,Ford,f-150,xlt,6,gasoline,32450,,,48200,2,,False
2019,Ford,f-150,xl,6,gasoline,95793,,,18200,7,,False
2019,Ford,f-150,xl,6,gasoline,84013,,,21400,7,,False
2018,Ford,f-150,lariat,6,diesel,197151,,,13000,8,,False
2020,Ford,f-150,xlt,6,gasoline,180532,,,10000,6,,False
2020,Ford,f-150,xlt,6,gasoline,248732,,,8500,6,,False
2024,Ford,f-150,xlt,8,gasoline,35095,,,50500,2,,False
2024,Ford,f-150,xlt,8,gasoline,63629,,,46750,2,,False
2024,Ford,f-150,xlt,8,gasoline,10530,,,55000,2,,False
2024,Ford,f-150,xlt,6,gasoline,70513,,,45100,2,,False
2024,Ford,f-150,xlt,6,gasoline,10864,,,57400,2,,False
2024,Ford,f-150,xlt,6,gasoline,15027,,,58000,2,,False
2024,Ford,f-150,xlt,6,gasoline,27329,,,55900,2,,False
2024,Ford,f-150,xlt,6,hybrid,41156,,,57000,2,,False
2024,Ford,f-150,lariat,6,gasoline,35493,,,73250,2,,False
2024,Ford,f-150,lariat,6,hybrid,39782,,,65600,2,,False
2025,Ford,f-150,lariat,6,hybrid,13568,,,73800,1,,False
2024,Ford,f-150,platinum,6,hybrid,16550,,,80000,2,,False
2023,Ford,f-150,xlt,6,gasoline,12475,,,53200,3,,False
2023,Ford,f-150,lariat,6,gasoline,51212,,,58600,3,,False
2022,Ford,f-150,lariat,6,gasoline,111843,,,34600,4,,False
2023,Ford,f-150,no_mention,6,gasoline,96630,,,38000,3,,False
2023,Ford,f-150,lariat,6,gasoline,59651,,,58400,3,,False
2022,Ford,f-150,xlt,6,gasoline,113627,,,18400,4,,False
2023,Ford,f-150,lariat,6,gasoline,138049,,,39750,3,,False
2023,Ford,f-150,xlt,6,gasoline,44719,,,45000,3,,False
2023,Ford,f-150,xlt,6,gasoline,61706,,,35250,3,,False
2023,Ford,f-150,xlt,6,gasoline,81986,,,38900,3,,False
2023,Ford,f-150,xlt,6,gasoline,52619,,,40800,3,,False
2023,Ford,f-150,xlt,6,gasoline,46403,,,46600,3,,False
2023,Ford,f-150,lariat,6,gasoline,34172,,,59600,3,,False
2023,Ford,f-150,lariat,6,gasoline,38069,,,60600,3,,False
2023,Ford,f-150,lariat,6,gasoline,36573,,,60400,3,,False
2023,Ford,f-150,xl,6,gasoline,25118,,,49600,3,,False
2023,Ford,f-150,xlt,6,gasoline,48951,,,50400,3,,False
2022,Ford,f-150,lariat,6,gasoline,75102,,,39000,4,,False
2022,Ford,f-150,lariat,6,gasoline,43148,,,44400,4,,False
2023,Ford,f-150,xlt,6,gasoline,56034,,,39900,3,,False
2023,Ford,f-150,xlt,6,gasoline,46445,,,45000,3,,False
2023,Ford,f-150,xlt,6,gasoline,7711,,,43800,3,,False
2020,Ford,f-150,raptor,6,gasoline,270143,,,31000,6,,False
2022,Ford,f-150,lariat,6,gasoline,82305,,,44500,4,,False
2019,Ford,f-150,xlt,6,gasoline,96722,,,28700,7,,False
2013,Ford,f-150,xlt,6,gasoline,187331,,,4500,13,,False
2013,Ford,f-150,no_mention,6,gasoline,200194,,,13400,13,,False
2024,Ford,f-150,raptor,8,gasoline,17922,,,150200,2,,False
2013,Ford,f-150,no_mention,8,flex,102668,,,3700,13,,False
2022,Ford,f-150,tremor,6,gasoline,39897,,,54000,4,,False
2022,Ford,f-150,xlt,8,flex,18230,,,38000,4,,False
2018,Ford,f-150,xlt,8,flex,153848,,,20500,8,,False
2016,Ford,f-150,xlt,6,gasoline,193342,,,14500,10,,False
2020,Ford,f-150,xlt,6,gasoline,95200,,,32300,6,,False
2023,Ford,f-150,tremor,6,gasoline,24383,,,67500,3,,False
2021,Ford,f-150,limited,6,gasoline,97576,,,52400,5,,False
2019,Ford,f-150,xlt,6,gasoline,16100,,,35500,7,,False
2022,Ford,f-150,limited,6,gasoline,81784,,,54000,4,,False
2022,Ford,f-150,no_mention,8,flex,104700,,,40900,4,,False
2020,Ford,f-150,xlt,6,gasoline,84497,,,30000,6,,False
2010,Ford,f-150,fx4,8,flex,155265,,,5600,16,,False
2023,Ford,f-150,lariat,6,gasoline,26791,,,54100,3,,False
2023,Ford,f-150,xl,6,gasoline,35795,,,44400,3,,False
2022,Ford,f-150,no_mention,6,gasoline,45954,,,48700,4,,False
2013,Ford,f-150,xlt,8,flex,216810,,,5000,13,,False
2023,Ford,f-150,lariat,8,flex,90958,,,82600,3,,False
2023,Ford,f-150,tremor,6,gasoline,33393,,,65300,3,,False
2022,Ford,f-150,lariat,6,gasoline,99960,,,42400,4,,False
2018,Ford,f-150,no_mention,6,flex,279901,,,7000,8,,False
2021,Ford,f-150,lariat,8,flex,117548,,,48300,5,,False
2021,Ford,f-150,lariat,6,gasoline,70773,,,42500,5,,False
2024,Ford,f-150,xlt,8,gasoline,14872,,,61000,2,,False
2024,Ford,f-150,tremor,6,gasoline,24025,,,67100,2,,False
2022,Ford,f-150,king ranch,6,gasoline,156788,,,36500,4,,False
2024,Ford,f-150,no_mention,6,gasoline,26184,,,46400,2,,False
2021,Ford,f-150,no_mention,6,gasoline,104575,,,41500,5,,False
2021,Ford,f-150,no_mention,6,gasoline,72227,,,46000,5,,False
2020,Ford,f-150,no_mention,8,flex,163538,,,22500,6,,False
2019,Ford,f-150,lariat,8,flex,156300,,,24700,7,,False
2013,Ford,f-150,lariat,6,gasoline,281249,,,4200,13,,False
2025,Ford,f-150,xlt,6,gasoline,8175,,,57800,1,,False
2023,Ford,f-150,no_mention,6,gasoline,90398,,,40600,3,,False
2012,Ford,f-150,xlt,6,gasoline,211942,,,4000,14,,False
2023,Ford,f-150,xlt,6,gasoline,62181,,,38000,3,,False
2024,Ford,f-150,no_mention,6,gasoline,35506,,,46800,2,,False
2023,Ford,f-150,lariat,6,hybrid,53596,,,57400,3,,False
2015,Ford,f-150,xlt,6,flex,174066,,,12300,11,,False
2022,Ford,f-150,xlt,8,flex,66608,,,42400,4,,False
2022,Ford,f-150,lariat,6,gasoline,107686,,,40300,4,,False
2019,Ford,f-150,xlt,6,gasoline,159650,,,18000,7,,False
2020,Ford,f-150,xlt,6,gasoline,96541,,,26500,6,,False
2018,Ford,f-150,xlt,6,gasoline,185029,,,15000,8,,False
2016,Ford,f-150,xlt,6,gasoline,227697,,,6800,10,,False
2020,Ford,f-150,xlt,6,gasoline,153990,,,21500,6,,False
2019,Ford,f-150,xlt,6,gasoline,238435,,,12800,7,,False
2020,Ford,f-150,xlt,8,flex,178725,,,22100,6,,False
2021,Ford,f-150,xlt,6,flex,153251,,,17200,5,,False
2017,Ford,f-150,xlt,6,gasoline,182245,,,13100,9,,False
2018,Ford,f-150,xlt,6,gasoline,238398,,,11350,8,,False
2017,Ford,f-150,lariat,6,gasoline,229787,,,11900,9,,False
2022,Ford,f-150,lariat,6,hybrid,64252,,,45000,4,,False
2023,Ford,f-150,lariat,6,hybrid,105605,,,44500,3,,False
2016,Ford,f-150,xlt,6,gasoline,51666,,,25400,10,,False
2019,Ford,f-150,platinum,6,diesel,111690,,,28500,7,,False
2018,Ford,f-150,lariat,6,gasoline,165265,,,26600,8,,False
2018,Ford,f-150,xlt,6,gasoline,185597,,,11500,8,,False
2012,Ford,f-150,lariat,6,gasoline,222480,,,8800,14,,False
2024,Ford,f-150,tremor,6,gasoline,19117,,,69000,2,,False
2024,Ford,f-150,lariat,6,gasoline,37036,,,64000,2,,False
2018,Ford,f-150,xlt,8,flex,189769,,,12100,8,,False
2014,Ford,f-150,xlt,8,flex,81730,,,13700,12,,False
2023,Ford,f-150,no_mention,8,flex,27995,,,47900,3,,False
2017,Ford,f-150,lariat,6,gasoline,265571,,,17100,9,,False
2015,Ford,f-150,no_mention,8,flex,226744,,,9000,11,,False
2023,Ford,f-150,no_mention,8,flex,27424,,,49500,3,,False
2016,Ford,f-150,no_mention,8,flex,56444,,,24500,10,,False
2021,Ford,f-150,lariat,6,gasoline,230967,,,24500,5,,False
2024,Ford,f-150,xlt,6,gasoline,44441,,,49000,2,,False
2023,Ford,f-150,xlt,8,flex,66698,,,39800,3,,False
2023,Ford,f-150,xlt,6,hybrid,44392,,,53300,3,,False
2022,Ford,f-150,xlt,6,gasoline,52796,,,36000,4,,False
2023,Ford,f-150,xl,6,gasoline,101302,,,29500,3,,False
2023,Ford,f-150,lariat,6,gasoline,101360,,,40200,3,,False
2023,Ford,f-150,xlt,6,gasoline,33235,,,48000,3,,False
2023,Ford,f-150,xl,6,gasoline,26795,,,45400,3,,False
2022,Ford,f-150,xlt,6,gasoline,54484,,,39900,4,,False
2022,Ford,f-150,xlt,6,gasoline,108305,,,29300,4,,False
2021,Ford,f-150,xlt,6,gasoline,175243,,,27000,5,,False
2022,Ford,f-150,xlt,6,gasoline,56528,,,34750,4,,False
2021,Ford,f-150,xlt,6,gasoline,202820,,,20800,5,,False
2020,Ford,f-150,lariat,6,gasoline,87272,,,36250,6,,False
2020,Ford,f-150,lariat,6,gasoline,192936,,,23600,6,,False
2020,Ford,f-150,xlt,8,flex,92563,,,33000,6,,False
2018,Ford,f-150,xlt,8,flex,178763,,,21000,8,,False
2023,Ford,f-150,tremor,6,gasoline,42089,,,66250,3,,False
2022,Ford,f-150,tremor,6,gasoline,126957,,,39250,4,,False
2019,Ford,f-150,xlt,6,flex,177875,,,17600,7,,False
2019,Ford,f-150,xlt,6,flex,178225,,,18600,7,,False
2016,Ford,f-150,xlt,8,flex,252258,,,9200,10,,False
2015,Ford,f-150,lariat,6,gasoline,212655,,,15400,11,,False
2018,Ford,f-150,limited,6,gasoline,106204,,,35750,8,,False
2015,Ford,f-150,lariat,6,gasoline,197935,,,12700,11,,False
2017,Ford,f-150,lariat,6,gasoline,183623,,,24000,9,,False
2020,Ford,f-150,xlt,6,gasoline,195064,,,17300,6,,False
2012,Ford,f-150,xlt,6,gasoline,235166,,,5900,14,,False
2017,Ford,f-150,xl,6,flex,286626,,,3250,9,,False
2022,Ford,f-150,xl,6,flex,33568,,,26700,4,,False
2013,Ford,f-150,xl,6,flex,121659,,,7100,13,,False
2012,Ford,f-150,xlt,8,flex,299376,,,3200,14,,False
2011,Ford,f-150,xlt,6,gasoline,254477,,,3900,15,,False
2022,Ford,f-150,xlt,6,gasoline,39240,,,48000,4,,False
2023,Ford,f-150,xlt,6,gasoline,69053,,,40500,3,,False
2023,Ford,f-150,xlt,6,gasoline,33097,,,53800,3,,False
2023,Ford,f-150,lariat,6,hybrid,26836,,,63250,3,,False
2021,Ford,f-150,xlt,6,hybrid,52088,,,43600,5,,False
2023,Ford,f-150,platinum,6,hybrid,136265,,,43500,3,,False
2023,Ford,f-150,xlt,6,hybrid,46564,,,49000,3,,False
2021,Ford,f-150,xlt,8,flex,95118,,,33700,5,,False
2018,Ford,f-150,xlt,8,flex,161229,,,16000,8,,False
2021,Ford,f-150,lariat,8,flex,73860,,,44700,5,,False
2023,Ford,f-150,lariat,8,flex,90743,,,74800,3,,False
2019,Ford,f-150,xlt,8,flex,176697,,,15000,7,,False
2023,Ford,f-150,xlt,8,flex,22209,,,48400,3,,False
2022,Ford,f-150,xlt,8,flex,23658,,,40200,4,,False
2018,Ford,f-150,xlt,8,flex,131732,,,25500,8,,False
2023,Ford,f-150,lariat,6,gasoline,37567,,,57000,3,,False
2023,Ford,f-150,xlt,6,gasoline,47956,,,48600,3,,False
2024,Ford,f-150,xlt,6,gasoline,24671,,,51000,2,,False
2017,Ford,f-150,xl,6,flex,135475,,,16700,9,,False
2021,Ford,f-150,xlt,6,flex,120614,,,20000,5,,False
2020,Ford,f-150,xlt,6,flex,149490,,,22900,6,,False
2012,Ford,f-150,xl,6,flex,45678,,,3700,14,,False
2014,Ford,f-150,xl,6,flex,128148,,,10000,12,,False
2018,Ford,f-150,xlt,6,gasoline,228999,,,10600,8,,False
2017,Ford,f-150,xlt,6,gasoline,237665,,,8350,9,,False
2019,Ford,f-150,xl,6,gasoline,81820,,,20900,7,,False
2020,Ford,f-150,xlt,6,gasoline,187396,,,21200,6,,False
2020,Ford,f-150,xlt,6,gasoline,91608,,,31250,6,,False
2016,Ford,f-150,platinum,6,gasoline,83143,,,37500,10,,False
2018,Ford,f-150,xlt,6,gasoline,157626,,,17600,8,,False
2012,Ford,f-150,xlt,6,gasoline,209176,,,9100,14,,False
2023,Ford,f-150,raptor,8,gasoline,50644,,,125500,3,,False
2024,Ford,f-150,xlt,6,gasoline,30606,,,52100,2,,False
2024,Ford,f-150,xlt,6,gasoline,37387,,,51300,2,,False
2024,Ford,f-150,xlt,6,gasoline,40933,,,55250,2,,False
2024,Ford,f-150,lariat,8,gasoline,57648,,,68500,2,,False
2024,Ford,f-150,lariat,6,gasoline,32831,,,65800,2,,False
2024,Ford,f-150,lariat,6,hybrid,22291,,,64500,2,,False
2024,Ford,f-150,lariat,6,hybrid,51567,,,65000,2,,False
2019,Ford,f-150,xl,8,flex,144895,,,12500,7,,False
2020,Ford,f-150,xlt,8,flex,88315,,,29500,6,,False
2018,Ford,f-150,xlt,8,flex,188379,,,13300,8,,False
2023,Ford,f-150,xlt,6,gasoline,71532,,,41500,3,,False
2023,Ford,f-150,xlt,6,gasoline,50869,,,45200,3,,False
2023,Ford,f-150,xlt,6,gasoline,56687,,,43000,3,,False
2023,Ford,f-150,xlt,6,gasoline,58458,,,35500,3,,False
2023,Ford,f-150,xlt,6,gasoline,93052,,,35500,3,,False
2023,Ford,f-150,xlt,6,gasoline,111761,,,35200,3,,False
2021,Ford,f-150,xlt,6,gasoline,85416,,,34000,5,,False
2015,Ford,f-150,no_mention,6,gasoline,224384,,,9400,11,,False
2022,Ford,f-150,xlt,6,gasoline,80951,,,43000,4,,False
2018,Ford,f-150,xlt,8,flex,198546,,,16000,8,,False
2023,Ford,f-150,tremor,6,gasoline,71775,,,62900,3,,False
2010,Ford,f-150,xlt,8,gasoline,149550,,,4300,16,,False
2018,Ford,f-150,no_mention,6,gasoline,124019,,,34300,8,,False
2023,Ford,f-150,xlt,8,flex,55927,,,36800,3,,False
2023,Ford,f-150,no_mention,6,gasoline,38108,,,46200,3,,False
2023,Ford,f-150,no_mention,6,gasoline,57110,,,59000,3,,False
2022,Ford,f-150,no_mention,6,gasoline,118030,,,40000,4,,False
2016,Ford,f-150,xlt,6,gasoline,279620,,,8400,10,,False
2023,Ford,f-150,xlt,6,gasoline,35207,,,43200,3,,False
2023,Ford,f-150,xlt,6,gasoline,30280,,,43400,3,,False
2023,Ford,f-150,no_mention,6,gasoline,83818,,,42400,3,,False
2023,Ford,f-150,xlt,6,gasoline,42364,,,48700,3,,False
2024,Ford,f-150,tremor,6,gasoline,14801,,,68500,2,,False
2023,Ford,f-150,xlt,6,gasoline,67619,,,43800,3,,False
2025,Ford,f-150,xlt,6,gasoline,29771,,,56700,1,,False
2021,Ford,f-150,xl,8,flex,131870,,,27000,5,,False
2021,Ford,f-150,lariat,6,gasoline,127043,,,37500,5,,False
2021,Ford,f-150,lariat,6,gasoline,84815,,,44200,5,,False
2021,Ford,f-150,lariat,6,gasoline,158456,,,35300,5,,False
2021,Ford,f-150,xlt,6,gasoline,128652,,,23500,5,,False
2022,Ford,f-150,xlt,6,gasoline,135846,,,32500,4,,False
2022,Ford,f-150,lariat,6,gasoline,62061,,,47900,4,,False
2023,Ford,f-150,xlt,6,gasoline,16822,,,41750,3,,False
2019,Ford,f-150,no_mention,6,gasoline,107735,,,34750,7,,False
2021,Ford,f-150,xlt,6,gasoline,116240,,,31000,5,,False
2021,Ford,f-150,xlt,6,gasoline,57651,,,43750,5,,False
2023,Ford,f-150,xlt,6,gasoline,39383,,,41000,3,,False
2022,Ford,f-150,xlt,6,gasoline,65782,,,37200,4,,False
2023,Ford,f-150,lariat,6,gasoline,28653,,,59300,3,,False
2018,Ford,f-150,xlt,6,gasoline,187803,,,19800,8,,False
2021,Ford,f-150,xlt,6,gasoline,141516,,,23100,5,,False
2023,Ford,f-150,xlt,6,gasoline,72553,,,45000,3,,False
2019,Ford,f-150,xlt,6,gasoline,135011,,,18500,7,,False
2020,Ford,f-150,xlt,6,gasoline,172889,,,24000,6,,False
2018,Ford,f-150,xlt,8,flex,96027,,,28750,8,,False
2023,Ford,f-150,tremor,6,gasoline,68149,,,64250,3,,False
2023,Ford,f-150,xlt,6,gasoline,53459,,,63750,3,,False
2021,Ford,f-150,xlt,6,flex,103646,,,26200,5,,False
2016,Ford,f-150,xlt,6,gasoline,97127,,,19600,10,,False
2019,Ford,f-150,limited,6,gasoline,82750,,,45750,7,,False
2015,Ford,f-150,lariat,6,gasoline,249905,,,12100,11,,False
2018,Ford,f-150,xlt,6,gasoline,153382,,,20000,8,,False
2019,Ford,f-150,lariat,6,gasoline,89601,,,34700,7,,False
2021,Ford,f-150,xlt,6,gasoline,154200,,,29750,5,,False
2022,Ford,f-150,lariat,6,gasoline,155975,,,33500,4,,False
2022,Ford,f-150,xlt,6,gasoline,53555,,,48250,4,,False
2017,Ford,f-150,xlt,6,gasoline,130784,,,13000,9,,False
2019,Ford,f-150,xlt,6,flex,188120,,,7700,7,,False
2014,Ford,f-150,xl,6,flex,143698,,,3000,12,,False
2019,Ford,f-150,xlt,6,gasoline,253773,,,7200,7,,False
2023,Ford,f-150,lariat,6,hybrid,109065,,,47500,3,,False
2015,Ford,f-150,xlt,8,flex,219116,,,14250,11,,False
2016,Ford,f-150,xlt,8,flex,157905,,,17800,10,,False
2016,Ford,f-150,xlt,8,flex,254549,,,9400,10,,False
2016,Ford,f-150,xlt,8,flex,136505,,,21500,10,,False
2017,Ford,f-150,xl,8,flex,128197,,,13600,9,,False
2023,Ford,f-150,xlt,6,gasoline,18508,,,55250,3,,False
2022,Ford,f-150,lariat,6,gasoline,92635,,,43600,4,,False
2023,Ford,f-150,xlt,6,gasoline,24804,,,49250,3,,False
2022,Ford,f-150,lariat,6,gasoline,69734,,,47800,4,,False
2022,Ford,f-150,xlt,6,gasoline,39154,,,47750,4,,False
2022,Ford,f-150,xlt,6,gasoline,53097,,,43000,4,,False
2023,Ford,f-150,xlt,6,gasoline,48400,,,48500,3,,False
2022,Ford,f-150,xlt,6,hybrid,144779,,,24600,4,,False
2023,Ford,f-150,xlt,6,hybrid,87214,,,39000,3,,False
2023,Ford,f-150,lariat,6,hybrid,92550,,,50000,3,,False
2021,Ford,f-150,no_mention,8,flex,193109,,,19100,5,,False
2022,Ford,f-150,lariat,8,flex,82299,,,47500,4,,False
2021,Ford,f-150,xlt,8,flex,125915,,,23000,5,,False
2023,Ford,f-150,xlt,8,flex,53141,,,42200,3,,False
2023,Ford,f-150,xlt,8,flex,58498,,,42200,3,,False
2019,Ford,f-150,xlt,8,flex,155683,,,25000,7,,False
2021,Ford,f-150,xlt,8,flex,111232,,,39000,5,,False
2023,Ford,f-150,xlt,8,flex,49233,,,44000,3,,False
2019,Ford,f-150,lariat,8,flex,235338,,,13100,7,,False
2023,Ford,f-150,xlt,8,flex,38591,,,44000,3,,False
2020,Ford,f-150,xlt,8,flex,134916,,,28250,6,,False
2019,Ford,f-150,xlt,6,gasoline,161083,,,23800,7,,False
2024,Ford,f-150,xlt,6,gasoline,29893,,,55000,2,,False
2018,Ford,f-150,xl,6,gasoline,122662,,,23000,8,,False
2019,Ford,f-150,xl,6,gasoline,148358,,,10600,7,,False
2020,Ford,f-150,xl,6,gasoline,174337,,,11300,6,,False
2022,Ford,f-150,xlt,6,gasoline,64166,,,29800,4,,False
2021,Ford,f-150,lariat,6,diesel,174407,,,27000,5,,False
2018,Ford,f-150,xlt,8,flex,134516,,,25300,8,,False
2013,Ford,f-150,xlt,6,gasoline,275501,,,4700,13,,False
2024,Ford,f-150,raptor,8,gasoline,11482,,,155500,2,,False
2024,Ford,f-150,xlt,6,gasoline,26276,,,44500,2,,False
2024,Ford,f-150,xlt,6,hybrid,45274,,,55250,2,,False
2024,Ford,f-150,xlt,6,hybrid,48621,,,51000,2,,False
2024,Ford,f-150,tremor,6,gasoline,12409,,,75500,2,,False
2025,Ford,f-150,tremor,6,gasoline,16013,,,68750,1,,False
2024,Ford,f-150,lariat,6,gasoline,31694,,,64600,2,,False
2024,Ford,f-150,lariat,6,gasoline,19744,,,71800,2,,False
2024,Ford,f-150,king ranch,6,hybrid,29748,,,79250,2,,False
2019,Ford,f-150,xl,6,gasoline,123588,,,23750,7,,False
2018,Ford,f-150,xlt,8,flex,172940,,,10800,8,,False
2015,Ford,f-150,xlt,8,flex,247112,,,4800,11,,False
2023,Ford,f-150,xlt,6,gasoline,45684,,,46000,3,,False
2021,Ford,f-150,xlt,6,gasoline,45350,,,41500,5,,False
2023,Ford,f-150,lariat,6,gasoline,83831,,,56750,3,,False
2023,Ford,f-150,xlt,6,gasoline,59888,,,42500,3,,False
2021,Ford,f-150,xlt,6,gasoline,69466,,,41000,5,,False
2022,Ford,f-150,xlt,6,gasoline,65977,,,35500,4,,False
2022,Ford,f-150,xlt,6,gasoline,28186,,,48750,4,,False
2023,Ford,f-150,xlt,6,gasoline,49881,,,51500,3,,False
2023,Ford,f-150,xlt,6,gasoline,51917,,,51750,3,,False
2021,Ford,f-150,limited,6,gasoline,94631,,,56750,5,,False
2021,Ford,f-150,lariat,6,gasoline,185560,,,25500,5,,False
2023,Ford,f-150,xlt,6,gasoline,52084,,,50250,3,,False
2023,Ford,f-150,lariat,6,gasoline,87006,,,49000,3,,False
2021,Ford,f-150,lariat,6,gasoline,197000,,,27400,5,,False
2022,Ford,f-150,xlt,6,gasoline,32665,,,45800,4,,False
2022,Ford,f-150,lariat,6,gasoline,57807,,,49600,4,,False
2023,Ford,f-150,xlt,6,gasoline,93546,,,43750,3,,False
2023,Ford,f-150,xlt,6,gasoline,64717,,,47000,3,,False
2023,Ford,f-150,xlt,6,gasoline,68364,,,42200,3,,False
2022,Ford,f-150,no_mention,6,gasoline,95216,,,37100,4,,False
2021,Ford,f-150,no_mention,8,flex,148014,,,27500,5,,False
2023,Ford,f-150,raptor,6,gasoline,67140,,,82000,3,,False
2022,Ford,f-150,xlt,8,flex,87520,,,35200,4,,False
2019,Ford,f-150,limited,6,gasoline,152880,,,35000,7,,False
2022,Ford,f-150,raptor,6,gasoline,65793,,,76000,4,,False
2012,Ford,f-150,lariat,8,flex,259680,,,3800,14,,False
2018,Ford,f-150,no_mention,6,gasoline,178873,,,17000,8,,False
2017,Ford,f-150,no_mention,8,flex,84331,,,18700,9,,False
2018,Ford,f-150,no_mention,8,flex,182366,,,19900,8,,False
2018,Ford,f-150,xlt,6,gasoline,199508,,,15400,8,,False
2013,Ford,f-150,no_mention,6,gasoline,257621,,,4500,13,,False
2022,Ford,f-150,lariat,6,gasoline,115688,,,44000,4,,False
2023,Ford,f-150,lariat,6,gasoline,30924,,,58500,3,,False
2023,Ford,f-150,no_mention,6,gasoline,23895,,,65500,3,,False
2023,Ford,f-150,lariat,6,gasoline,52055,,,52200,3,,False
2023,Ford,f-150,lariat,6,gasoline,48717,,,55400,3,,False
2023,Ford,f-150,xlt,6,gasoline,35334,,,40800,3,,False
2022,Ford,f-150,lariat,6,gasoline,103914,,,32000,4,,False
2023,Ford,f-150,lariat,6,gasoline,32456,,,55600,3,,False
2023,Ford,f-150,xlt,6,gasoline,99754,,,34000,3,,False
2023,Ford,f-150,xlt,6,gasoline,46762,,,46800,3,,False
2023,Ford,f-150,xl,6,gasoline,34697,,,41800,3,,False
2023,Ford,f-150,lariat,6,gasoline,21314,,,52000,3,,False
2023,Ford,f-150,lariat,6,gasoline,41229,,,37000,3,,False
2023,Ford,f-150,lariat,6,gasoline,40640,,,55400,3,,False
2023,Ford,f-150,xlt,6,gasoline,38713,,,50000,3,,False
2023,Ford,f-150,lariat,6,gasoline,31436,,,56000,3,,False
2023,Ford,f-150,xlt,6,gasoline,37611,,,43600,3,,False
2021,Ford,f-150,xlt,6,gasoline,113121,,,36250,5,,False
2022,Ford,f-150,lariat,6,gasoline,189092,,,24600,4,,False
2023,Ford,f-150,lariat,6,gasoline,25223,,,57000,3,,False
2023,Ford,f-150,lariat,6,gasoline,37288,,,54800,3,,False
2023,Ford,f-150,lariat,6,gasoline,30049,,,57400,3,,False
2023,Ford,f-150,lariat,6,gasoline,133468,,,39000,3,,False
2018,Ford,f-150,xlt,6,gasoline,127972,,,16800,8,,False
2019,Ford,f-150,xlt,6,gasoline,138780,,,12000,7,,False
2021,Ford,f-150,lariat,6,gasoline,136110,,,38200,5,,False
2023,Ford,f-150,lariat,6,gasoline,31345,,,40200,3,,False
2023,Ford,f-150,lariat,6,gasoline,33479,,,56600,3,,False
2019,Ford,f-150,lariat,6,gasoline,169226,,,23200,7,,False
2022,Ford,f-150,lariat,6,gasoline,31832,,,40000,4,,False
2022,Ford,f-150,xlt,6,gasoline,67511,,,28000,4,,False
2022,Ford,f-150,lariat,6,gasoline,78567,,,33200,4,,False
2021,Ford,f-150,lariat,6,gasoline,136952,,,25400,5,,False
2023,Ford,f-150,lariat,6,gasoline,37152,,,55000,3,,False
2023,Ford,f-150,xlt,6,gasoline,31423,,,48400,3,,False
2023,Ford,f-150,xlt,6,gasoline,16839,,,44300,3,,False
2023,Ford,f-150,lariat,6,gasoline,47753,,,50200,3,,False
2023,Ford,f-150,xlt,6,gasoline,37783,,,46800,3,,False
2023,Ford,f-150,xlt,6,gasoline,51986,,,43400,3,,False
2023,Ford,f-150,xl,6,gasoline,41423,,,39600,3,,False
2023,Ford,f-150,xlt,6,gasoline,94663,,,40400,3,,False
2023,Ford,f-150,lariat,6,gasoline,33860,,,50000,3,,False
2023,Ford,f-150,lariat,6,gasoline,69037,,,51400,3,,False
2019,Ford,f-150,lariat,6,gasoline,114687,,,29200,7,,False
2019,Ford,f-150,xlt,6,gasoline,156513,,,18300,7,,False
2018,Ford,f-150,xlt,8,flex,137475,,,20000,8,,False
2019,Ford,f-150,xlt,8,flex,134020,,,22100,7,,False
2022,Ford,f-150,tremor,6,gasoline,51113,,,53400,4,,False
2023,Ford,f-150,xlt,6,flex,35008,,,38000,3,,False
2022,Ford,f-150,xlt,6,flex,55097,,,35000,4,,False
2017,Ford,f-150,lariat,6,gasoline,142306,,,21500,9,,False
2018,Ford,f-150,lariat,6,gasoline,126778,,,30400,8,,False
2018,Ford,f-150,xlt,6,gasoline,182260,,,21100,8,,False
2018,Ford,f-150,lariat,6,gasoline,159104,,,21800,8,,False
2023,Ford,f-150,lariat,8,flex,106957,,,45000,3,,False
2021,Ford,f-150,lariat,6,gasoline,36343,,,53500,5,,False
2022,Ford,f-150,lariat,6,gasoline,80900,,,33800,4,,False
2018,Ford,f-150,xlt,6,gasoline,72828,,,27400,8,,False
2023,Ford,f-150,lariat,6,hybrid,32622,,,61800,3,,False
2023,Ford,f-150,limited,6,hybrid,84920,,,60400,3,,False
2023,Ford,f-150,lariat,6,hybrid,34151,,,62000,3,,False
2012,Ford,f-150,xlt,8,flex,135382,,,6800,14,,False
2023,Ford,f-150,xlt,6,gasoline,39175,,,44000,3,,False
2023,Ford,f-150,lariat,6,gasoline,36299,,,54500,3,,False
2022,Ford,f-150,xlt,6,gasoline,80656,,,29400,4,,False
2023,Ford,f-150,lariat,6,gasoline,42313,,,61000,3,,False
2023,Ford,f-150,xlt,6,hybrid,37374,,,46800,3,,False
2022,Ford,f-150,lariat,6,hybrid,122783,,,30200,4,,False
2023,Ford,f-150,xlt,6,hybrid,67894,,,41500,3,,False
2023,Ford,f-150,lariat,6,hybrid,65014,,,59800,3,,False
2021,Ford,f-150,lariat,6,hybrid,94199,,,34400,5,,False
2019,Ford,f-150,xlt,8,flex,115350,,,22300,7,,False
2018,Ford,f-150,xlt,8,flex,153255,,,14900,8,,False
2021,Ford,f-150,platinum,8,flex,66518,,,55000,5,,False
2023,Ford,f-150,lariat,8,flex,53484,,,55400,3,,False
2019,Ford,f-150,lariat,8,flex,120636,,,31400,7,,False
2023,Ford,f-150,xlt,8,flex,32287,,,43600,3,,False
2023,Ford,f-150,lariat,8,flex,132423,,,42000,3,,False
2022,Ford,f-150,xlt,8,flex,29154,,,36600,4,,False
2023,Ford,f-150,xlt,8,flex,51708,,,48600,3,,False
2021,Ford,f-150,lariat,8,flex,89566,,,34200,5,,False
2023,Ford,f-150,lariat,6,gasoline,39767,,,55800,3,,False
2019,Ford,f-150,xlt,6,gasoline,122693,,,23200,7,,False
2021,Ford,f-150,lariat,6,gasoline,206191,,,17250,5,,False
2022,Ford,f-150,xlt,6,gasoline,208625,,,14000,4,,False
2023,Ford,f-150,xlt,6,gasoline,52369,,,40000,3,,False
2023,Ford,f-150,lariat,6,gasoline,32434,,,52000,3,,False
2023,Ford,f-150,lariat,6,gasoline,34023,,,56400,3,,False
2024,Ford,f-150,no_mention,6,gasoline,25465,,,46600,2,,False
2024,Ford,f-150,no_mention,6,gasoline,19767,,,47000,2,,False
2024,Ford,f-150,xlt,6,gasoline,28727,,,63800,2,,False
2024,Ford,f-150,xlt,6,gasoline,12813,,,57400,2,,False
2012,Ford,f-150,xlt,6,flex,165309,,,6200,14,,False
2019,Ford,f-150,xlt,6,gasoline,145204,,,23000,7,,False
2019,Ford,f-150,xlt,6,gasoline,128177,,,18000,7,,False
2018,Ford,f-150,xlt,6,gasoline,146145,,,14700,8,,False
2018,Ford,f-150,xlt,6,gasoline,277145,,,8200,8,,False
2014,Ford,f-150,xlt,6,gasoline,124765,,,14600,12,,False
2024,Ford,f-150,xlt,6,gasoline,18042,,,53750,2,,False
2024,Ford,f-150,xlt,6,gasoline,46091,,,49000,2,,False
2024,Ford,f-150,lariat,6,hybrid,33407,,,67600,2,,False
2024,Ford,f-150,platinum,6,hybrid,23322,,,81500,2,,False
2021,Ford,f-150,xlt,8,flex,46269,,,35200,5,,False
2023,Ford,f-150,lariat,6,gasoline,37184,,,60000,3,,False
2022,Ford,f-150,lariat,6,gasoline,67029,,,42200,4,,False
2023,Ford,f-150,xlt,6,gasoline,60412,,,42200,3,,False
2023,Ford,f-150,xlt,6,gasoline,41792,,,49400,3,,False
2021,Ford,f-150,xlt,6,gasoline,49786,,,29000,5,,False
2023,Ford,f-150,xlt,6,gasoline,9893,,,44750,3,,False
2023,Ford,f-150,lariat,6,gasoline,82518,,,44200,3,,False
2023,Ford,f-150,xlt,6,gasoline,64240,,,40400,3,,False
2023,Ford,f-150,lariat,6,gasoline,62608,,,54200,3,,False
2023,Ford,f-150,lariat,6,gasoline,61229,,,53400,3,,False
2022,Ford,f-150,lariat,6,gasoline,86654,,,37000,4,,False
2023,Ford,f-150,xlt,6,gasoline,21045,,,42200,3,,False
2023,Ford,f-150,xlt,6,gasoline,34210,,,48800,3,,False
2023,Ford,f-150,xlt,6,gasoline,33163,,,50000,3,,False
2022,Ford,f-150,lariat,6,gasoline,69892,,,40400,4,,False
2023,Ford,f-150,lariat,6,gasoline,90442,,,48000,3,,False
2023,Ford,f-150,xlt,6,gasoline,31544,,,48500,3,,False
2023,Ford,f-150,xlt,6,gasoline,10530,,,42200,3,,False
2023,Ford,f-150,lariat,6,gasoline,68395,,,55400,3,,False
2022,Ford,f-150,lariat,6,gasoline,107538,,,44600,4,,False
2023,Ford,f-150,lariat,6,gasoline,38828,,,52000,3,,False
2023,Ford,f-150,xlt,6,gasoline,42281,,,39200,3,,False
2012,Ford,f-150,no_mention,8,flex,191635,,,3600,14,,False
2020,Ford,f-150,no_mention,8,flex,80898,,,33800,6,,False
2016,Ford,f-150,no_mention,6,gasoline,188904,,,19000,10,,False
2018,Ford,f-150,xlt,8,flex,178396,,,16800,8,,False
2020,Ford,f-150,no_mention,6,gasoline,217190,,,14100,6,,False
2014,Ford,f-150,xlt,6,gasoline,116538,,,9000,12,,False
2021,Ford,f-150,lariat,8,flex,103793,,,38400,5,,False
2021,Ford,f-150,xl,6,gasoline,53003,,,34800,5,,False
2021,Ford,f-150,no_mention,6,gasoline,80403,,,33000,5,,False
2021,Ford,f-150,no_mention,8,flex,211300,,,18800,5,,False
2022,Ford,f-150,no_mention,6,flex,16185,,,29500,4,,False
2011,Ford,f-150,no_mention,8,flex,133245,,,5400,15,,False
2024,Ford,f-150,no_mention,6,gasoline,26445,,,47100,2,,False
2022,Ford,f-150,no_mention,6,gasoline,52824,,,56000,4,,False
2019,Ford,f-150,platinum,6,gasoline,67809,,,38300,7,,False
2022,Ford,f-150,no_mention,6,gasoline,75902,,,42600,4,,False
2018,Ford,f-150,no_mention,6,gasoline,146865,,,26000,8,,False
2019,Ford,f-150,no_mention,6,gasoline,236566,,,10000,7,,False
2013,Ford,f-150,no_mention,6,gasoline,251664,,,3100,13,,False
2023,Ford,f-150,no_mention,8,flex,45800,,,57900,3,,False
2019,Ford,f-150,no_mention,6,gasoline,214759,,,18200,7,,False
2022,Ford,f-150,no_mention,6,gasoline,144606,,,31200,4,,False
2019,Ford,f-150,no_mention,6,gasoline,63434,,,38000,7,,False
2020,Ford,f-150,xlt,6,gasoline,91696,,,33300,6,,False
2023,Ford,f-150,no_mention,6,gasoline,59466,,,46600,3,,False
2022,Ford,f-150,xlt,6,gasoline,126895,,,36300,4,,False
2020,Ford,f-150,xlt,6,gasoline,188720,,,22000,6,,False
2022,Ford,f-150,lariat,8,flex,50775,,,51600,4,,False
2022,Ford,f-150,no_mention,6,gasoline,40833,,,48700,4,,False
2018,Ford,f-150,no_mention,8,flex,163478,,,21900,8,,False
2019,Ford,f-150,no_mention,6,gasoline,184957,,,27500,7,,False
2013,Ford,f-150,no_mention,8,flex,146439,,,11200,13,,False
2021,Ford,f-150,no_mention,6,gasoline,151093,,,28100,5,,False
2020,Ford,f-150,xlt,6,flex,80526,,,29100,6,,False
2022,Ford,f-150,xlt,8,flex,34252,,,44000,4,,False
2016,Ford,f-150,no_mention,6,gasoline,214388,,,14900,10,,False
2023,Ford,f-150,lariat,6,gasoline,31538,,,56800,3,,False
2023,Ford,f-150,xlt,8,flex,139281,,,24000,3,,False
2023,Ford,f-150,xlt,6,gasoline,31451,,,49500,3,,False
2025,Ford,f-150,tremor,6,gasoline,25637,,,71600,1,,False
2025,Ford,f-150,tremor,6,gasoline,15620,,,71600,1,,False
2015,Ford,f-150,no_mention,6,flex,269631,,,6200,11,,False
2016,Ford,f-150,no_mention,8,flex,181017,,,12900,10,,False
2017,Ford,f-150,xlt,8,flex,205547,,,14400,9,,False
2019,Ford,f-150,xl,6,gasoline,64257,,,27000,7,,False
2015,Ford,f-150,xlt,6,gasoline,132135,,,13600,11,,False
2015,Ford,f-150,xlt,6,gasoline,226097,,,10000,11,,False
2023,Ford,f-150,lariat,6,gasoline,95204,,,52400,3,,False
2023,Ford,f-150,no_mention,6,gasoline,53508,,,51000,3,,False
2013,Ford,f-150,no_mention,8,flex,179975,,,6200,13,,False
2020,Ford,f-150,no_mention,8,flex,226316,,,15400,6,,False
2024,Ford,f-150,xlt,6,gasoline,21908,,,54600,2,,False
2021,Ford,f-150,xlt,6,gasoline,65906,,,29500,5,,False
2021,Ford,f-150,xlt,8,flex,26371,,,39900,5,,False
2022,Ford,f-150,xlt,6,gasoline,60272,,,46400,4,,False
2019,Ford,f-150,no_mention,6,gasoline,162629,,,22500,7,,False
2021,Ford,f-150,no_mention,6,gasoline,108073,,,28300,5,,False
2023,Ford,f-150,lariat,8,flex,36636,,,59300,3,,False
2019,Ford,f-150,lariat,6,gasoline,203641,,,15900,7,,False
2023,Ford,f-150,xl,6,gasoline,153871,,,25500,3,,False
2021,Ford,f-150,lariat,6,gasoline,81912,,,40000,5,,False
2018,Ford,f-150,xlt,8,flex,180637,,,19000,8,,False
2022,Ford,f-150,tremor,6,gasoline,80269,,,50800,4,,False
2018,Ford,f-150,xlt,6,flex,136655,,,16800,8,,False
2016,Ford,f-150,lariat,6,gasoline,258060,,,11400,10,,False
2021,Ford,f-150,xlt,6,gasoline,155117,,,24400,5,,False
2017,Ford,f-150,xlt,6,gasoline,282692,,,4600,9,,False
2023,Ford,f-150,lariat,6,hybrid,30539,,,61000,3,,False
2016,Ford,f-150,xlt,8,flex,180990,,,5100,10,,False
2023,Ford,f-150,xlt,6,gasoline,161667,,,28500,3,,False
2021,Ford,f-150,xlt,8,flex,124728,,,33200,5,,False
2023,Ford,f-150,xlt,8,flex,40521,,,46400,3,,False
2021,Ford,f-150,lariat,8,flex,137635,,,36750,5,,False
2024,Ford,f-150,no_mention,6,gasoline,30027,,,45000,2,,False
2017,Ford,f-150,xlt,6,gasoline,213242,,,15000,9,,False
2012,Ford,f-150,xlt,6,gasoline,260437,,,4300,14,,False
2019,Ford,f-150,xlt,6,gasoline,187250,,,10000,7,,False
2021,Ford,f-150,xlt,6,gasoline,196344,,,13800,5,,False
2022,Ford,f-150,lariat,6,gasoline,188672,,,29000,4,,False
2015,Ford,f-150,no_mention,6,gasoline,227020,,,10000,11,,False
2023,Ford,f-150,tremor,6,gasoline,62074,,,58000,3,,False
2023,Ford,f-150,no_mention,6,gasoline,38780,,,66700,3,,False
2020,Ford,f-150,no_mention,6,gasoline,240711,,,12500,6,,False
2019,Ford,f-150,xl,6,gasoline,122557,,,30000,7,,False
2023,Ford,f-150,no_mention,6,gasoline,48333,,,46000,3,,False
2022,Ford,f-150,lariat,6,gasoline,97934,,,43600,4,,False
2017,Ford,f-150,lariat,6,gasoline,98625,,,28000,9,,False
2022,Ford,f-150,xlt,6,gasoline,72259,,,35100,4,,False
2020,Ford,f-150,no_mention,8,flex,113100,,,24000,6,,False
2023,Ford,f-150,xlt,6,gasoline,30566,,,53600,3,,False
2019,Ford,f-150,no_mention,6,gasoline,255891,,,11500,7,,False
2022,Ford,f-150,no_mention,6,gasoline,66134,,,34000,4,,False
2021,Ford,f-150,xl,6,gasoline,70080,,,34250,5,,False
2023,Ford,f-150,lariat,6,gasoline,36053,,,42200,3,,False
2021,Ford,f-150,xlt,6,gasoline,124969,,,27500,5,,False
2016,Ford,f-150,xlt,6,gasoline,265734,,,7500,10,,False
2019,Ford,f-150,xlt,6,gasoline,194018,,,19500,7,,False
2022,Ford,f-150,xlt,6,gasoline,37127,,,31500,4,,False
2019,Ford,f-150,lariat,6,gasoline,182518,,,28000,7,,False
2019,Ford,f-150,lariat,6,gasoline,113227,,,33500,7,,False
2018,Ford,f-150,lariat,8,flex,113354,,,30000,8,,False
2019,Ford,f-150,lariat,8,flex,158633,,,29250,7,,False
2022,Ford,f-150,tremor,6,gasoline,62854,,,54700,4,,False
2022,Ford,f-150,tremor,6,gasoline,104272,,,40250,4,,False
2021,Ford,f-150,xlt,6,flex,104527,,,24750,5,,False
2018,Ford,f-150,xlt,6,flex,262321,,,10300,8,,False
2019,Ford,f-150,xlt,6,flex,184514,,,14300,7,,False
2018,Ford,f-150,xlt,6,flex,207562,,,4300,8,,False
2021,Ford,f-150,xl,6,flex,73617,,,27750,5,,False
2015,Ford,f-150,xlt,8,flex,243624,,,5500,11,,False
2018,Ford,f-150,no_mention,6,flex,129061,,,6800,8,,False
2022,Ford,f-150,xl,6,flex,26786,,,28000,4,,False
2022,Ford,f-150,xlt,6,hybrid,155607,,,27250,4,,False
2023,Ford,f-150,platinum,6,hybrid,15673,,,67250,3,,False
2022,Ford,f-150,xlt,6,hybrid,62978,,,37000,4,,False
2013,Ford,f-150,xlt,8,flex,145925,,,9450,13,,False
2013,Ford,f-150,fx4,8,flex,130600,,,16500,13,,False
2012,Ford,f-150,lariat,8,flex,167461,,,11000,14,,False
2018,Ford,f-150,xl,8,flex,217793,,,15600,8,,False
2022,Ford,f-150,xlt,6,gasoline,38283,,,41100,4,,False
2021,Ford,f-150,xlt,6,gasoline,85220,,,36500,5,,False
2022,Ford,f-150,lariat,6,hybrid,64059,,,51900,4,,False
2023,Ford,f-150,xlt,6,hybrid,40564,,,48400,3,,False
2019,Ford,f-150,xlt,8,flex,47245,,,33750,7,,False
2021,Ford,f-150,lariat,8,flex,69469,,,45500,5,,False
2022,Ford,f-150,lariat,8,flex,90789,,,46500,4,,False
2023,Ford,f-150,xlt,8,flex,177466,,,31100,3,,False
2023,Ford,f-150,xlt,8,flex,17981,,,51500,3,,False
2017,Ford,f-150,lariat,6,gasoline,115214,,,19600,9,,False
2024,Ford,f-150,no_mention,6,gasoline,37027,,,45000,2,,False
2018,Ford,f-150,xlt,6,flex,141322,,,21900,8,,False
2019,Ford,f-150,xlt,6,gasoline,59551,,,20100,7,,False
2019,Ford,f-150,lariat,6,gasoline,149513,,,30000,7,,False
2019,Ford,f-150,xlt,6,gasoline,293112,,,7200,7,,False
2019,Ford,f-150,no_mention,6,gasoline,193370,,,15500,7,,False
2018,Ford,f-150,xlt,6,gasoline,155553,,,21750,8,,False
2017,Ford,f-150,xlt,6,gasoline,175287,,,16400,9,,False
2013,Ford,f-150,fx4,6,gasoline,105935,,,8900,13,,False
2014,Ford,f-150,lariat,6,gasoline,269697,,,4800,12,,False
2012,Ford,f-150,fx4,6,gasoline,168803,,,15500,14,,False
2014,Ford,f-150,fx4,6,gasoline,191050,,,8700,12,,False
2010,Ford,f-150,harley-davidson,8,flex,202483,,,11000,16,,False
2019,Ford,f-150,raptor,6,gasoline,168345,,,44000,7,,False
2024,Ford,f-150,raptor,6,gasoline,47411,,,93250,2,,False
2024,Ford,f-150,raptor,8,gasoline,13001,,,154250,2,,False
2024,Ford,f-150,xlt,6,gasoline,69632,,,45000,2,,False
2024,Ford,f-150,tremor,6,gasoline,19415,,,73750,2,,False
2020,Ford,f-150,xlt,8,flex,208935,,,14000,6,,False
2022,Ford,f-150,xlt,6,gasoline,97386,,,36100,4,,False
2023,Ford,f-150,xlt,6,gasoline,56694,,,47400,3,,False
2022,Ford,f-150,xlt,6,gasoline,51111,,,46500,4,,False
2023,Ford,f-150,xlt,6,gasoline,132020,,,32000,3,,False
2023,Ford,f-150,platinum,6,gasoline,21002,,,68100,3,,False
2024,Ford,f-150,lariat,6,gasoline,37859,,,65100,2,,False
2020,Ford,f-150,raptor,6,gasoline,153000,,,47100,6,,False
2023,Ford,f-150,tremor,6,gasoline,60276,,,58000,3,,False
2023,Ford,f-150,king ranch,6,gasoline,70951,,,62100,3,,False
2023,Ford,f-150,no_mention,6,gasoline,84073,,,39200,3,,False
2019,Ford,f-150,no_mention,6,gasoline,118848,,,28600,7,,False
2018,Ford,f-150,raptor,6,gasoline,202707,,,35000,8,,False
2022,Ford,f-150,limited,6,hybrid,117614,,,49500,4,,False
2020,Ford,f-150,no_mention,6,gasoline,156157,,,26700,6,,False
2023,Ford,f-150,lariat,6,gasoline,68898,,,49500,3,,False
2023,Ford,f-150,no_mention,6,gasoline,34040,,,42900,3,,False
2021,Ford,f-150,no_mention,6,gasoline,98708,,,36800,5,,False
2017,Ford,f-150,lariat,8,flex,150203,,,23600,9,,False
2023,Ford,f-150,no_mention,6,hybrid,42657,,,48000,3,,False
2021,Ford,f-150,platinum,6,diesel,76016,,,52200,5,,False
2023,Ford,f-150,tremor,6,gasoline,18642,,,66800,3,,False
2023,Ford,f-150,xlt,6,gasoline,58868,,,44800,3,,False
2024,Ford,f-150,xlt,6,gasoline,14190,,,56900,2,,False
2021,Ford,f-150,xlt,8,flex,165494,,,23000,5,,False
2023,Ford,f-150,xlt,6,gasoline,23649,,,49800,3,,False
2021,Ford,f-150,xlt,6,gasoline,113310,,,30000,5,,False
2021,Ford,f-150,no_mention,6,gasoline,122122,,,36500,5,,False
2020,Ford,f-150,no_mention,6,gasoline,137854,,,29800,6,,False
2021,Ford,f-150,lariat,6,gasoline,88700,,,41200,5,,False
2023,Ford,f-150,xlt,6,gasoline,60576,,,40000,3,,False
2023,Ford,f-150,xlt,6,gasoline,20360,,,43250,3,,False
2023,Ford,f-150,lariat,6,gasoline,62618,,,47800,3,,False
2020,Ford,f-150,xlt,6,gasoline,110562,,,30000,6,,False
2022,Ford,f-150,xlt,6,gasoline,106788,,,31000,4,,False
2021,Ford,f-150,lariat,6,gasoline,125213,,,33750,5,,False
2023,Ford,f-150,lariat,6,gasoline,39344,,,49900,3,,False
2023,Ford,f-150,xlt,6,gasoline,44930,,,44400,3,,False
2021,Ford,f-150,xlt,6,gasoline,132267,,,15000,5,,False
2019,Ford,f-150,lariat,6,gasoline,118585,,,33000,7,,False
2018,Ford,f-150,lariat,8,flex,175126,,,19800,8,,False
2017,Ford,f-150,xlt,6,flex,239773,,,6700,9,,False
2023,Ford,f-150,tremor,6,gasoline,28642,,,65750,3,,False
2023,Ford,f-150,tremor,6,gasoline,40801,,,62750,3,,False
2023,Ford,f-150,tremor,6,gasoline,118737,,,50750,3,,False
2023,Ford,f-150,tremor,6,gasoline,136904,,,50800,3,,False
2022,Ford,f-150,xlt,6,flex,146362,,,26600,4,,False
2021,Ford,f-150,xlt,6,flex,113671,,,27400,5,,False
2021,Ford,f-150,xlt,6,flex,87936,,,30250,5,,False
2018,Ford,f-150,platinum,6,gasoline,199913,,,20750,8,,False
2017,Ford,f-150,xlt,6,gasoline,225102,,,17500,9,,False
2023,Ford,f-150,lariat,8,flex,159490,,,38400,3,,False
2022,Ford,f-150,lariat,6,gasoline,49765,,,48250,4,,False
2021,Ford,f-150,xlt,6,gasoline,215819,,,15100,5,,False
2013,Ford,f-150,fx4,8,flex,181117,,,6900,13,,False
2016,Ford,f-150,xlt,8,flex,159630,,,17000,10,,False
2016,Ford,f-150,lariat,8,flex,165290,,,23300,10,,False
2021,Ford,f-150,lariat,6,gasoline,93575,,,47250,5,,False
2022,Ford,f-150,xlt,6,gasoline,68961,,,45600,4,,False
2023,Ford,f-150,xlt,6,gasoline,117111,,,33000,3,,False
2023,Ford,f-150,xlt,6,gasoline,103679,,,33000,3,,False
2023,Ford,f-150,xlt,6,gasoline,97390,,,41000,3,,False
2023,Ford,f-150,xlt,6,gasoline,71180,,,41500,3,,False
2019,Ford,f-150,xlt,8,flex,263563,,,10750,7,,False
2018,Ford,f-150,platinum,8,flex,166283,,,19300,8,,False
2018,Ford,f-150,xl,8,flex,118549,,,25800,8,,False
2021,Ford,f-150,xlt,8,flex,229557,,,19000,5,,False
2020,Ford,f-150,xlt,8,flex,135599,,,28000,6,,False
2021,Ford,f-150,lariat,8,flex,97957,,,39500,5,,False
2022,Ford,f-150,xlt,8,flex,114369,,,33500,4,,False
2023,Ford,f-150,xlt,6,gasoline,79975,,,40100,3,,False
2021,Ford,f-150,lariat,6,gasoline,80280,,,36000,5,,False
2024,Ford,f-150,no_mention,6,gasoline,50760,,,42300,2,,False
2021,Ford,f-150,xlt,6,flex,119808,,,6900,5,,False
2019,Ford,f-150,xl,6,gasoline,91118,,,16750,7,,False
2019,Ford,f-150,xl,6,gasoline,114653,,,17500,7,,False
2019,Ford,f-150,xl,6,gasoline,142202,,,16000,7,,False
2019,Ford,f-150,xl,6,gasoline,106140,,,19600,7,,False
2022,Ford,f-150,xlt,6,gasoline,119570,,,22000,4,,False
2016,Ford,f-150,xlt,6,gasoline,167549,,,12600,10,,False
2020,Ford,f-150,xl,6,gasoline,43945,,,23750,6,,False
2018,Ford,f-150,xlt,6,gasoline,161305,,,12600,8,,False
2021,Ford,f-150,xlt,6,diesel,101902,,,38000,5,,False
2020,Ford,f-150,xlt,6,gasoline,117580,,,26500,6,,False
2018,Ford,f-150,xlt,6,gasoline,95637,,,25600,8,,False
2017,Ford,f-150,no_mention,6,gasoline,226500,,,11500,9,,False
2024,Ford,f-150,raptor,8,gasoline,15202,,,155750,2,,False
2024,Ford,f-150,xlt,8,gasoline,43764,,,48800,2,,False
2024,Ford,f-150,xlt,6,gasoline,9512,,,56000,2,,False
2024,Ford,f-150,tremor,8,gasoline,27430,,,75200,2,,False
2024,Ford,f-150,tremor,6,gasoline,36518,,,64500,2,,False
2024,Ford,f-150,platinum,6,hybrid,50955,,,74750,2,,False
2022,Ford,f-150,xlt,6,gasoline,119960,,,33250,4,,False
2022,Ford,f-150,lariat,6,gasoline,82347,,,42100,4,,False
2022,Ford,f-150,limited,6,gasoline,87916,,,49100,4,,False
2021,Ford,f-150,lariat,6,gasoline,100187,,,46500,5,,False
2022,Ford,f-150,xlt,6,gasoline,53250,,,41000,4,,False
2022,Ford,f-150,xlt,6,gasoline,173550,,,26000,4,,False
2023,Ford,f-150,xlt,6,gasoline,61542,,,45500,3,,False
2022,Ford,f-150,xlt,6,gasoline,173957,,,20000,4,,False
2014,Ford,f-150,xlt,6,gasoline,132794,,,12500,12,,False
2022,Ford,f-150,no_mention,6,gasoline,88551,,,44700,4,,False
2015,Ford,f-150,no_mention,6,gasoline,179586,,,9600,11,,False
2021,Ford,f-150,no_mention,8,flex,154967,,,24100,5,,False
2019,Ford,f-150,xlt,8,flex,162686,,,22500,7,,False
2014,Ford,f-150,no_mention,6,gasoline,211551,,,10500,12,,False
2023,Ford,f-150,no_mention,6,gasoline,41464,,,47500,3,,False
2017,Ford,f-150,no_mention,6,gasoline,145265,,,30800,9,,False
2017,Ford,f-150,xlt,8,flex,130920,,,20000,9,,False
2016,Ford,f-150,no_mention,8,flex,147972,,,10000,10,,False
2017,Ford,f-150,xlt,6,flex,168227,,,17500,9,,False
2017,Ford,f-150,no_mention,8,flex,120701,,,21400,9,,False
2022,Ford,f-150,xlt,6,gasoline,90387,,,35500,4,,False
2023,Ford,f-150,raptor,8,gasoline,86749,,,115200,3,,False
2020,Ford,f-150,no_mention,6,gasoline,156845,,,32100,6,,False
2021,Ford,f-150,no_mention,6,gasoline,190525,,,21000,5,,False
2022,Ford,f-150,lariat,6,gasoline,112150,,,39000,4,,False
2022,Ford,f-150,no_mention,6,gasoline,91431,,,38000,4,,False
2023,Ford,f-150,no_mention,6,gasoline,36725,,,55100,3,,False
2020,Ford,f-150,no_mention,6,gasoline,75979,,,35500,6,,False
2018,Ford,f-150,lariat,6,gasoline,144227,,,27900,8,,False
2019,Ford,f-150,no_mention,6,flex,191246,,,12500,7,,False
2018,Ford,f-150,no_mention,6,gasoline,144744,,,29100,8,,False
2017,Ford,f-150,lariat,6,gasoline,118464,,,28100,9,,False
2023,Ford,f-150,lariat,6,gasoline,90714,,,43000,3,,False
2023,Ford,f-150,lariat,6,gasoline,56886,,,52600,3,,False
2019,Ford,f-150,xl,6,gasoline,139364,,,15000,7,,False
2023,Ford,f-150,xlt,6,gasoline,32491,,,48400,3,,False
2019,Ford,f-150,xlt,6,gasoline,133498,,,23000,7,,False
2023,Ford,f-150,lariat,6,gasoline,57297,,,52600,3,,False
2023,Ford,f-150,lariat,6,gasoline,32585,,,49500,3,,False
2023,Ford,f-150,lariat,6,gasoline,37546,,,51000,3,,False
2023,Ford,f-150,xlt,6,gasoline,64719,,,44400,3,,False
2023,Ford,f-150,xlt,6,gasoline,46237,,,48400,3,,False
2019,Ford,f-150,lariat,6,gasoline,95166,,,33200,7,,False
2023,Ford,f-150,lariat,6,gasoline,32267,,,58000,3,,False
2023,Ford,f-150,lariat,6,gasoline,48004,,,56600,3,,False
2023,Ford,f-150,lariat,6,gasoline,45366,,,53600,3,,False
2023,Ford,f-150,lariat,6,gasoline,46799,,,55800,3,,False
2022,Ford,f-150,xlt,6,gasoline,56315,,,30400,4,,False
2023,Ford,f-150,xl,6,gasoline,20688,,,41600,3,,False
2023,Ford,f-150,lariat,6,gasoline,56221,,,56400,3,,False
2021,Ford,f-150,lariat,6,gasoline,94565,,,34000,5,,False
2023,Ford,f-150,xlt,6,gasoline,39528,,,47800,3,,False
2023,Ford,f-150,xlt,6,gasoline,50863,,,48000,3,,False
2021,Ford,f-150,lariat,6,gasoline,129669,,,35800,5,,False
2023,Ford,f-150,lariat,6,gasoline,26395,,,58400,3,,False
2019,Ford,f-150,xlt,6,gasoline,173342,,,15600,7,,False
2018,Ford,f-150,xlt,8,flex,121909,,,17000,8,,False
2019,Ford,f-150,lariat,8,flex,174784,,,27750,7,,False
2020,Ford,f-150,xlt,8,flex,113242,,,23500,6,,False
2018,Ford,f-150,xlt,6,flex,289476,,,4000,8,,False
2018,Ford,f-150,xlt,6,gasoline,132523,,,27000,8,,False
2020,Ford,f-150,xlt,6,gasoline,167413,,,21600,6,,False
2016,Ford,f-150,xl,6,flex,52505,,,12800,10,,False
2017,Ford,f-150,xlt,8,flex,47874,,,24400,9,,False
2016,Ford,f-150,xlt,8,flex,148145,,,17100,10,,False
2023,Ford,f-150,xl,6,gasoline,33564,,,15000,3,,False
2022,Ford,f-150,xlt,6,gasoline,92460,,,34700,4,,False
2023,Ford,f-150,lariat,6,gasoline,50034,,,57000,3,,False
2023,Ford,f-150,xlt,6,gasoline,84756,,,42400,3,,False
2021,Ford,f-150,xlt,6,gasoline,151842,,,19000,5,,False
2023,Ford,f-150,lariat,6,hybrid,30303,,,54600,3,,False
2023,Ford,f-150,lariat,6,hybrid,49438,,,49800,3,,False
2021,Ford,f-150,xlt,8,flex,287953,,,16600,5,,False
2022,Ford,f-150,lariat,8,flex,35761,,,44000,4,,False
2022,Ford,f-150,xlt,8,flex,55896,,,35750,4,,False
2018,Ford,f-150,xlt,8,flex,210096,,,7000,8,,False
2023,Ford,f-150,xlt,8,flex,29524,,,52400,3,,False
2023,Ford,f-150,xl,6,gasoline,46282,,,41000,3,,False
2021,Ford,f-150,xlt,6,gasoline,80886,,,29500,5,,False
2023,Ford,f-150,xlt,6,gasoline,39420,,,44800,3,,False
2023,Ford,f-150,lariat,6,gasoline,38111,,,52600,3,,False
2023,Ford,f-150,lariat,6,gasoline,24461,,,57400,3,,False
2024,Ford,f-150,no_mention,6,gasoline,36870,,,45000,2,,False
2024,Ford,f-150,no_mention,6,gasoline,10495,,,49200,2,,False
2024,Ford,f-150,xlt,6,gasoline,41184,,,51000,2,,False
2019,Ford,f-150,xl,6,gasoline,138028,,,13000,7,,False
2020,Ford,f-150,xlt,6,gasoline,84017,,,31250,6,,False
2014,Ford,f-150,xlt,6,gasoline,197122,,,5000,12,,False
2024,Ford,f-150,xlt,8,gasoline,25170,,,48400,2,,False
2024,Ford,f-150,xlt,6,gasoline,34065,,,54500,2,,False
2024,Ford,f-150,xlt,6,gasoline,19126,,,52200,2,,False
2024,Ford,f-150,xlt,6,gasoline,13817,,,53000,2,,False
2025,Ford,f-150,xlt,6,gasoline,22343,,,48200,1,,False
2024,Ford,f-150,xlt,6,gasoline,13705,,,49000,2,,False
2024,Ford,f-150,xlt,6,gasoline,10389,,,55000,2,,False
2024,Ford,f-150,xlt,6,hybrid,24776,,,57200,2,,False
2024,Ford,f-150,xlt,6,hybrid,17157,,,57000,2,,False
2024,Ford,f-150,xlt,6,hybrid,37988,,,51600,2,,False
2024,Ford,f-150,xlt,6,hybrid,17590,,,59000,2,,False
2024,Ford,f-150,platinum,6,gasoline,28635,,,76200,2,,False
2024,Ford,f-150,platinum,6,gasoline,45386,,,71800,2,,False
2024,Ford,f-150,platinum,6,hybrid,17593,,,90750,2,,False
2023,Ford,f-150,xlt,6,gasoline,50693,,,46600,3,,False
2022,Ford,f-150,xlt,6,gasoline,140978,,,26200,4,,False
2022,Ford,f-150,lariat,6,gasoline,76570,,,36800,4,,False
2023,Ford,f-150,xlt,6,gasoline,56679,,,43000,3,,False
2023,Ford,f-150,xlt,6,gasoline,83693,,,39750,3,,False
2023,Ford,f-150,xlt,6,gasoline,67084,,,41500,3,,False
2023,Ford,f-150,lariat,6,gasoline,56640,,,58400,3,,False
2023,Ford,f-150,xlt,6,gasoline,73702,,,40500,3,,False
2022,Ford,f-150,lariat,6,gasoline,108875,,,44100,4,,False
2022,Ford,f-150,xlt,6,gasoline,110649,,,30400,4,,False
2023,Ford,f-150,xlt,6,gasoline,79643,,,38800,3,,False
2023,Ford,f-150,lariat,6,gasoline,25196,,,55600,3,,False
2023,Ford,f-150,lariat,6,gasoline,28003,,,59000,3,,False
2021,Ford,f-150,xlt,6,gasoline,147353,,,9800,5,,False
2023,Ford,f-150,xlt,6,gasoline,38514,,,41400,3,,False
2018,Ford,f-150,no_mention,6,gasoline,184094,,,23700,8,,False
2023,Ford,f-150,lariat,6,gasoline,32062,,,55300,3,,False
2016,Ford,f-150,no_mention,6,flex,252042,,,6800,10,,False
2023,Ford,f-150,no_mention,6,hybrid,67240,,,45500,3,,False
2023,Ford,f-150,tremor,6,gasoline,68276,,,61700,3,,False
2024,Ford,f-150,xlt,6,gasoline,29054,,,53000,2,,False
2022,Ford,f-150,no_mention,6,gasoline,71427,,,52400,4,,False
2021,Ford,f-150,limited,6,hybrid,64418,,,58000,5,,False
2023,Ford,f-150,xlt,6,gasoline,60927,,,47200,3,,False
2014,Ford,f-150,no_mention,6,gasoline,158613,,,13100,12,,False
2012,Ford,f-150,lariat,6,gasoline,209818,,,9400,14,,False
2023,Ford,f-150,no_mention,8,flex,50002,,,66500,3,,False
2022,Ford,f-150,no_mention,6,hybrid,48546,,,41600,4,,False
2022,Ford,f-150,no_mention,8,flex,81117,,,46200,4,,False
2016,Ford,f-150,no_mention,6,gasoline,282165,,,8500,10,,False
2016,Ford,f-150,no_mention,6,gasoline,264799,,,7000,10,,False
2016,Ford,f-150,no_mention,6,gasoline,176556,,,16500,10,,False
2014,Ford,f-150,no_mention,6,gasoline,205564,,,8900,12,,False
2021,Ford,f-150,lariat,6,gasoline,105667,,,38000,5,,False
2022,Ford,f-150,lariat,8,flex,187342,,,30600,4,,False
2023,Ford,f-150,xlt,6,gasoline,38436,,,42500,3,,False
2022,Ford,f-150,lariat,6,gasoline,75071,,,44500,4,,False
2022,Ford,f-150,lariat,6,hybrid,58085,,,48200,4,,False
2023,Ford,f-150,xlt,6,gasoline,89409,,,40500,3,,False
2023,Ford,f-150,no_mention,6,gasoline,58787,,,57700,3,,False
2023,Ford,f-150,tremor,6,gasoline,52527,,,62200,3,,False
2022,Ford,f-150,no_mention,6,gasoline,40529,,,38200,4,,False
2023,Ford,f-150,xlt,6,gasoline,94538,,,44500,3,,False
2013,Ford,f-150,fx4,8,flex,256151,,,7200,13,,False
2023,Ford,f-150,platinum,6,hybrid,82440,,,56800,3,,False
2021,Ford,f-150,no_mention,8,flex,112631,,,47300,5,,False
2018,Ford,f-150,no_mention,8,flex,134923,,,26100,8,,False
2021,Ford,f-150,no_mention,6,gasoline,110634,,,38300,5,,False
2023,Ford,f-150,xlt,6,gasoline,167301,,,20100,3,,False
2022,Ford,f-150,xl,6,gasoline,87491,,,32000,4,,False
2023,Ford,f-150,xl,6,gasoline,85420,,,33000,3,,False
2021,Ford,f-150,xl,6,gasoline,63827,,,31700,5,,False
2019,Ford,f-150,lariat,6,gasoline,139199,,,25000,7,,False
2020,Ford,f-150,xlt,6,gasoline,158758,,,23300,6,,False
2021,Ford,f-150,xlt,6,flex,163179,,,17400,5,,False
2015,Ford,f-150,xlt,6,gasoline,272200,,,6750,11,,False
2016,Ford,f-150,lariat,6,gasoline,227744,,,14800,10,,False
2018,Ford,f-150,xlt,6,gasoline,191328,,,19000,8,,False
2020,Ford,f-150,xlt,6,gasoline,199982,,,19800,6,,False
2018,Ford,f-150,xlt,6,gasoline,255978,,,3900,8,,False
2016,Ford,f-150,xlt,8,flex,102168,,,19000,10,,False
2022,Ford,f-150,xlt,6,gasoline,86186,,,39000,4,,False
2023,Ford,f-150,xlt,6,gasoline,54414,,,39500,3,,False
2018,Ford,f-150,xlt,6,gasoline,220082,,,13500,8,,False
2013,Ford,f-150,no_mention,6,gasoline,209083,,,6250,13,,False
2019,Ford,f-150,xlt,8,flex,96155,,,20250,7,,False
2023,Ford,f-150,lariat,6,gasoline,85362,,,50600,3,,False
2023,Ford,f-150,no_mention,6,gasoline,59175,,,44000,3,,False
2017,Ford,f-150,no_mention,6,gasoline,130928,,,23100,9,,False
2024,Ford,f-150,tremor,8,gasoline,24332,,,68700,2,,False
2022,Ford,f-150,lariat,6,gasoline,64961,,,43200,4,,False
2022,Ford,f-150,no_mention,8,flex,51099,,,66100,4,,False
2021,Ford,f-150,no_mention,8,flex,70755,,,37000,5,,False
2017,Ford,f-150,xlt,6,flex,197912,,,11900,9,,False
2018,Ford,f-150,no_mention,6,flex,46750,,,22000,8,,False
2011,Ford,f-150,no_mention,8,flex,201467,,,5100,15,,False
2023,Ford,f-150,xlt,6,gasoline,66639,,,45000,3,,False
2016,Ford,f-150,no_mention,6,gasoline,188888,,,12800,10,,False
2017,Ford,f-150,xlt,8,flex,117576,,,24500,9,,False
2011,Ford,f-150,no_mention,6,gasoline,103373,,,7000,15,,False
2018,Ford,f-150,xlt,6,gasoline,113842,,,28000,8,,False
2023,Ford,f-150,xlt,6,gasoline,26266,,,46800,3,,False
2021,Ford,f-150,lariat,6,gasoline,58443,,,47750,5,,False
2021,Ford,f-150,lariat,6,gasoline,58390,,,46500,5,,False
2021,Ford,f-150,xl,6,gasoline,96890,,,29500,5,,False
2023,Ford,f-150,xlt,6,gasoline,71743,,,43000,3,,False
2023,Ford,f-150,xlt,6,gasoline,26466,,,49400,3,,False
2018,Ford,f-150,xlt,6,gasoline,217283,,,10400,8,,False
2019,Ford,f-150,xlt,6,gasoline,132667,,,26500,7,,False
2020,Ford,f-150,xl,6,gasoline,115807,,,25200,6,,False
2020,Ford,f-150,lariat,6,gasoline,101754,,,42250,6,,False
2019,Ford,f-150,xlt,6,gasoline,121572,,,34200,7,,False
2020,Ford,f-150,xlt,6,gasoline,144523,,,26600,6,,False
2020,Ford,f-150,lariat,6,gasoline,125472,,,37250,6,,False
2020,Ford,f-150,xlt,6,gasoline,163150,,,16100,6,,False
2018,Ford,f-150,lariat,8,flex,106439,,,30500,8,,False
2018,Ford,f-150,lariat,8,flex,258497,,,13200,8,,False
2023,Ford,f-150,tremor,6,gasoline,57144,,,60500,3,,False
2022,Ford,f-150,tremor,6,gasoline,30828,,,57000,4,,False
2021,Ford,f-150,xlt,6,flex,66183,,,29000,5,,False
2016,Ford,f-150,xlt,8,flex,280788,,,8200,10,,False
2016,Ford,f-150,limited,6,gasoline,222991,,,11200,10,,False
2017,Ford,f-150,lariat,6,gasoline,103424,,,23000,9,,False
2018,Ford,f-150,lariat,6,gasoline,118159,,,28250,8,,False
2021,Ford,f-150,xlt,8,flex,128264,,,28900,5,,False
2021,Ford,f-150,lariat,6,hybrid,118205,,,38750,5,,False
2017,Ford,f-150,xlt,8,flex,188729,,,20750,9,,False
2014,Ford,f-150,xlt,8,flex,134036,,,13600,12,,False
2013,Ford,f-150,xlt,8,flex,210518,,,5000,13,,False
2023,Ford,f-150,xlt,6,gasoline,117606,,,28000,3,,False
2023,Ford,f-150,platinum,6,hybrid,27453,,,65300,3,,False
2023,Ford,f-150,xlt,6,hybrid,51008,,,47400,3,,False
2021,Ford,f-150,lariat,6,hybrid,122285,,,36100,5,,False
2023,Ford,f-150,xlt,8,flex,24700,,,46000,3,,False
2018,Ford,f-150,xlt,8,flex,78356,,,29600,8,,False
2023,Ford,f-150,xlt,8,flex,172007,,,32200,3,,False
2023,Ford,f-150,xlt,6,gasoline,13185,,,35200,3,,False
2020,Ford,f-150,xlt,6,gasoline,170485,,,25000,6,,False
2023,Ford,f-150,xl,6,gasoline,102494,,,33300,3,,False
2016,Ford,f-150,xlt,6,flex,236357,,,7900,10,,False
2014,Ford,f-150,xlt,6,flex,87247,,,6000,12,,False
2019,Ford,f-150,xlt,6,gasoline,159805,,,15200,7,,False
2019,Ford,f-150,xl,6,gasoline,105403,,,22200,7,,False
2021,Ford,f-150,xl,6,gasoline,192069,,,15700,5,,False
2019,Ford,f-150,xl,6,gasoline,64088,,,20300,7,,False
2019,Ford,f-150,xl,6,gasoline,200750,,,13900,7,,False
2020,Ford,f-150,xlt,6,gasoline,190874,,,17500,6,,False
2018,Ford,f-150,xlt,6,gasoline,211929,,,16000,8,,False
2013,Ford,f-150,fx4,6,gasoline,184916,,,7800,13,,False
2013,Ford,f-150,xlt,6,gasoline,164414,,,16000,13,,False
2014,Ford,f-150,xlt,6,gasoline,175098,,,9500,12,,False
2024,Ford,f-150,raptor,8,gasoline,16795,,,152250,2,,False
2024,Ford,f-150,xlt,6,gasoline,51919,,,57000,2,,False
2024,Ford,f-150,xlt,6,gasoline,34140,,,52200,2,,False
2024,Ford,f-150,xlt,6,gasoline,52931,,,51750,2,,False
2024,Ford,f-150,xlt,6,gasoline,71096,,,47900,2,,False
2010,Ford,f-150,xlt,8,flex,197994,,,5200,16,,False
2020,Ford,f-150,xlt,6,gasoline,127826,,,21400,6,,False
2020,Ford,f-150,xlt,8,flex,256929,,,10600,6,,False
2021,Ford,f-150,xlt,8,flex,175312,,,13000,5,,False
2021,Ford,f-150,xlt,6,gasoline,172690,,,22000,5,,False
2023,Ford,f-150,lariat,6,gasoline,47233,,,59250,3,,False
2023,Ford,f-150,xlt,6,gasoline,84664,,,44250,3,,False
2022,Ford,f-150,xlt,6,gasoline,94807,,,39250,4,,False
2023,Ford,f-150,xlt,6,gasoline,80703,,,43750,3,,False
2023,Ford,f-150,lariat,6,gasoline,107380,,,50250,3,,False
2022,Ford,f-150,xlt,6,gasoline,137687,,,31500,4,,False
2023,Ford,f-150,xlt,6,gasoline,45059,,,49800,3,,False
2023,Ford,f-150,xlt,6,gasoline,179659,,,26000,3,,False
2015,Ford,f-150,xlt,6,gasoline,200171,,,6600,11,,False
2023,Ford,f-150,xlt,6,hybrid,15031,,,58000,3,,False
2014,Ford,f-150,no_mention,6,gasoline,249851,,,5100,12,,False
2016,Ford,f-150,xlt,6,flex,278567,,,11700,10,,False
2017,Ford,f-150,no_mention,6,gasoline,152525,,,15000,9,,False
2020,Ford,f-150,no_mention,6,gasoline,139742,,,35500,6,,False
2021,Ford,f-150,no_mention,6,hybrid,88301,,,36500,5,,False
2023,Ford,f-150,no_mention,6,gasoline,31580,,,63000,3,,False
2017,Ford,f-150,no_mention,6,gasoline,116818,,,33000,9,,False
2023,Ford,f-150,no_mention,6,gasoline,43980,,,60900,3,,False
2020,Ford,f-150,no_mention,6,gasoline,146563,,,26000,6,,False
2018,Ford,f-150,no_mention,6,gasoline,219957,,,12000,8,,False
2022,Ford,f-150,no_mention,8,flex,92148,,,48500,4,,False
2020,Ford,f-150,no_mention,6,gasoline,159366,,,27100,6,,False
2023,Ford,f-150,no_mention,6,gasoline,52490,,,48700,3,,False
2019,Ford,f-150,lariat,6,gasoline,176595,,,24600,7,,False
2018,Ford,f-150,xlt,6,gasoline,201449,,,8300,8,,False
2014,Ford,f-150,xlt,8,flex,148645,,,9300,12,,False
2022,Ford,f-150,xlt,8,flex,35805,,,44200,4,,False
2019,Ford,f-150,no_mention,8,flex,189590,,,18700,7,,False
2018,Ford,f-150,platinum,6,diesel,145495,,,30000,8,,False
2024,Ford,f-150,xlt,6,gasoline,17596,,,55100,2,,False
2023,Ford,f-150,tremor,6,gasoline,26357,,,65400,3,,False
2024,Ford,f-150,xlt,6,gasoline,29247,,,57400,2,,False
2015,Ford,f-150,xlt,6,gasoline,212552,,,11900,11,,False
2011,Ford,f-150,fx4,6,gasoline,159218,,,4900,15,,False
2025,Ford,f-150,tremor,6,gasoline,14632,,,81700,1,,False
2024,Ford,f-150,xlt,6,gasoline,21141,,,59600,2,,False
2024,Ford,f-150,xlt,6,gasoline,38595,,,53700,2,,False
2023,Ford,f-150,xlt,6,gasoline,32999,,,50000,3,,False
2023,Ford,f-150,xlt,6,gasoline,28381,,,51900,3,,False
2023,Ford,f-150,lariat,6,gasoline,66028,,,51400,3,,False
2022,Ford,f-150,lariat,6,gasoline,65575,,,44200,4,,False
2022,Ford,f-150,xlt,6,gasoline,79866,,,35000,4,,False
2021,Ford,f-150,lariat,6,gasoline,54549,,,43500,5,,False
2023,Ford,f-150,lariat,6,gasoline,33882,,,57600,3,,False
2023,Ford,f-150,xlt,6,gasoline,76607,,,29000,3,,False
2022,Ford,f-150,xlt,6,gasoline,56670,,,41200,4,,False
2021,Ford,f-150,lariat,6,gasoline,92522,,,41400,5,,False
2016,Ford,f-150,xlt,6,gasoline,86432,,,21000,10,,False
2023,Ford,f-150,lariat,6,gasoline,44489,,,50000,3,,False
2023,Ford,f-150,xlt,6,gasoline,28029,,,46600,3,,False
2019,Ford,f-150,xl,6,gasoline,83533,,,31500,7,,False
2022,Ford,f-150,no_mention,6,gasoline,143276,,,28400,4,,False
2022,Ford,f-150,lariat,6,gasoline,55557,,,48400,4,,False
2022,Ford,f-150,lariat,6,gasoline,66165,,,46700,4,,False
2019,Ford,f-150,lariat,6,gasoline,63033,,,37250,7,,False
2018,Ford,f-150,xlt,8,flex,299560,,,5800,8,,False
2020,Ford,f-150,xlt,8,flex,118662,,,31000,6,,False
2022,Ford,f-150,tremor,6,gasoline,61812,,,45200,4,,False
2023,Ford,f-150,tremor,6,gasoline,58657,,,63500,3,,False
2023,Ford,f-150,tremor,6,gasoline,64481,,,62250,3,,False
2023,Ford,f-150,tremor,6,gasoline,34925,,,64750,3,,False
2022,Ford,f-150,xlt,6,flex,113064,,,31500,4,,False
2022,Ford,f-150,xlt,6,flex,135307,,,25500,4,,False
2022,Ford,f-150,xlt,6,flex,127907,,,28600,4,,False
2017,Ford,f-150,xlt,8,flex,137272,,,20000,9,,False
2017,Ford,f-150,limited,6,gasoline,215094,,,19000,9,,False
2023,Ford,f-150,xlt,6,gasoline,39587,,,48500,3,,False
2016,Ford,f-150,xl,6,flex,90973,,,8250,10,,False
2014,Ford,f-150,xlt,6,flex,206291,,,3500,12,,False
2022,Ford,f-150,xlt,6,flex,52572,,,27000,4,,False
2023,Ford,f-150,xlt,6,hybrid,48052,,,45200,3,,False
2016,Ford,f-150,xlt,8,flex,75909,,,23300,10,,False
2013,Ford,f-150,xlt,8,flex,191102,,,8500,13,,False
2017,Ford,f-150,lariat,6,gasoline,112142,,,26100,9,,False
2022,Ford,f-150,lariat,6,gasoline,68650,,,46500,4,,False
2022,Ford,f-150,xlt,6,gasoline,159678,,,23250,4,,False
2023,Ford,f-150,xlt,6,gasoline,69813,,,41500,3,,False
2021,Ford,f-150,limited,6,hybrid,95021,,,50300,5,,False
2022,Ford,f-150,xlt,6,hybrid,131601,,,31500,4,,False
2021,Ford,f-150,lariat,6,hybrid,113779,,,41250,5,,False
2021,Ford,f-150,limited,6,hybrid,142134,,,40750,5,,False
2021,Ford,f-150,lariat,6,hybrid,205293,,,28400,5,,False
2023,Ford,f-150,lariat,6,hybrid,77786,,,54250,3,,False
2019,Ford,f-150,xlt,8,flex,219832,,,7100,7,,False
2023,Ford,f-150,no_mention,8,flex,58500,,,48750,3,,False
2020,Ford,f-150,xlt,8,flex,155170,,,29900,6,,False
2020,Ford,f-150,xlt,8,flex,198854,,,13000,6,,False
2022,Ford,f-150,lariat,8,flex,106904,,,46500,4,,False
2023,Ford,f-150,xlt,8,flex,53928,,,42000,3,,False
2019,Ford,f-150,king ranch,8,flex,83830,,,43100,7,,False
2020,Ford,f-150,xlt,8,flex,85323,,,29750,6,,False
2021,Ford,f-150,xlt,8,flex,109566,,,40200,5,,False
2022,Ford,f-150,lariat,8,flex,96669,,,44800,4,,False
2022,Ford,f-150,lariat,6,gasoline,59735,,,43250,4,,False
2017,Ford,f-150,xlt,6,flex,298880,,,4500,9,,False
2019,Ford,f-150,xl,6,gasoline,140452,,,13250,7,,False
2018,Ford,f-150,xlt,6,flex,245298,,,12400,8,,False
2019,Ford,f-150,xl,6,gasoline,135557,,,16200,7,,False
2019,Ford,f-150,platinum,6,diesel,152951,,,33500,7,,False
2020,Ford,f-150,lariat,6,gasoline,182843,,,26250,6,,False
2015,Ford,f-150,xlt,6,gasoline,202554,,,11500,11,,False
2016,Ford,f-150,xlt,6,gasoline,197751,,,11000,10,,False
2018,Ford,f-150,xlt,6,gasoline,160029,,,18100,8,,False
2024,Ford,f-150,raptor,6,gasoline,15717,,,97600,2,,False
2024,Ford,f-150,tremor,6,gasoline,36511,,,61000,2,,False
2024,Ford,f-150,lariat,6,gasoline,15856,,,71000,2,,False
2024,Ford,f-150,lariat,6,hybrid,22261,,,66900,2,,False
2022,Ford,f-150,lariat,6,gasoline,79661,,,45000,4,,False
2023,Ford,f-150,xlt,6,gasoline,70927,,,38400,3,,False
2021,Ford,f-150,lariat,6,gasoline,82096,,,48250,5,,False
2023,Ford,f-150,xlt,6,gasoline,80727,,,42500,3,,False
2023,Ford,f-150,xlt,6,gasoline,58950,,,47000,3,,False
2023,Ford,f-150,xlt,6,gasoline,60611,,,39900,3,,False
2022,Ford,f-150,lariat,6,gasoline,101592,,,40300,4,,False
2022,Ford,f-150,xlt,6,gasoline,36844,,,49500,4,,False
2023,Ford,f-150,lariat,6,gasoline,57318,,,58250,3,,False
2023,Ford,f-150,king ranch,6,gasoline,83886,,,39000,3,,False
2023,Ford,f-150,lariat,6,gasoline,56491,,,55300,3,,False
2023,Ford,f-150,xlt,6,gasoline,56923,,,37100,3,,False
2021,Ford,f-150,no_mention,6,hybrid,179200,,,36000,5,,False
2022,Ford,f-150,no_mention,6,gasoline,58539,,,52500,4,,False
2022,Ford,f-150,xl,6,gasoline,53995,,,33200,4,,False
2018,Ford,f-150,no_mention,6,gasoline,145153,,,25500,8,,False
2018,Ford,f-150,no_mention,6,gasoline,120193,,,20500,8,,False
2018,Ford,f-150,lariat,6,gasoline,137528,,,23800,8,,False
2020,Ford,f-150,lariat,6,gasoline,112005,,,37300,6,,False
2019,Ford,f-150,lariat,6,gasoline,213661,,,20700,7,,False
2020,Ford,f-150,no_mention,6,gasoline,149787,,,27000,6,,False
2013,Ford,f-150,no_mention,6,gasoline,283211,,,7300,13,,False
2023,Ford,f-150,xlt,8,flex,36108,,,49300,3,,False
2016,Ford,f-150,no_mention,6,gasoline,260610,,,9300,10,,False
2016,Ford,f-150,king ranch,8,flex,204545,,,13500,10,,False
2017,Ford,f-150,no_mention,6,gasoline,202990,,,18000,9,,False
2024,Ford,f-150,raptor,6,gasoline,14284,,,96600,2,,False
2023,Ford,f-150,no_mention,6,gasoline,49250,,,46600,3,,False
2023,Ford,f-150,lariat,6,gasoline,49936,,,56600,3,,False
2014,Ford,f-150,xlt,6,gasoline,255357,,,5000,12,,False
2018,Ford,f-150,xlt,6,gasoline,166385,,,8600,8,,False
2022,Ford,f-150,xlt,6,gasoline,170166,,,23000,4,,False
2023,Ford,f-150,xlt,6,gasoline,21088,,,50200,3,,False
2018,Ford,f-150,xlt,6,gasoline,282312,,,6900,8,,False
2020,Ford,f-150,xlt,6,gasoline,182859,,,15000,6,,False
2023,Ford,f-150,xlt,6,gasoline,77716,,,40200,3,,False
2022,Ford,f-150,xlt,6,gasoline,211077,,,15000,4,,False
2019,Ford,f-150,xlt,6,gasoline,93700,,,25900,7,,False
2020,Ford,f-150,xlt,6,gasoline,163423,,,12900,6,,False
2020,Ford,f-150,xlt,6,gasoline,121903,,,27600,6,,False
2023,Ford,f-150,xlt,6,gasoline,18993,,,41200,3,,False
2023,Ford,f-150,xlt,6,gasoline,15377,,,47600,3,,False
2020,Ford,f-150,xlt,6,gasoline,260899,,,10000,6,,False
2022,Ford,f-150,lariat,6,gasoline,106561,,,28200,4,,False
2023,Ford,f-150,tremor,6,gasoline,83640,,,55250,3,,False
2017,Ford,f-150,xlt,6,flex,170971,,,7700,9,,False
2015,Ford,f-150,xlt,8,flex,147240,,,15800,11,,False
2017,Ford,f-150,xlt,8,flex,206049,,,12500,9,,False
2016,Ford,f-150,xlt,6,gasoline,212696,,,14200,10,,False
2021,Ford,f-150,xlt,8,flex,290436,,,9000,5,,False
2022,Ford,f-150,xlt,6,gasoline,63919,,,34400,4,,False
2015,Ford,f-150,xl,8,flex,189417,,,5500,11,,False
2015,Ford,f-150,xl,8,flex,115506,,,4000,11,,False
2011,Ford,f-150,xlt,8,flex,65483,,,10400,15,,False
2023,Ford,f-150,xlt,6,gasoline,68452,,,41000,3,,False
2023,Ford,f-150,xl,6,gasoline,65331,,,41500,3,,False
2022,Ford,f-150,xlt,8,flex,68748,,,40200,4,,False
2022,Ford,f-150,xlt,8,flex,133800,,,37877,4,,False
2021,Ford,f-150,lariat,8,flex,159196,,,33600,5,,False
2022,Ford,f-150,xlt,8,flex,60026,,,39800,4,,False
2023,Ford,f-150,xlt,8,flex,70661,,,42400,3,,False
2019,Ford,f-150,xlt,8,flex,166741,,,18300,7,,False
2023,Ford,f-150,lariat,6,gasoline,51958,,,53200,3,,False
2024,Ford,f-150,xlt,6,gasoline,48644,,,49200,2,,False
2018,Ford,f-150,xl,8,flex,165523,,,7100,8,,False
2019,Ford,f-150,xl,6,gasoline,108924,,,21250,7,,False
2020,Ford,f-150,xl,6,gasoline,78751,,,25000,6,,False
2019,Ford,f-150,lariat,6,gasoline,156915,,,21000,7,,False
2015,Ford,f-150,xlt,6,gasoline,177519,,,12700,11,,False
2018,Ford,f-150,xlt,6,gasoline,245041,,,7900,8,,False
2024,Ford,f-150,xlt,8,gasoline,15627,,,64200,2,,False
2024,Ford,f-150,xlt,6,gasoline,22864,,,53300,2,,False
2024,Ford,f-150,xlt,6,gasoline,44877,,,48100,2,,False
2024,Ford,f-150,xlt,6,gasoline,30552,,,51600,2,,False
2025,Ford,f-150,platinum,6,hybrid,17162,,,90250,1,,False
2012,Ford,f-150,xlt,8,flex,107932,,,4100,14,,False
2020,Ford,f-150,xlt,8,flex,146215,,,17800,6,,False
2021,Ford,f-150,xlt,6,gasoline,119250,,,17500,5,,False
2021,Ford,f-150,xlt,6,gasoline,84340,,,25500,5,,False
2021,Ford,f-150,lariat,6,gasoline,160350,,,31700,5,,False
2023,Ford,f-150,xlt,6,gasoline,92212,,,23500,3,,False
2023,Ford,f-150,lariat,6,gasoline,40184,,,52000,3,,False
2023,Ford,f-150,lariat,6,gasoline,26919,,,55600,3,,False
2023,Ford,f-150,xlt,6,gasoline,34319,,,41200,3,,False
2022,Ford,f-150,xlt,6,gasoline,189119,,,24000,4,,False
2023,Ford,f-150,xlt,6,gasoline,17425,,,44900,3,,False
2021,Ford,f-150,xlt,6,gasoline,179737,,,23500,5,,False
2023,Ford,f-150,xlt,6,gasoline,91294,,,43000,3,,False
2023,Ford,f-150,xlt,6,gasoline,36880,,,42000,3,,False
2023,Ford,f-150,xlt,6,gasoline,37265,,,41750,3,,False
2023,Ford,f-150,xlt,6,gasoline,26836,,,45200,3,,False
2018,Ford,f-150,xlt,6,gasoline,150375,,,20300,8,,False
2020,Ford,f-150,no_mention,6,gasoline,165510,,,29400,6,,False
2018,Ford,f-150,no_mention,6,gasoline,203602,,,5600,8,,False
2024,Ford,f-150,no_mention,6,gasoline,30224,,,46000,2,,False
2022,Ford,f-150,no_mention,6,gasoline,151856,,,31000,4,,False
2017,Ford,f-150,xlt,6,gasoline,277288,,,7700,9,,False
2017,Ford,f-150,no_mention,6,gasoline,219144,,,14000,9,,False
2018,Ford,f-150,limited,6,gasoline,158208,,,25800,8,,False
2014,Ford,f-150,no_mention,8,flex,159240,,,12500,12,,False
2019,Ford,f-150,no_mention,6,gasoline,177425,,,13600,7,,False
2024,Ford,f-150,xlt,8,gasoline,45838,,,56400,2,,False
2016,Ford,f-150,lariat,6,gasoline,194412,,,19000,10,,False
2023,Ford,f-150,no_mention,6,gasoline,19517,,,43600,3,,False
2023,Ford,f-150,no_mention,6,gasoline,15849,,,48500,3,,False
2019,Ford,f-150,raptor,6,gasoline,110284,,,51700,7,,False
2021,Ford,f-150,xlt,6,gasoline,106379,,,32900,5,,False
2023,Ford,f-150,no_mention,6,hybrid,56577,,,51000,3,,False
2023,Ford,f-150,no_mention,6,gasoline,38289,,,48700,3,,False
2010,Ford,f-150,no_mention,8,flex,227958,,,8100,16,,False
2022,Ford,f-150,xlt,6,gasoline,54035,,,38500,4,,False
2019,Ford,f-150,xlt,6,gasoline,73625,,,33100,7,,False
2020,Ford,f-150,xlt,8,flex,175379,,,19700,6,,False
2021,Ford,f-150,xlt,6,flex,151778,,,22200,5,,False
2018,Ford,f-150,xlt,8,flex,203032,,,11700,8,,False
2022,Ford,f-150,xlt,6,hybrid,48427,,,39500,4,,False
2022,Ford,f-150,no_mention,6,gasoline,26361,,,50200,4,,False
2024,Ford,f-150,xlt,6,gasoline,24128,,,53000,2,,False
2023,Ford,f-150,no_mention,6,gasoline,98641,,,51000,3,,False
2019,Ford,f-150,no_mention,6,gasoline,105277,,,25000,7,,False
2018,Ford,f-150,xlt,6,gasoline,207365,,,15100,8,,False
2016,Ford,f-150,xlt,6,gasoline,175482,,,15000,10,,False
2020,Ford,f-150,lariat,6,gasoline,163786,,,27500,6,,False
2020,Ford,f-150,no_mention,8,flex,48149,,,39000,6,,False
2022,Ford,f-150,no_mention,6,gasoline,38616,,,41500,4,,False
2018,Ford,f-150,xlt,8,flex,178183,,,18000,8,,False
2014,Ford,f-150,no_mention,6,gasoline,201010,,,8700,12,,False
2012,Ford,f-150,no_mention,6,gasoline,254763,,,7200,14,,False
2022,Ford,f-150,lariat,8,flex,75369,,,46500,4,,False
2019,Ford,f-150,no_mention,6,gasoline,205503,,,19700,7,,False
2022,Ford,f-150,lariat,6,gasoline,43474,,,49800,4,,False
2022,Ford,f-150,platinum,6,gasoline,95688,,,48000,4,,False
2019,Ford,f-150,no_mention,6,gasoline,110537,,,32900,7,,False
2023,Ford,f-150,platinum,6,gasoline,45840,,,64900,3,,False
2020,Ford,f-150,lariat,8,flex,89000,,,39800,6,,False
2022,Ford,f-150,no_mention,8,flex,123941,,,34600,4,,False
2023,Ford,f-150,xlt,6,gasoline,50549,,,43000,3,,False
2019,Ford,f-150,no_mention,6,diesel,222504,,,18300,7,,False
2021,Ford,f-150,xlt,6,gasoline,189175,,,17500,5,,False
2022,Ford,f-150,lariat,6,gasoline,78540,,,44000,4,,False
2018,Ford,f-150,no_mention,6,gasoline,80602,,,22000,8,,False
2022,Ford,f-150,limited,6,gasoline,83913,,,55200,4,,False
2022,Ford,f-150,no_mention,6,gasoline,49500,,,42500,4,,False
2015,Ford,f-150,lariat,6,gasoline,187363,,,17400,11,,False
2015,Ford,f-150,xlt,6,gasoline,287212,,,7800,11,,False
2018,Ford,f-150,lariat,8,flex,225356,,,17100,8,,False
2017,Ford,f-150,lariat,6,gasoline,204540,,,14250,9,,False
2014,Ford,f-150,no_mention,6,flex,104783,,,4300,12,,False
2022,Ford,f-150,lariat,8,flex,137438,,,37250,4,,False
2019,Ford,f-150,xlt,8,flex,118911,,,18250,7,,False
2020,Ford,f-150,xlt,6,gasoline,132749,,,27600,6,,False
2018,Ford,f-150,xlt,6,gasoline,186151,,,15000,8,,False
2020,Ford,f-150,xlt,8,flex,128777,,,27500,6,,False
2022,Ford,f-150,xlt,6,gasoline,53683,,,46600,4,,False
2017,Ford,f-150,no_mention,6,gasoline,135533,,,19500,9,,False
2020,Ford,f-150,xlt,8,flex,74229,,,37500,6,,False
2020,Ford,f-150,xlt,6,gasoline,236598,,,12500,6,,False
2023,Ford,f-150,tremor,6,gasoline,79193,,,60000,3,,False
2019,Ford,f-150,no_mention,6,gasoline,153008,,,29100,7,,False
2019,Ford,f-150,no_mention,6,gasoline,51057,,,32600,7,,False
2010,Ford,f-150,no_mention,8,flex,96110,,,7900,16,,False
2019,Ford,f-150,no_mention,8,flex,70308,,,45700,7,,False
2023,Ford,f-150,no_mention,6,hybrid,76277,,,52000,3,,False
2023,Ford,f-150,no_mention,6,gasoline,53536,,,47500,3,,False
2023,Ford,f-150,no_mention,6,gasoline,57157,,,54900,3,,False
2023,Ford,f-150,no_mention,6,gasoline,63439,,,52300,3,,False
2018,Ford,f-150,no_mention,6,gasoline,230180,,,9400,8,,False
2023,Ford,f-150,xl,6,gasoline,69911,,,40600,3,,False
2022,Ford,f-150,no_mention,6,gasoline,79754,,,34400,4,,False
2018,Ford,f-150,xlt,8,flex,127858,,,25000,8,,False
2023,Ford,f-150,king ranch,8,flex,145505,,,33200,3,,False
2014,Ford,f-150,no_mention,6,gasoline,211577,,,10100,12,,False
2021,Ford,f-150,xlt,6,gasoline,121038,,,28800,5,,False
2023,Ford,f-150,lariat,6,gasoline,25929,,,57300,3,,False
2023,Ford,f-150,tremor,6,gasoline,39924,,,61800,3,,False
2023,Ford,f-150,xlt,6,gasoline,31138,,,45100,3,,False
2018,Ford,f-150,xlt,6,gasoline,196152,,,19100,8,,False
2022,Ford,f-150,lariat,6,gasoline,84428,,,47900,4,,False
2023,Ford,f-150,lariat,6,gasoline,59923,,,46000,3,,False
2021,Ford,f-150,lariat,6,gasoline,217095,,,23000,5,,False
2021,Ford,f-150,xlt,6,gasoline,273793,,,12900,5,,False
2021,Ford,f-150,xl,6,gasoline,262855,,,11400,5,,False
2022,Ford,f-150,xlt,6,gasoline,121751,,,32900,4,,False
2023,Ford,f-150,lariat,6,gasoline,27771,,,56700,3,,False
2022,Ford,f-150,xlt,6,gasoline,87438,,,38100,4,,False
2023,Ford,f-150,xlt,6,gasoline,143849,,,31500,3,,False
2023,Ford,f-150,xlt,6,gasoline,37135,,,46400,3,,False
2022,Ford,f-150,xl,6,gasoline,77947,,,38500,4,,False
2017,Ford,f-150,xlt,6,flex,98525,,,23100,9,,False
2022,Ford,f-150,lariat,6,gasoline,37200,,,56700,4,,False
2022,Ford,f-150,tremor,6,gasoline,102778,,,42000,4,,False
2019,Ford,f-150,xlt,6,flex,127235,,,16250,7,,False
2021,Ford,f-150,xlt,6,flex,82204,,,32000,5,,False
2016,Ford,f-150,xlt,8,flex,205715,,,12500,10,,False
2015,Ford,f-150,lariat,8,flex,122499,,,23900,11,,False
2018,Ford,f-150,lariat,6,gasoline,198456,,,20400,8,,False
2013,Ford,f-150,xlt,8,flex,77148,,,17200,13,,False
2017,Ford,f-150,xl,8,flex,209343,,,8300,9,,False
2019,Ford,f-150,xl,8,flex,64352,,,20000,7,,False
2018,Ford,f-150,xl,6,flex,203176,,,8100,8,,False
2019,Ford,f-150,xlt,6,flex,171718,,,10500,7,,False
2018,Ford,f-150,xl,6,flex,249656,,,4500,8,,False
2012,Ford,f-150,xlt,8,flex,137135,,,8500,14,,False
2018,Ford,f-150,xlt,8,flex,171013,,,11100,8,,False
2022,Ford,f-150,platinum,6,hybrid,60413,,,58000,4,,False
2023,Ford,f-150,lariat,6,hybrid,14515,,,63500,3,,False
2021,Ford,f-150,xlt,8,flex,221286,,,13100,5,,False
2021,Ford,f-150,xlt,8,flex,65931,,,39100,5,,False
2023,Ford,f-150,xlt,8,flex,33170,,,48600,3,,False
2020,Ford,f-150,xlt,8,flex,118118,,,24750,6,,False
2018,Ford,f-150,xlt,8,flex,149927,,,22200,8,,False
2021,Ford,f-150,xlt,6,gasoline,147147,,,31000,5,,False
2024,Ford,f-150,no_mention,6,gasoline,6583,,,51000,2,,False
2024,Ford,f-150,xlt,6,gasoline,18049,,,56000,2,,False
2024,Ford,f-150,xlt,6,gasoline,12533,,,57500,2,,False
2022,Ford,f-150,xl,6,flex,122435,,,24700,4,,False
2018,Ford,f-150,xlt,6,gasoline,240920,,,9400,8,,False
2019,Ford,f-150,xlt,6,gasoline,209453,,,12600,7,,False
2019,Ford,f-150,xl,6,gasoline,110786,,,19000,7,,False
2017,Ford,f-150,xlt,6,gasoline,236362,,,5500,9,,False
2019,Ford,f-150,lariat,6,gasoline,173437,,,25900,7,,False
2020,Ford,f-150,xlt,6,gasoline,119231,,,25500,6,,False
2019,Ford,f-150,xlt,6,gasoline,113326,,,26500,7,,False
2017,Ford,f-150,xlt,6,gasoline,120430,,,22600,9,,False
2016,Ford,f-150,xlt,6,gasoline,137159,,,21000,10,,False
2010,Ford,f-150,harley-davidson,8,flex,268494,,,5000,16,,False
2018,Ford,f-150,raptor,6,gasoline,143645,,,39250,8,,False
2024,Ford,f-150,xlt,6,gasoline,20321,,,54000,2,,False
2024,Ford,f-150,xlt,6,gasoline,13717,,,60000,2,,False
2024,Ford,f-150,xlt,6,gasoline,27220,,,48000,2,,False
2024,Ford,f-150,xlt,6,gasoline,54044,,,45000,2,,False
2024,Ford,f-150,xlt,6,gasoline,52582,,,48000,2,,False
2024,Ford,f-150,xlt,6,hybrid,21262,,,60000,2,,False
2024,Ford,f-150,lariat,6,hybrid,19836,,,64000,2,,False
2024,Ford,f-150,lariat,6,hybrid,31989,,,65750,2,,False
2020,Ford,f-150,no_mention,6,gasoline,77589,,,32250,6,,False
2021,Ford,f-150,xlt,8,flex,146032,,,21250,5,,False
2020,Ford,f-150,xlt,8,flex,149446,,,20250,6,,False
2021,Ford,f-150,xlt,8,flex,252960,,,10250,5,,False
2018,Ford,f-150,xlt,8,flex,195677,,,16100,8,,False
2021,Ford,f-150,xlt,8,flex,199828,,,14700,5,,False
2022,Ford,f-150,xlt,6,gasoline,37628,,,48000,4,,False
2023,Ford,f-150,lariat,6,gasoline,40861,,,58700,3,,False
2022,Ford,f-150,king ranch,6,gasoline,81593,,,51000,4,,False
2021,Ford,f-150,xlt,6,gasoline,98179,,,27300,5,,False
2022,Ford,f-150,lariat,6,gasoline,103428,,,39800,4,,False
2023,Ford,f-150,xlt,6,gasoline,54672,,,46000,3,,False
2023,Ford,f-150,xlt,6,gasoline,87207,,,37700,3,,False
2023,Ford,f-150,xlt,6,gasoline,62272,,,44250,3,,False
2022,Ford,f-150,xlt,6,gasoline,113062,,,35100,4,,False
2011,Ford,f-150,no_mention,8,flex,178381,,,8400,15,,False
2019,Ford,f-150,no_mention,6,gasoline,255530,,,9200,7,,False
2022,Ford,f-150,no_mention,6,gasoline,60070,,,52000,4,,False
2019,Ford,f-150,lariat,6,gasoline,189500,,,24500,7,,False
2018,Ford,f-150,no_mention,8,flex,94137,,,28600,8,,False
2023,Ford,f-150,lariat,6,gasoline,57176,,,49700,3,,False
2023,Ford,f-150,no_mention,6,gasoline,47594,,,66300,3,,False
2025,Ford,f-150,tremor,6,gasoline,13034,,,69000,1,,False
2023,Ford,f-150,xl,6,gasoline,55531,,,39100,3,,False
2012,Ford,f-150,no_mention,6,gasoline,193828,,,4600,14,,False
2021,Ford,f-150,platinum,6,gasoline,84376,,,53100,5,,False
2017,Ford,f-150,xlt,6,gasoline,105617,,,24900,9,,False
2016,Ford,f-150,no_mention,8,flex,137430,,,15400,10,,False
2017,Ford,f-150,xlt,6,gasoline,127326,,,23700,9,,False
2023,Ford,f-150,no_mention,6,gasoline,61579,,,40600,3,,False
2023,Ford,f-150,lariat,6,gasoline,31426,,,56900,3,,False
2023,Ford,f-150,lariat,6,gasoline,31589,,,56700,3,,False
2023,Ford,f-150,xlt,6,gasoline,56774,,,50600,3,,False
2023,Ford,f-150,lariat,8,flex,28433,,,60600,3,,False
2022,Ford,f-150,no_mention,6,gasoline,17055,,,59400,4,,False
2022,Ford,f-150,xlt,6,gasoline,209258,,,20500,4,,False
2023,Ford,f-150,xlt,6,flex,100697,,,29500,3,,False
2022,Ford,f-150,xlt,6,gasoline,79949,,,37000,4,,False
2022,Ford,f-150,xlt,6,gasoline,95836,,,29750,4,,False
2021,Ford,f-150,xlt,6,gasoline,138178,,,31000,5,,False
2023,Ford,f-150,xlt,6,gasoline,64118,,,45000,3,,False
2021,Ford,f-150,xlt,6,gasoline,230026,,,15000,5,,False
2023,Ford,f-150,xlt,6,gasoline,122967,,,34500,3,,False
2021,Ford,f-150,lariat,6,gasoline,125168,,,34000,5,,False
2022,Ford,f-150,xl,6,gasoline,32396,,,46300,4,,False
2023,Ford,f-150,lariat,6,gasoline,64819,,,47500,3,,False
2023,Ford,f-150,xlt,6,gasoline,59005,,,45500,3,,False
2023,Ford,f-150,lariat,6,gasoline,21589,,,58750,3,,False
2021,Ford,f-150,lariat,6,gasoline,97093,,,40250,5,,False
2019,Ford,f-150,xlt,6,gasoline,125397,,,22000,7,,False
2019,Ford,f-150,lariat,6,gasoline,75259,,,33250,7,,False
2020,Ford,f-150,xlt,6,gasoline,236391,,,9200,6,,False
2021,Ford,f-150,xlt,6,gasoline,56533,,,35500,5,,False
2022,Ford,f-150,lariat,6,gasoline,64979,,,45000,4,,False
2023,Ford,f-150,tremor,6,gasoline,75238,,,57750,3,,False
2023,Ford,f-150,tremor,6,gasoline,31310,,,62000,3,,False
2023,Ford,f-150,tremor,6,gasoline,118733,,,51500,3,,False
2022,Ford,f-150,xlt,6,flex,114208,,,30500,4,,False
2022,Ford,f-150,xlt,6,flex,89250,,,33000,4,,False
2021,Ford,f-150,xlt,6,flex,77223,,,32000,5,,False
2022,Ford,f-150,xlt,6,flex,128920,,,26200,4,,False
2018,Ford,f-150,lariat,6,gasoline,195527,,,22500,8,,False
2019,Ford,f-150,xlt,6,gasoline,81790,,,29100,7,,False
2021,Ford,f-150,xlt,6,gasoline,147773,,,23000,5,,False
2021,Ford,f-150,xlt,6,gasoline,97952,,,38400,5,,False
2022,Ford,f-150,xlt,6,gasoline,49814,,,47250,4,,False
2019,Ford,f-150,xlt,6,flex,96000,,,20300,7,,False
2018,Ford,f-150,xl,6,flex,130907,,,10250,8,,False
2019,Ford,f-150,xl,6,flex,100817,,,10750,7,,False
2021,Ford,f-150,limited,6,hybrid,166037,,,34300,5,,False
2022,Ford,f-150,lariat,6,hybrid,48372,,,55500,4,,False
2022,Ford,f-150,xlt,6,gasoline,62676,,,39000,4,,False
2023,Ford,f-150,no_mention,6,gasoline,149102,,,30500,3,,False
2023,Ford,f-150,lariat,6,hybrid,53005,,,54600,3,,False
2023,Ford,f-150,platinum,6,hybrid,49707,,,65250,3,,False
2023,Ford,f-150,lariat,6,hybrid,110849,,,46000,3,,False
2022,Ford,f-150,xlt,6,hybrid,55844,,,43250,4,,False
2021,Ford,f-150,xlt,6,hybrid,57917,,,38000,5,,False
2023,Ford,f-150,lariat,6,hybrid,55455,,,53500,3,,False
2021,Ford,f-150,xlt,8,flex,194234,,,18000,5,,False
2020,Ford,f-150,no_mention,8,flex,148929,,,22600,6,,False
2022,Ford,f-150,xlt,8,flex,97427,,,43000,4,,False
2021,Ford,f-150,lariat,8,flex,82670,,,45750,5,,False
2020,Ford,f-150,xlt,8,flex,85234,,,27100,6,,False
2022,Ford,f-150,platinum,8,flex,66359,,,55500,4,,False
2021,Ford,f-150,xlt,8,flex,50547,,,29000,5,,False
2022,Ford,f-150,xlt,8,flex,106141,,,28750,4,,False
2019,Ford,f-150,xlt,8,flex,122053,,,25800,7,,False
2021,Ford,f-150,xlt,8,flex,184806,,,24500,5,,False
2019,Ford,f-150,lariat,6,gasoline,134758,,,30000,7,,False
2023,Ford,f-150,lariat,6,gasoline,93184,,,48200,3,,False
2017,Ford,f-150,xl,6,flex,222386,,,6750,9,,False
2017,Ford,f-150,xlt,6,flex,293107,,,4500,9,,False
2017,Ford,f-150,xlt,6,flex,197871,,,9000,9,,False
2018,Ford,f-150,xlt,6,flex,203596,,,10250,8,,False
2020,Ford,f-150,xlt,6,gasoline,77163,,,26200,6,,False
2019,Ford,f-150,xlt,6,gasoline,192204,,,10200,7,,False
2021,Ford,f-150,xlt,6,gasoline,124427,,,25000,5,,False
2018,Ford,f-150,lariat,6,diesel,220563,,,20000,8,,False
2019,Ford,f-150,xlt,6,gasoline,107148,,,32250,7,,False
2020,Ford,f-150,xlt,6,gasoline,71897,,,35000,6,,False
2015,Ford,f-150,lariat,6,gasoline,260130,,,10000,11,,False
2018,Ford,f-150,lariat,6,gasoline,290161,,,12100,8,,False
2018,Ford,f-150,lariat,6,gasoline,81962,,,36250,8,,False
2016,Ford,f-150,xlt,6,gasoline,195997,,,17200,10,,False
2017,Ford,f-150,xlt,6,gasoline,277288,,,6250,9,,False
2013,Ford,f-150,fx4,6,gasoline,191491,,,10750,13,,False
2024,Ford,f-150,raptor,6,gasoline,15632,,,96250,2,,False
2017,Ford,f-150,raptor,6,gasoline,171290,,,31500,9,,False
2023,Ford,f-150,raptor,6,gasoline,43445,,,91500,3,,False
2024,Ford,f-150,xlt,6,gasoline,68666,,,46000,2,,False
2024,Ford,f-150,xlt,6,gasoline,23448,,,58000,2,,False
2024,Ford,f-150,xlt,6,gasoline,18030,,,58250,2,,False
2024,Ford,f-150,xlt,6,hybrid,53652,,,50500,2,,False
2024,Ford,f-150,xlt,6,hybrid,14722,,,58000,2,,False
2025,Ford,f-150,tremor,6,gasoline,9166,,,76500,1,,False
2024,Ford,f-150,lariat,6,gasoline,31145,,,64500,2,,False
2024,Ford,f-150,platinum,6,hybrid,30815,,,77500,2,,False
2021,Ford,f-150,xlt,6,gasoline,81319,,,32750,5,,False
2021,Ford,f-150,xl,6,gasoline,60136,,,27500,5,,False
2023,Ford,f-150,lariat,6,gasoline,10982,,,64250,3,,False
2023,Ford,f-150,lariat,6,gasoline,32907,,,54500,3,,False
2021,Ford,f-150,platinum,6,gasoline,93790,,,53500,5,,False
2022,Ford,f-150,xlt,6,gasoline,93451,,,37000,4,,False
2021,Ford,f-150,lariat,6,gasoline,222774,,,27700,5,,False
2022,Ford,f-150,limited,6,gasoline,105759,,,46600,4,,False
2022,Ford,f-150,lariat,6,gasoline,58451,,,47100,4,,False
2023,Ford,f-150,xlt,6,gasoline,67027,,,45250,3,,False
2023,Ford,f-150,lariat,6,gasoline,57148,,,52800,3,,False
2023,Ford,f-150,lariat,6,gasoline,47831,,,59200,3,,False
2013,Ford,f-150,no_mention,6,gasoline,219095,,,6000,13,,False
2018,Ford,f-150,no_mention,8,flex,190213,,,11700,8,,False
2022,Ford,f-150,lariat,6,gasoline,109012,,,41000,4,,False
2010,Ford,f-150,xlt,8,flex,186219,,,3700,16,,False
2023,Ford,f-150,no_mention,6,hybrid,65001,,,45600,3,,False
2013,Ford,f-150,no_mention,6,gasoline,167217,,,15500,13,,False
2014,Ford,f-150,no_mention,6,gasoline,132290,,,9800,12,,False
2018,Ford,f-150,no_mention,8,flex,107752,,,27900,8,,False
2025,Ford,f-150,tremor,6,gasoline,15100,,,69000,1,,False
2019,Ford,f-150,xlt,8,flex,106641,,,32500,7,,False
2022,Ford,f-150,no_mention,6,gasoline,109328,,,49300,4,,False
2024,Ford,f-150,tremor,6,gasoline,16402,,,66800,2,,False
2014,Ford,f-150,no_mention,6,flex,160870,,,6000,12,,False
2013,Ford,f-150,no_mention,8,flex,168760,,,9200,13,,False
2024,Ford,f-150,raptor,6,gasoline,8207,,,96400,2,,False
2021,Ford,f-150,lariat,6,gasoline,74488,,,34000,5,,False
2022,Ford,f-150,lariat,6,gasoline,96960,,,38600,4,,False
2022,Ford,f-150,no_mention,6,gasoline,93651,,,29600,4,,False
2022,Ford,f-150,xlt,6,gasoline,95099,,,31600,4,,False
2023,Ford,f-150,xlt,6,gasoline,109914,,,28000,3,,False
2023,Ford,f-150,lariat,6,gasoline,33318,,,58700,3,,False
2023,Ford,f-150,lariat,6,gasoline,29607,,,55700,3,,False
2023,Ford,f-150,lariat,6,gasoline,31809,,,55000,3,,False
2021,Ford,f-150,lariat,6,gasoline,98645,,,33500,5,,False
2022,Ford,f-150,lariat,6,gasoline,48298,,,45500,4,,False
2022,Ford,f-150,xlt,6,gasoline,40257,,,39250,4,,False
2022,Ford,f-150,xlt,6,gasoline,77975,,,34100,4,,False
2023,Ford,f-150,xlt,6,gasoline,79846,,,36250,3,,False
2023,Ford,f-150,xlt,6,gasoline,52628,,,44500,3,,False
2023,Ford,f-150,lariat,6,gasoline,35239,,,55100,3,,False
2023,Ford,f-150,lariat,6,gasoline,52038,,,49750,3,,False
2023,Ford,f-150,xl,6,gasoline,36782,,,41100,3,,False
2023,Ford,f-150,lariat,6,gasoline,32830,,,48000,3,,False
2023,Ford,f-150,xl,6,gasoline,64731,,,50500,3,,False
2019,Ford,f-150,xlt,6,gasoline,166038,,,15200,7,,False
2022,Ford,f-150,xlt,6,gasoline,70132,,,34000,4,,False
2023,Ford,f-150,lariat,6,gasoline,27717,,,58100,3,,False
2023,Ford,f-150,lariat,6,gasoline,50246,,,53750,3,,False
2022,Ford,f-150,lariat,6,gasoline,66473,,,41100,4,,False
2022,Ford,f-150,lariat,6,gasoline,66865,,,43900,4,,False
2023,Ford,f-150,lariat,6,gasoline,58159,,,49750,3,,False
2023,Ford,f-150,xlt,6,gasoline,38084,,,47300,3,,False
2023,Ford,f-150,lariat,6,gasoline,42572,,,53300,3,,False
2022,Ford,f-150,xlt,6,gasoline,108525,,,28000,4,,False
2023,Ford,f-150,xl,6,gasoline,36538,,,48100,3,,False
2023,Ford,f-150,lariat,6,gasoline,45477,,,56200,3,,False
2023,Ford,f-150,lariat,6,gasoline,32271,,,56400,3,,False
2023,Ford,f-150,xlt,6,gasoline,89415,,,41600,3,,False
2023,Ford,f-150,xl,6,gasoline,36304,,,39500,3,,False
2023,Ford,f-150,lariat,6,gasoline,29659,,,58500,3,,False
2023,Ford,f-150,lariat,6,gasoline,12356,,,41300,3,,False
2023,Ford,f-150,lariat,6,gasoline,62645,,,49600,3,,False
2023,Ford,f-150,lariat,6,gasoline,38669,,,50700,3,,False
2023,Ford,f-150,lariat,6,gasoline,33381,,,55300,3,,False
2022,Ford,f-150,xlt,6,gasoline,78309,,,36900,4,,False
2023,Ford,f-150,lariat,6,gasoline,26040,,,54000,3,,False
2023,Ford,f-150,lariat,6,gasoline,47101,,,53800,3,,False
2023,Ford,f-150,lariat,6,gasoline,45790,,,56500,3,,False
2023,Ford,f-150,lariat,6,gasoline,43132,,,57300,3,,False
2022,Ford,f-150,xlt,6,gasoline,105194,,,26500,4,,False
2022,Ford,f-150,lariat,6,gasoline,72742,,,41800,4,,False
2023,Ford,f-150,lariat,6,gasoline,32633,,,57700,3,,False
2019,Ford,f-150,xlt,8,flex,134498,,,13900,7,,False
2018,Ford,f-150,lariat,8,flex,69875,,,38100,8,,False
2018,Ford,f-150,xlt,8,flex,148233,,,20250,8,,False
2017,Ford,f-150,xlt,6,flex,73710,,,19250,9,,False
2018,Ford,f-150,xlt,6,flex,296277,,,7000,8,,False
2018,Ford,f-150,xlt,6,flex,268767,,,7300,8,,False
2021,Ford,f-150,xlt,6,flex,127783,,,21750,5,,False
2021,Ford,f-150,xlt,6,flex,95383,,,32000,5,,False
2018,Ford,f-150,platinum,6,gasoline,128636,,,29600,8,,False
2017,Ford,f-150,limited,6,gasoline,219473,,,21800,9,,False
2015,Ford,f-150,lariat,6,gasoline,255545,,,8900,11,,False
2017,Ford,f-150,xlt,6,gasoline,170262,,,13000,9,,False
2023,Ford,f-150,lariat,8,flex,51772,,,55250,3,,False
2021,Ford,f-150,xlt,6,gasoline,161659,,,26300,5,,False
2017,Ford,f-150,xl,8,flex,94017,,,19200,9,,False
2014,Ford,f-150,fx4,8,flex,225733,,,6200,12,,False
2012,Ford,f-150,xlt,8,flex,274175,,,3000,14,,False
2023,Ford,f-150,xlt,6,gasoline,36274,,,50500,3,,False
2023,Ford,f-150,xlt,6,gasoline,21992,,,48200,3,,False
2023,Ford,f-150,xlt,6,gasoline,77961,,,45000,3,,False
2023,Ford,f-150,xlt,6,hybrid,43924,,,47600,3,,False
2021,Ford,f-150,lariat,6,hybrid,105256,,,34600,5,,False
2023,Ford,f-150,xlt,6,hybrid,70588,,,40500,3,,False
2018,Ford,f-150,xlt,8,flex,116983,,,23400,8,,False
2018,Ford,f-150,xlt,8,flex,153548,,,21800,8,,False
2018,Ford,f-150,xlt,8,flex,119754,,,22500,8,,False
2019,Ford,f-150,xlt,8,flex,213865,,,11100,7,,False
2021,Ford,f-150,xlt,8,flex,69114,,,23500,5,,False
2022,Ford,f-150,xlt,8,flex,32699,,,35300,4,,False
2023,Ford,f-150,xlt,8,flex,37336,,,40000,3,,False
2023,Ford,f-150,lariat,8,flex,33726,,,52000,3,,False
2019,Ford,f-150,xlt,8,flex,211235,,,14400,7,,False
2022,Ford,f-150,lariat,8,flex,104247,,,38300,4,,False
2019,Ford,f-150,xlt,8,flex,229107,,,11600,7,,False
2021,Ford,f-150,xlt,8,flex,48421,,,32100,5,,False
2023,Ford,f-150,lariat,6,gasoline,32211,,,55800,3,,False
2023,Ford,f-150,lariat,6,gasoline,32370,,,47250,3,,False
2023,Ford,f-150,lariat,6,gasoline,41228,,,54600,3,,False
2023,Ford,f-150,lariat,6,gasoline,83568,,,45500,3,,False
2023,Ford,f-150,xlt,6,gasoline,56904,,,46800,3,,False
2024,Ford,f-150,xlt,6,gasoline,13807,,,55100,2,,False
2018,Ford,f-150,xlt,6,gasoline,221792,,,12200,8,,False
2020,Ford,f-150,xlt,6,gasoline,124399,,,26750,6,,False
2020,Ford,f-150,xlt,6,gasoline,193328,,,18600,6,,False
2017,Ford,f-150,xlt,6,gasoline,110965,,,21900,9,,False
2018,Ford,f-150,xlt,6,gasoline,142022,,,22400,8,,False
2018,Ford,f-150,xlt,6,gasoline,108946,,,22600,8,,False
2014,Ford,f-150,fx4,6,gasoline,131813,,,20700,12,,False
2014,Ford,f-150,xlt,6,gasoline,124531,,,14100,12,,False
2024,Ford,f-150,xlt,6,gasoline,19075,,,57000,2,,False
2024,Ford,f-150,xlt,6,gasoline,12493,,,58750,2,,False
2024,Ford,f-150,xlt,6,gasoline,7473,,,60000,2,,False
2024,Ford,f-150,xlt,6,gasoline,39454,,,56900,2,,False
2024,Ford,f-150,xlt,6,gasoline,28410,,,52700,2,,False
2025,Ford,f-150,tremor,6,gasoline,13043,,,69000,1,,False
2023,Ford,f-150,xlt,6,gasoline,32612,,,50400,3,,False
2023,Ford,f-150,xlt,6,gasoline,26271,,,47000,3,,False
2023,Ford,f-150,lariat,6,gasoline,35524,,,56200,3,,False
2022,Ford,f-150,lariat,6,gasoline,69606,,,43750,4,,False
2023,Ford,f-150,lariat,6,gasoline,47294,,,58250,3,,False
2023,Ford,f-150,lariat,6,gasoline,59821,,,52500,3,,False
2023,Ford,f-150,xlt,6,gasoline,68963,,,41100,3,,False
2022,Ford,f-150,xlt,6,gasoline,203584,,,21700,4,,False
2023,Ford,f-150,xlt,6,gasoline,85728,,,43700,3,,False
2021,Ford,f-150,lariat,6,gasoline,88702,,,36600,5,,False
2023,Ford,f-150,lariat,6,gasoline,52558,,,49000,3,,False
2023,Ford,f-150,xlt,6,gasoline,30089,,,41200,3,,False
2023,Ford,f-150,xlt,6,gasoline,46194,,,43900,3,,False
2023,Ford,f-150,xlt,6,gasoline,96729,,,37600,3,,False
2023,Ford,f-150,xlt,6,gasoline,74828,,,42800,3,,False
2023,Ford,f-150,xlt,6,gasoline,59115,,,42100,3,,False
2022,Ford,f-150,xlt,6,gasoline,173376,,,21700,4,,False
2022,Ford,f-150,xlt,6,gasoline,48209,,,31700,4,,False
2023,Ford,f-150,xlt,6,gasoline,36585,,,41000,3,,False
2023,Ford,f-150,xlt,6,gasoline,35603,,,42600,3,,False
2017,Ford,f-150,no_mention,6,gasoline,118426,,,20500,9,,False
2016,Ford,f-150,no_mention,8,flex,196238,,,12700,10,,False
2019,Ford,f-150,no_mention,6,gasoline,264549,,,10000,7,,False
2017,Ford,f-150,no_mention,8,flex,235000,,,15700,9,,False
2024,Ford,f-150,xlt,6,gasoline,28500,,,60000,2,,False
2012,Ford,f-150,no_mention,6,gasoline,162329,,,11000,14,,False
2022,Ford,f-150,lariat,6,gasoline,56000,,,46000,4,,False
2022,Ford,f-150,no_mention,8,flex,50402,,,56200,4,,False
2023,Ford,f-150,lariat,6,gasoline,64733,,,55500,3,,False
2022,Ford,f-150,no_mention,6,gasoline,76027,,,43100,4,,False
2021,Ford,f-150,no_mention,6,hybrid,61368,,,36000,5,,False
2020,Ford,f-150,xlt,6,gasoline,168579,,,21600,6,,False
2018,Ford,f-150,no_mention,6,gasoline,79812,,,37200,8,,False
2019,Ford,f-150,xlt,6,gasoline,204920,,,18600,7,,False
2024,Ford,f-150,tremor,6,gasoline,15070,,,66900,2,,False
2023,Ford,f-150,lariat,6,gasoline,69328,,,53100,3,,False
2021,Ford,f-150,xlt,6,gasoline,162952,,,23700,5,,False
2021,Ford,f-150,no_mention,6,hybrid,148220,,,31500,5,,False
2021,Ford,f-150,no_mention,6,gasoline,89535,,,45100,5,,False
2019,Ford,f-150,lariat,8,flex,119587,,,35700,7,,False
2023,Ford,f-150,no_mention,6,gasoline,38563,,,55700,3,,False
2023,Ford,f-150,no_mention,6,gasoline,24387,,,57000,3,,False
2018,Ford,f-150,no_mention,8,flex,116654,,,30000,8,,False
2018,Ford,f-150,xlt,6,gasoline,157929,,,11500,8,,False
2023,Ford,f-150,xl,6,gasoline,56241,,,36300,3,,False
2022,Ford,f-150,no_mention,6,gasoline,80198,,,52000,4,,False
2018,Ford,f-150,lariat,6,gasoline,136140,,,26800,8,,False
2023,Ford,f-150,xl,6,flex,72090,,,34500,3,,False
2021,Ford,f-150,no_mention,8,flex,161700,,,22100,5,,False
2023,Ford,f-150,lariat,8,flex,75629,,,54800,3,,False
2023,Ford,f-150,xlt,8,flex,63466,,,47100,3,,False
2022,Ford,f-150,no_mention,8,flex,42972,,,55200,4,,False
2023,Ford,f-150,xlt,6,gasoline,25183,,,49400,3,,False
2022,Ford,f-150,no_mention,8,flex,64967,,,52000,4,,False
2020,Ford,f-150,lariat,6,gasoline,63550,,,40300,6,,False
2017,Ford,f-150,lariat,6,gasoline,203704,,,19800,9,,False
2021,Ford,f-150,xl,6,gasoline,64919,,,30000,5,,False
2012,Ford,f-150,fx4,6,gasoline,145520,,,15500,14,,False
2019,Ford,f-150,no_mention,6,gasoline,82500,,,27300,7,,False
2018,Ford,f-150,platinum,6,gasoline,157010,,,28500,8,,False
2018,Ford,f-150,no_mention,8,flex,214016,,,16500,8,,False
2022,Ford,f-150,no_mention,8,flex,48118,,,54000,4,,False
2020,Ford,f-150,lariat,6,gasoline,72678,,,39600,6,,False
2021,Ford,f-150,lariat,6,gasoline,66178,,,40000,5,,False
2016,Ford,f-150,no_mention,6,gasoline,258731,,,8600,10,,False
2018,Ford,f-150,no_mention,6,gasoline,182027,,,19100,8,,False
2021,Ford,f-150,xlt,8,flex,110452,,,36400,5,,False
2018,Ford,f-150,platinum,6,gasoline,199891,,,21400,8,,False
2019,Ford,f-150,no_mention,8,flex,53938,,,31300,7,,False
2019,Ford,f-150,lariat,6,gasoline,125254,,,34200,7,,False
2023,Ford,f-150,xlt,6,gasoline,28670,,,45000,3,,False
2021,Ford,f-150,no_mention,8,flex,158000,,,26000,5,,False
2023,Ford,f-150,lariat,8,flex,30215,,,60400,3,,False
2023,Ford,f-150,no_mention,6,gasoline,100422,,,49000,3,,False
2023,Ford,f-150,lariat,6,gasoline,18906,,,56700,3,,False
2022,Ford,f-150,no_mention,6,hybrid,41338,,,45500,4,,False
2023,Ford,f-150,lariat,6,gasoline,44328,,,55200,3,,False
2017,Ford,f-150,no_mention,6,gasoline,243147,,,12100,9,,False
2023,Ford,f-150,lariat,6,gasoline,44486,,,54300,3,,False
2023,Ford,f-150,tremor,6,gasoline,38356,,,64300,3,,False
2011,Ford,f-150,no_mention,8,flex,212898,,,3000,15,,False
2014,Ford,f-150,no_mention,8,flex,105718,,,13500,12,,False
2018,Ford,f-150,lariat,6,gasoline,164286,,,22000,8,,False
2016,Ford,f-150,xlt,6,gasoline,86415,,,21400,10,,False
2020,Ford,f-150,xlt,6,flex,163612,,,14250,6,,False
2018,Ford,f-150,xlt,6,flex,293441,,,8300,8,,False
2018,Ford,f-150,xlt,6,flex,223480,,,10000,8,,False
2023,Ford,f-150,xlt,6,hybrid,140932,,,25000,3,,False
2020,Ford,f-150,xlt,8,flex,128952,,,25000,6,,False
2021,Ford,f-150,xlt,8,flex,85594,,,34200,5,,False
2022,Ford,f-150,xlt,8,flex,166583,,,25000,4,,False
2020,Ford,f-150,xlt,8,flex,223345,,,9500,6,,False
2020,Ford,f-150,xlt,6,gasoline,72168,,,22500,6,,False
2011,Ford,f-150,xlt,6,gasoline,237650,,,6800,15,,False
2010,Ford,f-150,lariat,8,flex,253304,,,5300,16,,False
2021,Ford,f-150,xlt,6,gasoline,173578,,,20500,5,,False
2016,Ford,f-150,lariat,8,flex,174995,,,21200,10,,False
2021,Ford,f-150,xlt,8,flex,79602,,,40700,5,,False
2023,Ford,f-150,no_mention,6,gasoline,54040,,,40000,3,,False
2023,Ford,f-150,no_mention,6,gasoline,59626,,,40000,3,,False
2024,Ford,f-150,xlt,8,gasoline,37529,,,49000,2,,False
2010,Ford,f-150,xlt,8,flex,129750,,,9000,16,,False
2019,Ford,f-150,lariat,6,diesel,184382,,,20000,7,,False
2022,Ford,f-150,no_mention,6,gasoline,49144,,,43600,4,,False
2013,Ford,f-150,fx4,6,gasoline,172996,,,14900,13,,False
2017,Ford,f-150,lariat,6,gasoline,215969,,,19000,9,,False
2016,Ford,f-150,xlt,6,gasoline,167547,,,14200,10,,False
2020,Ford,f-150,no_mention,6,gasoline,78390,,,34500,6,,False
2018,Ford,f-150,no_mention,6,gasoline,209553,,,14800,8,,False
2024,Ford,f-150,raptor,6,gasoline,16000,,,98000,2,,False
2020,Ford,f-150,no_mention,6,gasoline,101747,,,39000,6,,False
2019,Ford,f-150,no_mention,8,flex,156044,,,23800,7,,False
2020,Ford,f-150,no_mention,6,gasoline,83404,,,34400,6,,False
2016,Ford,f-150,lariat,6,gasoline,274110,,,12300,10,,False
2018,Ford,f-150,lariat,6,diesel,236372,,,17700,8,,False
2017,Ford,f-150,no_mention,6,gasoline,176272,,,22000,9,,False
2019,Ford,f-150,xlt,8,flex,182386,,,14750,7,,False
2020,Ford,f-150,xlt,6,gasoline,156073,,,22700,6,,False
2019,Ford,f-150,xlt,6,gasoline,236423,,,6700,7,,False
2019,Ford,f-150,xlt,6,gasoline,256309,,,9300,7,,False
2021,Ford,f-150,lariat,6,gasoline,45640,,,41800,5,,False
2020,Ford,f-150,xlt,6,gasoline,61277,,,39200,6,,False
2022,Ford,f-150,lariat,6,gasoline,97386,,,37250,4,,False
2016,Ford,f-150,xlt,6,gasoline,157902,,,16700,10,,False
2016,Ford,f-150,xlt,6,gasoline,249285,,,11000,10,,False
2018,Ford,f-150,xlt,6,gasoline,223065,,,16000,8,,False
2023,Ford,f-150,xl,6,gasoline,168936,,,28000,3,,False
2020,Ford,f-150,lariat,6,gasoline,180968,,,26500,6,,False
2019,Ford,f-150,xlt,6,gasoline,221376,,,17250,7,,False
2020,Ford,f-150,xlt,6,gasoline,97176,,,39000,6,,False
2019,Ford,f-150,lariat,8,flex,212548,,,24800,7,,False
2023,Ford,f-150,tremor,6,gasoline,58655,,,63400,3,,False
2023,Ford,f-150,tremor,6,gasoline,41403,,,64000,3,,False
2023,Ford,f-150,tremor,6,gasoline,38985,,,62250,3,,False
2018,Ford,f-150,xl,6,flex,46715,,,15400,8,,False
2020,Ford,f-150,xl,6,flex,169222,,,16300,6,,False
2018,Ford,f-150,xlt,6,gasoline,141353,,,16300,8,,False
2017,Ford,f-150,lariat,6,gasoline,206333,,,19400,9,,False
2019,Ford,f-150,limited,6,gasoline,169879,,,26500,7,,False
2017,Ford,f-150,lariat,6,gasoline,234907,,,11700,9,,False
2021,Ford,f-150,lariat,8,flex,152261,,,24000,5,,False
2017,Ford,f-150,xlt,8,flex,240602,,,8700,9,,False
2023,Ford,f-150,xlt,6,gasoline,48476,,,48100,3,,False
2022,Ford,f-150,xlt,6,gasoline,104840,,,30300,4,,False
2023,Ford,f-150,xlt,6,gasoline,205635,,,21000,3,,False
2021,Ford,f-150,platinum,6,hybrid,113098,,,45000,5,,False
2021,Ford,f-150,xlt,8,flex,194231,,,17000,5,,False
2018,Ford,f-150,xlt,8,flex,126489,,,16900,8,,False
2021,Ford,f-150,lariat,8,flex,82037,,,47000,5,,False
2023,Ford,f-150,lariat,8,flex,58073,,,58250,3,,False
2020,Ford,f-150,xlt,8,flex,120809,,,30900,6,,False
2020,Ford,f-150,xlt,8,flex,210881,,,15200,6,,False
2022,Ford,f-150,xlt,8,flex,54006,,,49300,4,,False
2022,Ford,f-150,xlt,8,flex,38209,,,47250,4,,False
2022,Ford,f-150,lariat,8,flex,85018,,,48600,4,,False
2024,Ford,f-150,xlt,6,gasoline,22174,,,54000,2,,False
2015,Ford,f-150,xl,6,flex,260166,,,3300,11,,False
2016,Ford,f-150,xlt,6,flex,254752,,,6600,10,,False
2019,Ford,f-150,xlt,6,flex,149387,,,19900,7,,False
2018,Ford,f-150,xlt,6,flex,212239,,,14000,8,,False
2014,Ford,f-150,xlt,6,flex,266746,,,3000,12,,False
2013,Ford,f-150,xlt,6,flex,176170,,,5500,13,,False
2022,Ford,f-150,xl,6,gasoline,123860,,,29000,4,,False
2019,Ford,f-150,xlt,6,diesel,233380,,,11600,7,,False
2021,Ford,f-150,xlt,6,diesel,195305,,,18900,5,,False
2019,Ford,f-150,lariat,6,gasoline,160781,,,26600,7,,False
2018,Ford,f-150,xlt,6,gasoline,179217,,,20800,8,,False
2017,Ford,f-150,xlt,6,gasoline,106297,,,24900,9,,False
2017,Ford,f-150,xlt,6,gasoline,277188,,,5100,9,,False
2017,Ford,f-150,xlt,6,gasoline,169702,,,17700,9,,False
2017,Ford,f-150,xlt,6,gasoline,251477,,,10300,9,,False
2014,Ford,f-150,xlt,6,gasoline,256120,,,5500,12,,False
2024,Ford,f-150,raptor,6,gasoline,15381,,,97250,2,,False
2024,Ford,f-150,xlt,6,gasoline,39485,,,52250,2,,False
2018,Ford,f-150,xlt,8,flex,217124,,,9100,8,,False
2021,Ford,f-150,xlt,6,gasoline,189072,,,16500,5,,False
2023,Ford,f-150,xlt,6,gasoline,106315,,,33700,3,,False
2022,Ford,f-150,xlt,6,gasoline,75823,,,41200,4,,False
2021,Ford,f-150,platinum,6,gasoline,63278,,,51500,5,,False
2023,Ford,f-150,xlt,6,gasoline,68476,,,42000,3,,False
2023,Ford,f-150,lariat,6,gasoline,53975,,,58300,3,,False
2020,Ford,f-150,xlt,6,gasoline,92979,,,31000,6,,False
2023,Ford,f-150,no_mention,6,gasoline,30336,,,43700,3,,False
2022,Ford,f-150,no_mention,6,gasoline,114000,,,34800,4,,False
2013,Ford,f-150,no_mention,8,flex,168712,,,10700,13,,False
2024,Ford,f-150,xlt,6,hybrid,60640,,,50500,2,,False
2023,Ford,f-150,lariat,6,gasoline,29232,,,58600,3,,False
2020,Ford,f-150,no_mention,6,gasoline,91773,,,36300,6,,False
2016,Ford,f-150,no_mention,8,flex,276998,,,6500,10,,False
2020,Ford,f-150,no_mention,8,flex,172604,,,27700,6,,False
2021,Ford,f-150,no_mention,6,gasoline,150506,,,24500,5,,False
2018,Ford,f-150,lariat,6,gasoline,170718,,,21500,8,,False
2022,Ford,f-150,no_mention,6,gasoline,79753,,,44000,4,,False
2023,Ford,f-150,king ranch,6,hybrid,115810,,,49000,3,,False
2023,Ford,f-150,raptor,6,gasoline,31934,,,90000,3,,False
2019,Ford,f-150,xlt,6,gasoline,92052,,,22000,7,,False
2013,Ford,f-150,no_mention,8,flex,180573,,,7000,13,,False
2025,Ford,f-150,tremor,6,gasoline,15070,,,70000,1,,False
2024,Ford,f-150,no_mention,6,gasoline,39584,,,46700,2,,False
2021,Ford,f-150,xlt,6,gasoline,123514,,,29500,5,,False
2022,Ford,f-150,xlt,6,gasoline,92171,,,30500,4,,False
2023,Ford,f-150,no_mention,6,gasoline,46473,,,47400,3,,False
2024,Ford,f-150,tremor,6,gasoline,15682,,,68100,2,,False
2024,Ford,f-150,lariat,6,hybrid,42949,,,64500,2,,False
2024,Ford,f-150,no_mention,6,gasoline,15650,,,49500,2,,False
2024,Ford,f-150,tremor,6,gasoline,14972,,,68900,2,,False
2018,Ford,f-150,no_mention,8,flex,152026,,,22400,8,,False
2018,Ford,f-150,no_mention,6,gasoline,155282,,,22100,8,,False
2024,Ford,f-150,raptor,6,gasoline,15002,,,96900,2,,False
2022,Ford,f-150,xlt,6,hybrid,48884,,,43200,4,,False
2023,Ford,f-150,xlt,6,gasoline,30174,,,47200,3,,False
2023,Ford,f-150,lariat,6,gasoline,42446,,,54600,3,,False
2023,Ford,f-150,lariat,6,gasoline,66840,,,55700,3,,False
2023,Ford,f-150,xlt,6,gasoline,66316,,,42900,3,,False
2023,Ford,f-150,lariat,8,flex,56350,,,56800,3,,False
2023,Ford,f-150,xlt,8,flex,60039,,,48200,3,,False
2016,Ford,f-150,no_mention,6,gasoline,219729,,,14000,10,,False
2020,Ford,f-150,no_mention,6,gasoline,192284,,,26000,6,,False
2022,Ford,f-150,xlt,6,gasoline,80849,,,37750,4,,False
2019,Ford,f-150,xlt,6,gasoline,104567,,,26000,7,,False
2023,Ford,f-150,xlt,6,gasoline,46746,,,46750,3,,False
2021,Ford,f-150,xlt,6,gasoline,257554,,,19200,5,,False
2023,Ford,f-150,lariat,6,gasoline,104433,,,43000,3,,False
2021,Ford,f-150,xlt,6,gasoline,176653,,,23000,5,,False
2022,Ford,f-150,xlt,6,gasoline,31189,,,40750,4,,False
2021,Ford,f-150,lariat,6,gasoline,125163,,,33500,5,,False
2018,Ford,f-150,lariat,6,gasoline,128992,,,27800,8,,False
2022,Ford,f-150,xlt,6,gasoline,119000,,,35400,4,,False
2023,Ford,f-150,no_mention,6,gasoline,60998,,,37500,3,,False
2023,Ford,f-150,lariat,6,gasoline,28730,,,50250,3,,False
2023,Ford,f-150,xlt,6,gasoline,48199,,,44000,3,,False
2019,Ford,f-150,xlt,6,gasoline,182643,,,20300,7,,False
2023,Ford,f-150,lariat,6,gasoline,97388,,,46500,3,,False
2022,Ford,f-150,xlt,6,gasoline,121234,,,32900,4,,False
2019,Ford,f-150,xlt,6,gasoline,79293,,,29500,7,,False
2021,Ford,f-150,xlt,6,flex,112815,,,30600,5,,False
2020,Ford,f-150,xlt,6,flex,101036,,,26250,6,,False
2021,Ford,f-150,xlt,6,flex,107199,,,31100,5,,False
2022,Ford,f-150,xlt,6,flex,107697,,,31900,4,,False
2021,Ford,f-150,xlt,6,flex,91419,,,31600,5,,False
2017,Ford,f-150,xlt,8,flex,149253,,,19750,9,,False
2016,Ford,f-150,lariat,6,gasoline,242808,,,14800,10,,False
2020,Ford,f-150,xlt,6,gasoline,118028,,,25000,6,,False
2023,Ford,f-150,xlt,8,flex,59486,,,42000,3,,False
2022,Ford,f-150,king ranch,6,gasoline,41209,,,63500,4,,False
2018,Ford,f-150,xl,8,flex,236536,,,8800,8,,False
2017,Ford,f-150,xl,6,gasoline,150265,,,15000,9,,False
2022,Ford,f-150,xlt,6,gasoline,155424,,,26500,4,,False
2023,Ford,f-150,lariat,6,gasoline,47330,,,56500,3,,False
2022,Ford,f-150,xlt,6,gasoline,85085,,,34250,4,,False
2023,Ford,f-150,xlt,6,hybrid,72077,,,41000,3,,False
2022,Ford,f-150,xlt,6,hybrid,75468,,,43250,4,,False
2021,Ford,f-150,xlt,8,flex,187108,,,21500,5,,False
2018,Ford,f-150,xl,8,flex,162156,,,28000,8,,False
2022,Ford,f-150,xlt,8,flex,79342,,,34900,4,,False
2018,Ford,f-150,xlt,8,flex,98752,,,27100,8,,False
2020,Ford,f-150,xlt,8,flex,157327,,,21000,6,,False
2021,Ford,f-150,lariat,8,flex,59596,,,45600,5,,False
2021,Ford,f-150,king ranch,8,flex,137275,,,45750,5,,False
2021,Ford,f-150,xl,8,flex,134580,,,26250,5,,False
2022,Ford,f-150,xlt,8,flex,145464,,,28500,4,,False
2023,Ford,f-150,xlt,8,flex,39311,,,43250,3,,False
2021,Ford,f-150,xlt,8,flex,261633,,,17000,5,,False
2022,Ford,f-150,lariat,8,flex,53740,,,56750,4,,False
2023,Ford,f-150,lariat,6,gasoline,39419,,,48700,3,,False
2023,Ford,f-150,lariat,6,gasoline,79371,,,48900,3,,False
2023,Ford,f-150,lariat,6,gasoline,30464,,,42900,3,,False
2022,Ford,f-150,xlt,6,gasoline,155765,,,22100,4,,False
2022,Ford,f-150,xlt,6,gasoline,149293,,,23200,4,,False
2022,Ford,f-150,xlt,6,gasoline,87792,,,31100,4,,False
2020,Ford,f-150,xlt,6,gasoline,131549,,,25100,6,,False
2013,Ford,f-150,no_mention,6,gasoline,216060,,,6100,13,,False
2019,Ford,f-150,raptor,6,gasoline,110277,,,52800,7,,False
2024,Ford,f-150,xlt,6,gasoline,47999,,,44000,2,,False
2024,Ford,f-150,xlt,6,gasoline,22085,,,51250,2,,False
2024,Ford,f-150,xlt,6,hybrid,16053,,,54800,2,,False
2024,Ford,f-150,lariat,6,gasoline,54710,,,60750,2,,False
2024,Ford,f-150,lariat,6,gasoline,60469,,,60500,2,,False
2024,Ford,f-150,king ranch,6,hybrid,55272,,,70600,2,,False
2018,Ford,f-150,xlt,8,flex,81463,,,22100,8,,False
2021,Ford,f-150,xlt,6,gasoline,80249,,,31100,5,,False
2023,Ford,f-150,xlt,6,gasoline,110367,,,22500,3,,False
2023,Ford,f-150,lariat,6,gasoline,50602,,,50500,3,,False
2023,Ford,f-150,lariat,6,gasoline,32098,,,59200,3,,False
2021,Ford,f-150,platinum,6,gasoline,72399,,,32000,5,,False
2021,Ford,f-150,xl,6,gasoline,160925,,,21500,5,,False
2021,Ford,f-150,lariat,6,gasoline,166995,,,28150,5,,False
2022,Ford,f-150,lariat,6,gasoline,123439,,,38500,4,,False
2021,Ford,f-150,xlt,6,gasoline,51120,,,42900,5,,False
2022,Ford,f-150,lariat,6,gasoline,190193,,,26400,4,,False
2023,Ford,f-150,lariat,6,gasoline,55047,,,57200,3,,False
2023,Ford,f-150,xlt,6,gasoline,103797,,,38000,3,,False
2021,Ford,f-150,xlt,6,gasoline,121882,,,28800,5,,False
2023,Ford,f-150,xlt,6,gasoline,39513,,,49750,3,,False
2023,Ford,f-150,lariat,6,gasoline,59589,,,57400,3,,False
2022,Ford,f-150,no_mention,6,gasoline,178900,,,25000,4,,False
2019,Ford,f-150,no_mention,6,gasoline,197557,,,22200,7,,False
2013,Ford,f-150,no_mention,6,gasoline,199880,,,10900,13,,False
2022,Ford,f-150,xlt,6,gasoline,48816,,,39300,4,,False
2022,Ford,f-150,no_mention,6,gasoline,47439,,,52000,4,,False
2021,Ford,f-150,lariat,8,flex,117546,,,41000,5,,False
2023,Ford,f-150,tremor,6,gasoline,44710,,,66200,3,,False
2020,Ford,f-150,lariat,6,gasoline,179572,,,29600,6,,False
2021,Ford,f-150,no_mention,6,flex,120127,,,27700,5,,False
2021,Ford,f-150,no_mention,6,flex,186807,,,18500,5,,False
2019,Ford,f-150,no_mention,8,flex,153174,,,21100,7,,False
2023,Ford,f-150,lariat,6,gasoline,38487,,,60100,3,,False
2024,Ford,f-150,no_mention,8,gasoline,44971,,,50900,2,,False
2020,Ford,f-150,no_mention,8,flex,99577,,,33200,6,,False
2023,Ford,f-150,king ranch,6,hybrid,71265,,,51000,3,,False
2023,Ford,f-150,lariat,6,gasoline,33838,,,53500,3,,False
2023,Ford,f-150,lariat,6,gasoline,64044,,,53800,3,,False
2021,Ford,f-150,xlt,8,flex,49246,,,40000,5,,False
2012,Ford,f-150,fx4,6,gasoline,205746,,,9200,14,,False
2017,Ford,f-150,xlt,8,flex,101864,,,29500,9,,False
2022,Ford,f-150,xlt,6,gasoline,14952,,,27000,4,,False
2022,Ford,f-150,no_mention,6,gasoline,76258,,,39000,4,,False
2023,Ford,f-150,lariat,6,gasoline,62753,,,45000,3,,False
2022,Ford,f-150,lariat,6,gasoline,206028,,,22200,4,,False
2022,Ford,f-150,xlt,6,gasoline,85362,,,32000,4,,False
2022,Ford,f-150,xlt,6,gasoline,112508,,,27200,4,,False
2022,Ford,f-150,lariat,6,gasoline,35212,,,45000,4,,False
2023,Ford,f-150,xlt,6,gasoline,43726,,,39400,3,,False
2023,Ford,f-150,lariat,6,gasoline,28776,,,54750,3,,False
2019,Ford,f-150,lariat,6,gasoline,262190,,,10100,7,,False
2019,Ford,f-150,xlt,6,gasoline,273179,,,8200,7,,False
2022,Ford,f-150,lariat,6,gasoline,112514,,,34400,4,,False
2023,Ford,f-150,xlt,6,gasoline,33792,,,47200,3,,False
2023,Ford,f-150,lariat,6,gasoline,59849,,,49500,3,,False
2023,Ford,f-150,lariat,6,gasoline,34906,,,49000,3,,False
2023,Ford,f-150,lariat,6,gasoline,40046,,,55500,3,,False
2023,Ford,f-150,lariat,6,gasoline,53576,,,50000,3,,False
2022,Ford,f-150,xlt,6,gasoline,94160,,,22600,4,,False
2022,Ford,f-150,xlt,6,gasoline,67053,,,33000,4,,False
2022,Ford,f-150,xlt,6,gasoline,55494,,,38600,4,,False
2023,Ford,f-150,xlt,6,gasoline,11582,,,42000,3,,False
2023,Ford,f-150,xlt,6,gasoline,37656,,,47200,3,,False
2023,Ford,f-150,lariat,6,gasoline,31971,,,52500,3,,False
2022,Ford,f-150,xlt,6,gasoline,86271,,,27600,4,,False
2023,Ford,f-150,lariat,6,gasoline,41047,,,50000,3,,False
2023,Ford,f-150,lariat,6,gasoline,62433,,,53750,3,,False
2018,Ford,f-150,xlt,6,gasoline,204483,,,11000,8,,False
2022,Ford,f-150,lariat,6,gasoline,58369,,,41600,4,,False
2023,Ford,f-150,lariat,6,gasoline,29199,,,53000,3,,False
2023,Ford,f-150,lariat,6,gasoline,33449,,,55000,3,,False
2023,Ford,f-150,lariat,6,gasoline,35891,,,56500,3,,False
2023,Ford,f-150,lariat,6,gasoline,45531,,,56500,3,,False
2019,Ford,f-150,xlt,6,gasoline,105278,,,22800,7,,False
2023,Ford,f-150,lariat,6,gasoline,37850,,,46000,3,,False
2019,Ford,f-150,xlt,6,gasoline,151733,,,22900,7,,False
2018,Ford,f-150,xlt,8,flex,126783,,,13300,8,,False
2018,Ford,f-150,xlt,8,flex,78897,,,15500,8,,False
2022,Ford,f-150,tremor,6,gasoline,111951,,,43750,4,,False
2023,Ford,f-150,tremor,6,gasoline,57424,,,61500,3,,False
2015,Ford,f-150,lariat,8,flex,156771,,,23800,11,,False
2015,Ford,f-150,xlt,8,flex,86266,,,17000,11,,False
2016,Ford,f-150,xlt,6,gasoline,191901,,,6100,10,,False
2021,Ford,f-150,lariat,6,gasoline,44888,,,42200,5,,False
2023,Ford,f-150,lariat,8,flex,45454,,,60750,3,,False
2011,Ford,f-150,xlt,8,flex,214307,,,3100,15,,False
2020,Ford,f-150,no_mention,6,flex,79143,,,21000,6,,False
2021,Ford,f-150,limited,6,hybrid,205587,,,32000,5,,False
2022,Ford,f-150,lariat,6,hybrid,91405,,,40000,4,,False
2022,Ford,f-150,xlt,6,hybrid,115326,,,24800,4,,False
2022,Ford,f-150,xlt,6,hybrid,156562,,,18400,4,,False
2015,Ford,f-150,xlt,8,flex,220707,,,11200,11,,False
2017,Ford,f-150,xlt,8,flex,156231,,,22200,9,,False
2013,Ford,f-150,xlt,8,flex,168919,,,5600,13,,False
2017,Ford,f-150,xlt,8,flex,228358,,,14000,9,,False
2022,Ford,f-150,xlt,6,gasoline,38400,,,46600,4,,False
2022,Ford,f-150,xlt,6,gasoline,88212,,,29200,4,,False
2023,Ford,f-150,xlt,6,gasoline,91178,,,43000,3,,False
2022,Ford,f-150,lariat,6,hybrid,65981,,,44500,4,,False
2022,Ford,f-150,lariat,6,hybrid,74169,,,38400,4,,False
2023,Ford,f-150,xlt,6,hybrid,48810,,,44300,3,,False
2022,Ford,f-150,xlt,6,hybrid,88697,,,34600,4,,False
2021,Ford,f-150,platinum,6,hybrid,157695,,,38400,5,,False
2023,Ford,f-150,xlt,8,flex,68940,,,28250,3,,False
2023,Ford,f-150,lariat,8,flex,48795,,,60750,3,,False
2023,Ford,f-150,xlt,8,flex,39187,,,45500,3,,False
2021,Ford,f-150,xlt,8,flex,154215,,,23200,5,,False
2022,Ford,f-150,lariat,8,flex,148675,,,27600,4,,False
2018,Ford,f-150,xlt,8,flex,237092,,,7000,8,,False
2023,Ford,f-150,lariat,6,gasoline,62802,,,47400,3,,False
2023,Ford,f-150,lariat,6,gasoline,62808,,,52000,3,,False
2023,Ford,f-150,xlt,6,gasoline,39157,,,46600,3,,False
2025,Ford,f-150,xlt,6,gasoline,6084,,,56500,1,,False
2024,Ford,f-150,xlt,6,gasoline,11943,,,56000,2,,False
2020,Ford,f-150,xlt,6,flex,150743,,,23900,6,,False
2014,Ford,f-150,xlt,6,flex,206646,,,8000,12,,False
2021,Ford,f-150,xlt,6,diesel,63521,,,33200,5,,False
2021,Ford,f-150,lariat,6,diesel,147751,,,32200,5,,False
2021,Ford,f-150,lariat,6,diesel,101390,,,26800,5,,False
2020,Ford,f-150,xlt,6,gasoline,166072,,,21200,6,,False
2019,Ford,f-150,xlt,6,gasoline,87106,,,31800,7,,False
2019,Ford,f-150,xlt,6,gasoline,170286,,,15100,7,,False
2020,Ford,f-150,xlt,6,gasoline,121435,,,31600,6,,False
2020,Ford,f-150,no_mention,6,gasoline,142563,,,15000,6,,False
2024,Ford,f-150,xlt,6,gasoline,25517,,,62750,2,,False
2025,Ford,f-150,xlt,6,gasoline,24491,,,53250,1,,False
2024,Ford,f-150,xlt,6,gasoline,35117,,,55250,2,,False
2024,Ford,f-150,xlt,6,gasoline,15548,,,59600,2,,False
2025,Ford,f-150,tremor,6,gasoline,11787,,,67500,1,,False
2024,Ford,f-150,platinum,6,gasoline,32746,,,78500,2,,False
2021,Ford,f-150,xlt,8,flex,233682,,,13200,5,,False
2021,Ford,f-150,xlt,6,gasoline,144354,,,15000,5,,False
2022,Ford,f-150,xlt,6,gasoline,88338,,,34100,4,,False
2022,Ford,f-150,limited,6,gasoline,95696,,,46750,4,,False
2022,Ford,f-150,xlt,6,gasoline,149335,,,22000,4,,False
2023,Ford,f-150,xlt,6,gasoline,33278,,,48800,3,,False
2023,Ford,f-150,xl,6,gasoline,51704,,,43400,3,,False
2023,Ford,f-150,xlt,6,gasoline,71633,,,37500,3,,False
2023,Ford,f-150,lariat,6,gasoline,47969,,,58000,3,,False
2023,Ford,f-150,xlt,6,gasoline,51839,,,31250,3,,False
2023,Ford,f-150,xlt,6,gasoline,27906,,,44250,3,,False
2021,Ford,f-150,lariat,6,gasoline,144993,,,29800,5,,False
2022,Ford,f-150,platinum,6,gasoline,100071,,,43250,4,,False
2022,Ford,f-150,xlt,6,gasoline,142048,,,25000,4,,False
2023,Ford,f-150,xlt,6,gasoline,35905,,,44600,3,,False
2021,Ford,f-150,xlt,6,gasoline,79219,,,30200,5,,False
2023,Ford,f-150,xlt,6,gasoline,32588,,,43500,3,,False
2022,Ford,f-150,raptor,6,gasoline,126394,,,69000,4,,False
2018,Ford,f-150,no_mention,8,flex,156428,,,21000,8,,False
2023,Ford,f-150,lariat,6,gasoline,58787,,,52500,3,,False
2015,Ford,f-150,no_mention,6,gasoline,188032,,,14000,11,,False
2019,Ford,f-150,no_mention,6,gasoline,177406,,,17000,7,,False
2017,Ford,f-150,xlt,6,gasoline,202449,,,15100,9,,False
2021,Ford,f-150,no_mention,6,gasoline,86821,,,51700,5,,False
2021,Ford,f-150,no_mention,6,gasoline,175167,,,36000,5,,False
2021,Ford,f-150,lariat,6,gasoline,157610,,,29000,5,,False
2014,Ford,f-150,no_mention,6,gasoline,205578,,,10000,12,,False
2025,Ford,f-150,lariat,6,hybrid,5200,,,74300,1,,False
2021,Ford,f-150,lariat,8,flex,118561,,,40500,5,,False
2015,Ford,f-150,no_mention,6,gasoline,211639,,,14500,11,,False
2020,Ford,f-150,no_mention,6,gasoline,97056,,,33500,6,,False
2024,Ford,f-150,lariat,6,gasoline,16397,,,68200,2,,False
2014,Ford,f-150,no_mention,8,flex,217762,,,6200,12,,False
2014,Ford,f-150,raptor,8,gasoline,219451,,,16500,12,,False
2019,Ford,f-150,no_mention,6,gasoline,172013,,,22000,7,,False
2021,Ford,f-150,xlt,6,gasoline,43724,,,40000,5,,False
2022,Ford,f-150,lariat,8,flex,53891,,,48800,4,,False
2021,Ford,f-150,limited,6,hybrid,86745,,,50100,5,,False
2020,Ford,f-150,xlt,6,gasoline,91343,,,32000,6,,False
2024,Ford,f-150,platinum,6,hybrid,46809,,,76300,2,,False
2016,Ford,f-150,no_mention,6,gasoline,273616,,,8400,10,,False
2019,Ford,f-150,no_mention,6,gasoline,144283,,,31400,7,,False
2022,Ford,f-150,limited,6,gasoline,88973,,,56200,4,,False
2023,Ford,f-150,lariat,6,gasoline,74693,,,48600,3,,False
2022,Ford,f-150,xlt,6,gasoline,117948,,,30300,4,,False
2022,Ford,f-150,no_mention,6,hybrid,95585,,,42300,4,,False
2021,Ford,f-150,lariat,6,gasoline,80228,,,28400,5,,False
2024,Ford,f-150,xlt,6,gasoline,21897,,,51200,2,,False
2024,Ford,f-150,raptor,6,gasoline,18755,,,93200,2,,False
2022,Ford,f-150,platinum,8,flex,99629,,,54000,4,,False
2015,Ford,f-150,lariat,6,gasoline,178883,,,16000,11,,False
2018,Ford,f-150,xl,8,flex,233755,,,9600,8,,False
2021,Ford,f-150,xlt,6,gasoline,146582,,,19400,5,,False
2024,Ford,f-150,platinum,6,gasoline,48301,,,74200,2,,False
2014,Ford,f-150,no_mention,6,gasoline,178116,,,14900,12,,False
2011,Ford,f-150,no_mention,8,flex,227902,,,3200,15,,False
2021,Ford,f-150,xlt,8,flex,229424,,,19000,5,,False
2013,Ford,f-150,no_mention,8,flex,195780,,,6400,13,,False
2013,Ford,f-150,no_mention,6,gasoline,147299,,,13800,13,,False
2022,Ford,f-150,xlt,6,gasoline,36121,,,40000,4,,False
2023,Ford,f-150,tremor,6,gasoline,56123,,,60500,3,,False
2023,Ford,f-150,lariat,8,flex,52634,,,56300,3,,False
2024,Ford,f-150,tremor,6,gasoline,17690,,,67000,2,,False
2017,Ford,f-150,no_mention,8,flex,154875,,,20400,9,,False
2022,Ford,f-150,lariat,6,gasoline,81636,,,44000,4,,False
2013,Ford,f-150,no_mention,6,gasoline,231098,,,4500,13,,False
2018,Ford,f-150,no_mention,6,flex,123764,,,24500,8,,False
2024,Ford,f-150,tremor,8,gasoline,45075,,,71200,2,,False
2019,Ford,f-150,no_mention,6,gasoline,65795,,,31800,7,,False
2021,Ford,f-150,no_mention,6,gasoline,97400,,,44000,5,,False
2017,Ford,f-150,platinum,6,gasoline,150760,,,21300,9,,False
2018,Ford,f-150,no_mention,8,flex,141328,,,13000,8,,False
2019,Ford,f-150,lariat,6,gasoline,118568,,,27500,7,,False
2022,Ford,f-150,xlt,6,hybrid,41139,,,43800,4,,False
2019,Ford,f-150,no_mention,6,gasoline,63384,,,35500,7,,False
2017,Ford,f-150,no_mention,6,gasoline,208741,,,14200,9,,False
2023,Ford,f-150,xlt,6,gasoline,30353,,,44200,3,,False
2023,Ford,f-150,lariat,6,gasoline,52508,,,55900,3,,False
2023,Ford,f-150,xlt,6,gasoline,51031,,,46000,3,,False
2023,Ford,f-150,lariat,6,gasoline,48468,,,54500,3,,False
2023,Ford,f-150,lariat,6,gasoline,50786,,,55700,3,,False
2023,Ford,f-150,lariat,6,gasoline,32674,,,54900,3,,False
2023,Ford,f-150,xlt,6,gasoline,28237,,,50400,3,,False
2015,Ford,f-150,no_mention,6,flex,160123,,,11500,11,,False
2023,Ford,f-150,tremor,6,gasoline,18583,,,65000,3,,False
2023,Ford,f-150,tremor,6,gasoline,45725,,,61250,3,,False
2020,Ford,f-150,no_mention,6,flex,250730,,,11800,6,,False
2017,Ford,f-150,lariat,8,flex,146914,,,28495,9,,False
2018,Ford,f-150,lariat,6,gasoline,179306,,,22500,8,,False
2018,Ford,f-150,lariat,6,gasoline,115277,,,31250,8,,False
2018,Ford,f-150,limited,6,gasoline,102622,,,36140,8,,False
2021,Ford,f-150,xlt,8,flex,156007,,,28200,5,,False
2018,Ford,f-150,xlt,8,flex,176489,,,3500,8,,False
2023,Ford,f-150,lariat,8,flex,89833,,,40000,3,,False
2021,Ford,f-150,xlt,8,flex,129070,,,30000,5,,False
2024,Ford,f-150,tremor,6,gasoline,24495,,,66500,2,,False
2024,Ford,f-150,tremor,6,gasoline,16718,,,67250,2,,False
2021,Ford,f-150,xlt,6,gasoline,141437,,,23600,5,,False
2022,Ford,f-150,xlt,6,gasoline,118642,,,32750,4,,False
2019,Ford,f-150,lariat,6,gasoline,190922,,,17000,7,,False
2018,Ford,f-150,xl,6,flex,203444,,,11700,8,,False
2019,Ford,f-150,no_mention,8,flex,168034,,,20000,7,,False
2022,Ford,f-150,xlt,8,flex,49710,,,35000,4,,False
2013,Ford,f-150,no_mention,6,gasoline,143788,,,4500,13,,False
2020,Ford,f-150,xlt,8,flex,118035,,,27900,6,,False
2017,Ford,f-150,xlt,6,flex,284905,,,8400,9,,False
2023,Ford,f-150,no_mention,6,gasoline,71945,,,43200,3,,False
2022,Ford,f-150,lariat,8,flex,125992,,,25500,4,,False
2018,Ford,f-150,no_mention,8,flex,202477,,,11000,8,,False
2024,Ford,f-150,tremor,6,gasoline,50667,,,62100,2,,False
2013,Ford,f-150,no_mention,8,flex,247837,,,5200,13,,False
2015,Ford,f-150,no_mention,6,gasoline,273477,,,8300,11,,False
2023,Ford,f-150,no_mention,6,gasoline,112075,,,42300,3,,False
2023,Ford,f-150,king ranch,6,hybrid,95500,,,54500,3,,False
2022,Ford,f-150,no_mention,6,gasoline,55546,,,46500,4,,False
2016,Ford,f-150,xlt,6,gasoline,225947,,,10200,10,,False
2023,Ford,f-150,lariat,6,hybrid,56355,,,58700,3,,False
2022,Ford,f-150,lariat,6,gasoline,131738,,,34900,4,,False
2023,Ford,f-150,xl,6,gasoline,13345,,,47500,3,,False
2018,Ford,f-150,no_mention,6,gasoline,151835,,,28000,8,,False
2020,Ford,f-150,no_mention,6,diesel,89310,,,26300,6,,False
2018,Ford,f-150,no_mention,6,gasoline,109020,,,24600,8,,False
2020,Ford,f-150,no_mention,6,gasoline,216066,,,19200,6,,False
2017,Ford,f-150,no_mention,8,flex,151411,,,23700,9,,False
2016,Ford,f-150,no_mention,8,flex,168000,,,11500,10,,False
2022,Ford,f-150,xlt,6,gasoline,80845,,,38200,4,,False
2019,Ford,f-150,xlt,6,gasoline,112534,,,21250,7,,False
2022,Ford,f-150,xlt,6,gasoline,110160,,,31600,4,,False
2016,Ford,f-150,xlt,6,gasoline,223223,,,14200,10,,False
2021,Ford,f-150,xlt,6,gasoline,121481,,,29100,5,,False
2023,Ford,f-150,xlt,6,gasoline,83957,,,34250,3,,False
2023,Ford,f-150,xlt,6,gasoline,42189,,,48500,3,,False
2021,Ford,f-150,xlt,6,gasoline,112634,,,27000,5,,False
2023,Ford,f-150,xlt,6,gasoline,48196,,,43100,3,,False
2021,Ford,f-150,lariat,6,gasoline,53621,,,45000,5,,False
2020,Ford,f-150,xlt,6,gasoline,171996,,,16500,6,,False
2023,Ford,f-150,tremor,6,gasoline,44706,,,64800,3,,False
2023,Ford,f-150,tremor,6,gasoline,43358,,,64300,3,,False
2020,Ford,f-150,xlt,6,flex,97183,,,23500,6,,False
2017,Ford,f-150,xlt,8,flex,138310,,,20000,9,,False
2018,Ford,f-150,lariat,6,gasoline,172157,,,17700,8,,False
2018,Ford,f-150,limited,6,gasoline,60329,,,46200,8,,False
2022,Ford,f-150,xlt,6,gasoline,91246,,,33000,4,,False
2017,Ford,f-150,xlt,8,flex,167631,,,20750,9,,False
2016,Ford,f-150,xlt,8,flex,261198,,,12300,10,,False
2017,Ford,f-150,xlt,8,flex,104311,,,26500,9,,False
2012,Ford,f-150,xlt,8,flex,137042,,,8800,14,,False
2013,Ford,f-150,fx4,8,flex,223462,,,7000,13,,False
2014,Ford,f-150,xlt,8,flex,109015,,,9200,12,,False
2016,Ford,f-150,xlt,8,flex,163854,,,13400,10,,False
2018,Ford,f-150,xlt,6,gasoline,225025,,,11700,8,,False
2010,Ford,f-150,xl,8,flex,121717,,,6000,16,,False
2023,Ford,f-150,lariat,6,gasoline,33679,,,58700,3,,False
2023,Ford,f-150,lariat,6,hybrid,59492,,,55900,3,,False
2018,Ford,f-150,xlt,8,flex,139437,,,24000,8,,False
2020,Ford,f-150,lariat,8,flex,291978,,,8000,6,,False
2020,Ford,f-150,xlt,8,flex,80460,,,34000,6,,False
2021,Ford,f-150,xlt,8,flex,124484,,,31300,5,,False
2022,Ford,f-150,xlt,8,flex,36397,,,42500,4,,False
2024,Ford,f-150,no_mention,6,gasoline,38589,,,47200,2,,False
2024,Ford,f-150,xlt,6,gasoline,11876,,,46700,2,,False
2019,Ford,f-150,xlt,6,flex,191071,,,11250,7,,False
2020,Ford,f-150,xlt,6,flex,170618,,,13600,6,,False
2018,Ford,f-150,xlt,8,flex,196905,,,10200,8,,False
2021,Ford,f-150,xlt,6,flex,119519,,,25500,5,,False
2014,Ford,f-150,xlt,6,flex,130193,,,10800,12,,False
2014,Ford,f-150,xlt,6,flex,119804,,,11600,12,,False
2017,Ford,f-150,xlt,6,gasoline,224659,,,11000,9,,False
2018,Ford,f-150,xlt,6,gasoline,246545,,,7700,8,,False
2018,Ford,f-150,xlt,6,gasoline,244973,,,6000,8,,False
2024,Ford,f-150,raptor,6,gasoline,8201,,,100750,2,,False
2018,Ford,f-150,raptor,6,gasoline,231652,,,30800,8,,False
2021,Ford,f-150,xlt,8,flex,85627,,,26600,5,,False
2020,Ford,f-150,xlt,8,flex,159598,,,12000,6,,False
2021,Ford,f-150,xlt,6,gasoline,137317,,,27500,5,,False
2023,Ford,f-150,xlt,6,gasoline,45928,,,48400,3,,False
2022,Ford,f-150,xlt,6,gasoline,121049,,,34400,4,,False
2023,Ford,f-150,xlt,6,gasoline,46692,,,46000,3,,False
2023,Ford,f-150,xlt,6,gasoline,45698,,,40000,3,,False
2021,Ford,f-150,xlt,6,gasoline,161078,,,24250,5,,False
2023,Ford,f-150,xlt,6,gasoline,41116,,,46000,3,,False
2023,Ford,f-150,lariat,6,gasoline,25842,,,60750,3,,False
2023,Ford,f-150,lariat,6,gasoline,24483,,,58000,3,,False
2023,Ford,f-150,xlt,6,gasoline,48587,,,47700,3,,False
2022,Ford,f-150,lariat,6,gasoline,149768,,,26250,4,,False
2013,Ford,f-150,no_mention,8,flex,191098,,,3200,13,,False
2014,Ford,f-150,xlt,8,flex,158187,,,6000,12,,False
2023,Ford,f-150,xlt,6,gasoline,48847,,,49300,3,,False
2021,Ford,f-150,xlt,6,gasoline,117353,,,31400,5,,False
2010,Ford,f-150,no_mention,8,gasoline,168921,,,3300,16,,False
2017,Ford,f-150,no_mention,6,gasoline,228925,,,13500,9,,False
2023,Ford,f-150,lariat,6,gasoline,78932,,,53700,3,,False
2017,Ford,f-150,xlt,6,gasoline,179107,,,16900,9,,False
2021,Ford,f-150,xlt,6,gasoline,79016,,,33800,5,,False
2023,Ford,f-150,no_mention,6,gasoline,100141,,,50800,3,,False
2020,Ford,f-150,no_mention,6,gasoline,149490,,,30000,6,,False
2016,Ford,f-150,no_mention,8,flex,141295,,,30700,10,,False
2023,Ford,f-150,tremor,6,gasoline,32304,,,64900,3,,False
2023,Ford,f-150,no_mention,6,gasoline,19237,,,49000,3,,False
2023,Ford,f-150,lariat,6,gasoline,100650,,,49800,3,,False
2024,Ford,f-150,no_mention,6,gasoline,19417,,,47100,2,,False
2019,Ford,f-150,no_mention,6,gasoline,143506,,,26800,7,,False
2023,Ford,f-150,no_mention,6,gasoline,42642,,,65400,3,,False
2019,Ford,f-150,lariat,6,gasoline,189328,,,23000,7,,False
2015,Ford,f-150,no_mention,8,flex,273141,,,8700,11,,False
2021,Ford,f-150,no_mention,6,gasoline,135369,,,30000,5,,False
2018,Ford,f-150,xlt,6,gasoline,187282,,,18000,8,,False
2016,Ford,f-150,xlt,6,flex,281664,,,6500,10,,False
2022,Ford,f-150,xlt,6,gasoline,142452,,,27000,4,,False
2020,Ford,f-150,no_mention,6,flex,63450,,,30800,6,,False
2023,Ford,f-150,xlt,8,flex,21568,,,43000,3,,False
2021,Ford,f-150,lariat,6,gasoline,106976,,,37000,5,,False
2022,Ford,f-150,xlt,6,gasoline,61402,,,32800,4,,False
2022,Ford,f-150,xlt,6,gasoline,83504,,,39500,4,,False
2023,Ford,f-150,no_mention,6,gasoline,60994,,,37750,3,,False
2019,Ford,f-150,lariat,6,gasoline,80857,,,36500,7,,False
2023,Ford,f-150,xlt,6,gasoline,26811,,,36800,3,,False
2020,Ford,f-150,xlt,6,gasoline,172116,,,17000,6,,False
2019,Ford,f-150,xlt,6,gasoline,144987,,,24900,7,,False
2018,Ford,f-150,platinum,8,flex,282537,,,13750,8,,False
2019,Ford,f-150,xlt,8,flex,181988,,,18500,7,,False
2023,Ford,f-150,tremor,6,gasoline,98517,,,53750,3,,False
2019,Ford,f-150,xlt,6,flex,195013,,,14750,7,,False
2021,Ford,f-150,xl,6,flex,129332,,,25600,5,,False
2017,Ford,f-150,xlt,6,gasoline,281930,,,6000,9,,False
2018,Ford,f-150,xlt,6,gasoline,106787,,,26000,8,,False
2017,Ford,f-150,xlt,6,gasoline,170870,,,17000,9,,False
2019,Ford,f-150,lariat,6,gasoline,111716,,,30500,7,,False
2018,Ford,f-150,xl,8,flex,53413,,,18300,8,,False
2020,Ford,f-150,xl,6,flex,181312,,,10000,6,,False
2019,Ford,f-150,xlt,6,flex,90209,,,16250,7,,False
2019,Ford,f-150,xl,6,flex,41296,,,22800,7,,False
2023,Ford,f-150,xlt,6,hybrid,34601,,,52400,3,,False
2023,Ford,f-150,xlt,6,hybrid,83176,,,36100,3,,False
2015,Ford,f-150,lariat,8,flex,203734,,,18700,11,,False
2016,Ford,f-150,xlt,8,flex,106345,,,16900,10,,False
2023,Ford,f-150,xlt,6,gasoline,37584,,,46300,3,,False
2022,Ford,f-150,lariat,6,gasoline,82429,,,38200,4,,False
2023,Ford,f-150,lariat,6,gasoline,27603,,,60500,3,,False
2023,Ford,f-150,xlt,6,gasoline,69998,,,40100,3,,False
2023,Ford,f-150,limited,6,hybrid,70106,,,61000,3,,False
2023,Ford,f-150,lariat,6,hybrid,56671,,,56100,3,,False
2023,Ford,f-150,lariat,6,hybrid,46469,,,59600,3,,False
2023,Ford,f-150,xlt,8,flex,27199,,,42000,3,,False
2018,Ford,f-150,xlt,8,flex,26638,,,33600,8,,False
2021,Ford,f-150,xlt,8,flex,97402,,,36500,5,,False
2018,Ford,f-150,lariat,8,flex,67625,,,35250,8,,False
2023,Ford,f-150,xlt,8,flex,109370,,,35200,3,,False
2020,Ford,f-150,xlt,8,flex,96008,,,35500,6,,False
2019,Ford,f-150,xlt,8,flex,182963,,,19750,7,,False
2019,Ford,f-150,xlt,8,flex,115750,,,26500,7,,False
2021,Ford,f-150,xlt,8,flex,161568,,,19000,5,,False
2020,Ford,f-150,xlt,8,flex,134735,,,20750,6,,False
2021,Ford,f-150,xlt,8,flex,171320,,,20600,5,,False
2024,Ford,f-150,xlt,6,gasoline,20357,,,57250,2,,False
2018,Ford,f-150,xl,6,flex,289843,,,4250,8,,False
2020,Ford,f-150,xl,6,flex,142505,,,19000,6,,False
2020,Ford,f-150,xlt,6,flex,179058,,,11000,6,,False
2019,Ford,f-150,xl,6,gasoline,198515,,,14400,7,,False
2018,Ford,f-150,xl,6,gasoline,113395,,,17500,8,,False
2021,Ford,f-150,xlt,6,diesel,296498,,,12500,5,,False
2019,Ford,f-150,king ranch,6,gasoline,72447,,,39000,7,,False
2017,Ford,f-150,lariat,6,gasoline,199016,,,13400,9,,False
2017,Ford,f-150,xlt,6,gasoline,112722,,,23200,9,,False
2024,Ford,f-150,xlt,8,gasoline,28967,,,51000,2,,False
2024,Ford,f-150,tremor,6,gasoline,30299,,,68500,2,,False
2024,Ford,f-150,lariat,8,gasoline,26975,,,68100,2,,False
2024,Ford,f-150,lariat,6,gasoline,33714,,,63250,2,,False
2024,Ford,f-150,lariat,6,gasoline,40349,,,61600,2,,False
2024,Ford,f-150,lariat,6,hybrid,67406,,,59300,2,,False
2017,Ford,f-150,xlt,8,flex,78735,,,23600,9,,False
2021,Ford,f-150,lariat,6,gasoline,82886,,,40000,5,,False
2022,Ford,f-150,xlt,6,gasoline,33642,,,44000,4,,False
2023,Ford,f-150,xlt,6,gasoline,35661,,,48750,3,,False
2023,Ford,f-150,lariat,6,gasoline,62478,,,58000,3,,False
2023,Ford,f-150,xlt,6,gasoline,44241,,,42900,3,,False
2022,Ford,f-150,lariat,6,gasoline,33997,,,48000,4,,False
2022,Ford,f-150,lariat,6,gasoline,72108,,,42000,4,,False
2023,Ford,f-150,lariat,6,gasoline,28053,,,60000,3,,False
2023,Ford,f-150,xlt,6,gasoline,80414,,,37500,3,,False
2023,Ford,f-150,xlt,6,gasoline,52492,,,48500,3,,False
2023,Ford,f-150,xlt,6,gasoline,72641,,,44250,3,,False
2023,Ford,f-150,xlt,6,gasoline,46728,,,42000,3,,False
2023,Ford,f-150,xl,6,gasoline,57775,,,44500,3,,False
2022,Ford,f-150,xlt,6,gasoline,64273,,,45500,4,,False
2023,Ford,f-150,lariat,6,gasoline,29541,,,59000,3,,False
2023,Ford,f-150,xlt,6,gasoline,39574,,,44750,3,,False
2022,Ford,f-150,xlt,6,gasoline,136684,,,25000,4,,False
2023,Ford,f-150,xlt,6,gasoline,72854,,,39700,3,,False
2019,Ford,f-150,xlt,6,gasoline,181328,,,13100,7,,False
2015,Ford,f-150,xlt,6,flex,186345,,,12100,11,,False
2023,Ford,f-150,no_mention,6,gasoline,121000,,,47000,3,,False
2019,Ford,f-150,limited,6,gasoline,166800,,,32000,7,,False
2016,Ford,f-150,no_mention,6,gasoline,182431,,,16000,10,,False
2017,Ford,f-150,no_mention,8,flex,221376,,,6800,9,,False
2018,Ford,f-150,xlt,6,gasoline,147965,,,19500,8,,False
2024,Ford,f-150,xlt,6,gasoline,36116,,,55900,2,,False
2020,Ford,f-150,lariat,8,flex,108029,,,40800,6,,False
2016,Ford,f-150,no_mention,6,gasoline,218462,,,14000,10,,False
2021,Ford,f-150,lariat,6,gasoline,47045,,,44100,5,,False
2014,Ford,f-150,no_mention,6,gasoline,203948,,,9600,12,,False
2013,Ford,f-150,no_mention,6,gasoline,173446,,,4400,13,,False
2019,Ford,f-150,no_mention,6,gasoline,66850,,,40000,7,,False
2021,Ford,f-150,xlt,6,gasoline,95843,,,33500,5,,False
2024,Ford,f-150,raptor,6,gasoline,16925,,,95300,2,,False
2017,Ford,f-150,xlt,6,flex,167669,,,16500,9,,False
2016,Ford,f-150,no_mention,8,flex,232276,,,15300,10,,False
2018,Ford,f-150,xlt,6,gasoline,197675,,,17800,8,,False
2018,Ford,f-150,no_mention,8,flex,142941,,,20200,8,,False
2010,Ford,f-150,lariat,8,flex,138165,,,3000,16,,False
2022,Ford,f-150,lariat,6,gasoline,65441,,,40000,4,,False
2023,Ford,f-150,lariat,6,gasoline,30971,,,57000,3,,False
2023,Ford,f-150,xlt,6,gasoline,24840,,,48750,3,,False
2019,Ford,f-150,lariat,6,gasoline,171618,,,23000,7,,False
2022,Ford,f-150,xlt,6,gasoline,53077,,,28800,4,,False
2023,Ford,f-150,lariat,6,gasoline,50139,,,53500,3,,False
2023,Ford,f-150,xlt,6,gasoline,52426,,,43500,3,,False
2023,Ford,f-150,lariat,6,gasoline,54751,,,52750,3,,False
2023,Ford,f-150,lariat,6,gasoline,44028,,,55250,3,,False
2017,Ford,f-150,lariat,6,gasoline,153016,,,20100,9,,False
2022,Ford,f-150,lariat,6,gasoline,42166,,,44500,4,,False
2018,Ford,f-150,xlt,6,gasoline,135738,,,20900,8,,False
2021,Ford,f-150,xlt,6,gasoline,113075,,,23000,5,,False
2023,Ford,f-150,lariat,6,gasoline,30977,,,55500,3,,False
2023,Ford,f-150,lariat,6,gasoline,29626,,,56000,3,,False
2023,Ford,f-150,xlt,6,gasoline,30078,,,53000,3,,False
2020,Ford,f-150,xlt,6,gasoline,174590,,,19400,6,,False
2022,Ford,f-150,xlt,6,gasoline,69219,,,32800,4,,False
2022,Ford,f-150,xlt,6,gasoline,62314,,,30200,4,,False
2020,Ford,f-150,lariat,6,gasoline,66927,,,34400,6,,False
2022,Ford,f-150,lariat,6,gasoline,47762,,,44250,4,,False
2023,Ford,f-150,lariat,6,gasoline,42062,,,54750,3,,False
2023,Ford,f-150,lariat,6,gasoline,30216,,,56000,3,,False
2023,Ford,f-150,lariat,6,gasoline,45222,,,53000,3,,False
2023,Ford,f-150,lariat,6,gasoline,50114,,,55000,3,,False
2018,Ford,f-150,xlt,6,gasoline,98166,,,24100,8,,False
2021,Ford,f-150,lariat,6,gasoline,112133,,,31600,5,,False
2022,Ford,f-150,lariat,6,gasoline,55263,,,44750,4,,False
2023,Ford,f-150,lariat,6,gasoline,39971,,,55000,3,,False
2023,Ford,f-150,lariat,6,gasoline,67580,,,49750,3,,False
2023,Ford,f-150,lariat,6,gasoline,67645,,,51000,3,,False
2023,Ford,f-150,lariat,6,gasoline,46905,,,53250,3,,False
2023,Ford,f-150,lariat,6,gasoline,43209,,,56800,3,,False
2023,Ford,f-150,lariat,6,gasoline,66119,,,51000,3,,False
2023,Ford,f-150,xl,6,gasoline,43547,,,53250,3,,False
2023,Ford,f-150,lariat,6,gasoline,31910,,,54000,3,,False
2022,Ford,f-150,lariat,6,gasoline,51890,,,40750,4,,False
2023,Ford,f-150,lariat,6,gasoline,23841,,,56000,3,,False
2022,Ford,f-150,lariat,6,gasoline,64907,,,38250,4,,False
2022,Ford,f-150,lariat,6,gasoline,74413,,,36600,4,,False
2019,Ford,f-150,xlt,6,gasoline,249940,,,6100,7,,False
2018,Ford,f-150,xlt,8,flex,127088,,,17000,8,,False
2018,Ford,f-150,xlt,8,flex,242905,,,6500,8,,False
2019,Ford,f-150,xlt,8,flex,145961,,,19200,7,,False
2023,Ford,f-150,tremor,6,gasoline,70488,,,58000,3,,False
2019,Ford,f-150,limited,6,gasoline,171372,,,25000,7,,False
2021,Ford,f-150,lariat,8,flex,250743,,,14000,5,,False
2021,Ford,f-150,lariat,6,gasoline,143909,,,29800,5,,False
2023,Ford,f-150,xlt,6,gasoline,176429,,,26200,3,,False
2010,Ford,f-150,xlt,8,flex,105016,,,9350,16,,False
2024,Ford,f-150,xlt,6,gasoline,123233,,,31900,2,,False
2020,Ford,f-150,no_mention,6,gasoline,111948,,,21600,6,,False
2022,Ford,f-150,xlt,6,hybrid,133171,,,26600,4,,False
2021,Ford,f-150,lariat,6,hybrid,105668,,,38250,5,,False
2022,Ford,f-150,lariat,6,hybrid,67733,,,45200,4,,False
2023,Ford,f-150,lariat,6,hybrid,74349,,,53750,3,,False
2022,Ford,f-150,xlt,6,gasoline,93006,,,31500,4,,False
2022,Ford,f-150,xlt,6,gasoline,62999,,,34750,4,,False
2023,Ford,f-150,xlt,6,gasoline,55214,,,37750,3,,False
2023,Ford,f-150,lariat,6,gasoline,52357,,,57250,3,,False
2021,Ford,f-150,lariat,6,hybrid,132318,,,34750,5,,False
2023,Ford,f-150,xlt,6,hybrid,29963,,,30800,3,,False
2022,Ford,f-150,lariat,6,hybrid,140372,,,19250,4,,False
2019,Ford,f-150,xlt,8,flex,150051,,,12500,7,,False
2023,Ford,f-150,king ranch,8,flex,87687,,,43800,3,,False
2023,Ford,f-150,lariat,8,flex,43233,,,57000,3,,False
2019,Ford,f-150,xlt,8,flex,217636,,,9200,7,,False
2023,Ford,f-150,lariat,8,flex,9409,,,62250,3,,False
2023,Ford,f-150,lariat,8,flex,33974,,,60250,3,,False
2022,Ford,f-150,xlt,8,flex,165974,,,15200,4,,False
2022,Ford,f-150,lariat,8,flex,72128,,,45500,4,,False
2022,Ford,f-150,xlt,8,flex,173790,,,17000,4,,False
2021,Ford,f-150,xlt,8,flex,206297,,,14000,5,,False
2023,Ford,f-150,lariat,8,flex,48206,,,56750,3,,False
2023,Ford,f-150,xlt,8,flex,62584,,,36800,3,,False
2018,Ford,f-150,xlt,8,flex,166078,,,17300,8,,False
2023,Ford,f-150,lariat,6,gasoline,91345,,,41500,3,,False
2023,Ford,f-150,lariat,6,gasoline,61282,,,51750,3,,False
2023,Ford,f-150,lariat,6,gasoline,56667,,,53500,3,,False
2023,Ford,f-150,lariat,6,gasoline,45939,,,53500,3,,False
2024,Ford,f-150,no_mention,6,gasoline,22537,,,48000,2,,False
2024,Ford,f-150,xlt,6,gasoline,45147,,,45200,2,,False
2018,Ford,f-150,xlt,6,gasoline,113156,,,18200,8,,False
2021,Ford,f-150,no_mention,6,flex,125251,,,27200,5,,False
2018,Ford,f-150,xlt,6,flex,234281,,,9750,8,,False
2018,Ford,f-150,xl,6,gasoline,158039,,,15000,8,,False
2020,Ford,f-150,xlt,6,gasoline,186274,,,19300,6,,False
2018,Ford,f-150,xlt,6,gasoline,86309,,,27200,8,,False
2024,Ford,f-150,xlt,6,gasoline,36081,,,56500,2,,False
2024,Ford,f-150,xlt,6,hybrid,6846,,,63000,2,,False
2024,Ford,f-150,platinum,6,hybrid,13094,,,85000,2,,False
2024,Ford,f-150,platinum,6,hybrid,9086,,,88750,2,,False
2020,Ford,f-150,xlt,6,gasoline,93602,,,23250,6,,False
2023,Ford,f-150,xlt,6,gasoline,120097,,,30600,3,,False
2022,Ford,f-150,xlt,6,gasoline,80975,,,26500,4,,False
2022,Ford,f-150,xlt,6,gasoline,162786,,,15100,4,,False
2023,Ford,f-150,lariat,6,gasoline,36807,,,49400,3,,False
2022,Ford,f-150,xlt,6,gasoline,59647,,,25250,4,,False
2022,Ford,f-150,lariat,6,gasoline,60884,,,39000,4,,False
2022,Ford,f-150,lariat,6,gasoline,54206,,,48250,4,,False
2023,Ford,f-150,lariat,6,gasoline,64930,,,52000,3,,False
2023,Ford,f-150,xlt,6,gasoline,91086,,,32000,3,,False
2023,Ford,f-150,king ranch,6,gasoline,29361,,,58500,3,,False
2023,Ford,f-150,xlt,6,gasoline,82716,,,45600,3,,False
2022,Ford,f-150,xlt,6,gasoline,93265,,,28600,4,,False
2022,Ford,f-150,xlt,6,gasoline,113867,,,30000,4,,False
2023,Ford,f-150,xlt,6,gasoline,46242,,,48600,3,,False
2023,Ford,f-150,xlt,6,gasoline,70770,,,32400,3,,False
2023,Ford,f-150,lariat,6,gasoline,49814,,,57500,3,,False
2023,Ford,f-150,xlt,6,gasoline,70025,,,38200,3,,False
2022,Ford,f-150,xlt,6,gasoline,98418,,,30000,4,,False
2023,Ford,f-150,xlt,6,gasoline,56222,,,47500,3,,False
2023,Ford,f-150,xlt,6,gasoline,149451,,,29400,3,,False
2022,Ford,f-150,xlt,6,gasoline,66052,,,28200,4,,False
2023,Ford,f-150,lariat,6,gasoline,40257,,,57500,3,,False
2023,Ford,f-150,lariat,6,gasoline,121667,,,45200,3,,False
2021,Ford,f-150,xlt,6,gasoline,59209,,,20200,5,,False
2022,Ford,f-150,lariat,6,gasoline,41741,,,42750,4,,False
2023,Ford,f-150,xl,6,gasoline,41512,,,34600,3,,False
2022,Ford,f-150,xlt,6,gasoline,70139,,,43500,4,,False
2022,Ford,f-150,lariat,6,gasoline,57191,,,46500,4,,False
2017,Ford,f-150,no_mention,6,gasoline,216856,,,14500,9,,False
2024,Ford,f-150,lariat,6,gasoline,22544,,,69000,2,,False
2023,Ford,f-150,king ranch,6,gasoline,57321,,,56500,3,,False
2014,Ford,f-150,no_mention,8,flex,142644,,,8200,12,,False
2018,Ford,f-150,xlt,6,gasoline,141009,,,22200,8,,False
2011,Ford,f-150,xlt,6,flex,201264,,,6600,15,,False
2014,Ford,f-150,no_mention,6,gasoline,98388,,,20600,12,,False
2023,Ford,f-150,no_mention,6,gasoline,16887,,,44100,3,,False
2017,Ford,f-150,no_mention,6,gasoline,226500,,,10500,9,,False
2018,Ford,f-150,xlt,6,gasoline,97984,,,26000,8,,False
2021,Ford,f-150,lariat,6,gasoline,45675,,,43000,5,,False
2019,Ford,f-150,xlt,8,flex,145049,,,22800,7,,False
2021,Ford,f-150,lariat,6,hybrid,80079,,,32500,5,,False
2017,Ford,f-150,lariat,6,gasoline,151409,,,19600,9,,False
2019,Ford,f-150,xlt,8,flex,140282,,,20700,7,,False
2018,Ford,f-150,xlt,8,flex,196837,,,18600,8,,False
2022,Ford,f-150,no_mention,6,gasoline,73000,,,36000,4,,False
2020,Ford,f-150,no_mention,6,gasoline,138942,,,35300,6,,False
2023,Ford,f-150,xlt,6,gasoline,33165,,,48500,3,,False
2018,Ford,f-150,no_mention,6,gasoline,141518,,,22400,8,,False
2023,Ford,f-150,no_mention,6,gasoline,74911,,,36100,3,,False
2022,Ford,f-150,xlt,6,gasoline,183523,,,21500,4,,False
2020,Ford,f-150,xlt,8,flex,215196,,,13800,6,,False
2021,Ford,f-150,xl,6,flex,178058,,,18600,5,,False
2023,Ford,f-150,lariat,6,gasoline,48970,,,58400,3,,False
2017,Ford,f-150,xlt,6,gasoline,168443,,,17000,9,,False
2014,Ford,f-150,no_mention,6,gasoline,125046,,,13200,12,,False
2024,Ford,f-150,xlt,6,gasoline,48262,,,51200,2,,False
2022,Ford,f-150,xlt,6,gasoline,109679,,,35000,4,,False
2022,Ford,f-150,xl,6,gasoline,120069,,,33000,4,,False
2016,Ford,f-150,no_mention,8,flex,178842,,,18900,10,,False
2022,Ford,f-150,no_mention,6,gasoline,61444,,,49500,4,,False
2020,Ford,f-150,xlt,6,gasoline,131588,,,31000,6,,False
2018,Ford,f-150,xlt,8,flex,200394,,,15700,8,,False
2022,Ford,f-150,no_mention,6,hybrid,55590,,,45600,4,,False
2015,Ford,f-150,no_mention,6,gasoline,170568,,,14000,11,,False
2013,Ford,f-150,no_mention,8,flex,199680,,,9700,13,,False
2022,Ford,f-150,no_mention,6,hybrid,50269,,,38000,4,,False
2024,Ford,f-150,no_mention,6,gasoline,16134,,,48000,2,,False
2023,Ford,f-150,xlt,6,gasoline,32247,,,53400,3,,False
2020,Ford,f-150,xlt,8,flex,149101,,,24500,6,,False
2018,Ford,f-150,limited,6,gasoline,102546,,,32900,8,,False
2023,Ford,f-150,xlt,6,gasoline,37500,,,48900,3,,False
2013,Ford,f-150,no_mention,6,gasoline,208709,,,6200,13,,False
2018,Ford,f-150,lariat,6,gasoline,163851,,,22800,8,,False
2018,Ford,f-150,no_mention,6,gasoline,133044,,,21000,8,,False
2023,Ford,f-150,lariat,6,gasoline,27408,,,54800,3,,False
2023,Ford,f-150,lariat,6,gasoline,33387,,,55900,3,,False
2019,Ford,f-150,limited,6,gasoline,166720,,,28700,7,,False
2017,Ford,f-150,xlt,8,flex,88692,,,27500,9,,False
2023,Ford,f-150,xlt,6,flex,79926,,,30000,3,,False
2019,Ford,f-150,xlt,6,gasoline,119013,,,27900,7,,False
2023,Ford,f-150,xlt,6,gasoline,16673,,,49500,3,,False
2023,Ford,f-150,xlt,6,gasoline,79140,,,36000,3,,False
2019,Ford,f-150,xlt,6,gasoline,158822,,,24800,7,,False
2022,Ford,f-150,xlt,6,gasoline,149206,,,27300,4,,False
2022,Ford,f-150,xlt,6,gasoline,165227,,,22600,4,,False
2019,Ford,f-150,xlt,6,gasoline,167590,,,18600,7,,False
2021,Ford,f-150,xlt,6,gasoline,128400,,,28900,5,,False
2020,Ford,f-150,xlt,6,gasoline,88857,,,32750,6,,False
2020,Ford,f-150,xlt,8,flex,168015,,,23000,6,,False
2018,Ford,f-150,lariat,8,flex,281224,,,16000,8,,False
2019,Ford,f-150,xlt,8,flex,170216,,,25250,7,,False
2018,Ford,f-150,lariat,8,flex,233507,,,20000,8,,False
2018,Ford,f-150,xlt,8,flex,172293,,,18100,8,,False
2022,Ford,f-150,xlt,6,flex,175928,,,24700,4,,False
2023,Ford,f-150,xlt,6,flex,32315,,,41500,3,,False
2017,Ford,f-150,xlt,8,flex,115513,,,24000,9,,False
2015,Ford,f-150,lariat,8,flex,280444,,,6700,11,,False
2016,Ford,f-150,xlt,8,flex,125658,,,21600,10,,False
2015,Ford,f-150,lariat,6,gasoline,130726,,,24000,11,,False
2018,Ford,f-150,xlt,6,gasoline,179879,,,18000,8,,False
2020,Ford,f-150,xlt,6,gasoline,115585,,,31600,6,,False
2011,Ford,f-150,xlt,8,flex,213736,,,3700,15,,False
2019,Ford,f-150,xl,6,flex,265695,,,4400,7,,False
2014,Ford,f-150,fx4,8,flex,297329,,,6200,12,,False
2016,Ford,f-150,xlt,8,flex,221197,,,13100,10,,False
2018,Ford,f-150,xlt,8,flex,216064,,,9300,8,,False
2023,Ford,f-150,xlt,6,gasoline,22787,,,46800,3,,False
2021,Ford,f-150,lariat,6,gasoline,94936,,,40600,5,,False
2023,Ford,f-150,lariat,6,hybrid,35650,,,58800,3,,False
2021,Ford,f-150,no_mention,6,hybrid,53936,,,53000,5,,False
2022,Ford,f-150,lariat,8,flex,64079,,,46000,4,,False
2018,Ford,f-150,xlt,8,flex,215441,,,15400,8,,False
2021,Ford,f-150,xlt,8,flex,74218,,,37000,5,,False
2019,Ford,f-150,xlt,8,flex,223037,,,15700,7,,False
2023,Ford,f-150,lariat,6,gasoline,37459,,,42200,3,,False
2018,Ford,f-150,xl,6,flex,175955,,,6500,8,,False
2018,Ford,f-150,xlt,8,flex,227882,,,15000,8,,False
2017,Ford,f-150,xlt,6,flex,143339,,,14300,9,,False
2018,Ford,f-150,xlt,6,flex,162031,,,5500,8,,False
2018,Ford,f-150,king ranch,6,diesel,201145,,,19400,8,,False
2020,Ford,f-150,xlt,6,gasoline,113617,,,28900,6,,False
2013,Ford,f-150,xlt,6,gasoline,268009,,,5050,13,,False
2014,Ford,f-150,xlt,6,gasoline,227223,,,5600,12,,False
2013,Ford,f-150,raptor,8,gasoline,207866,,,22000,13,,False
2024,Ford,f-150,xlt,8,gasoline,62794,,,49000,2,,False
2024,Ford,f-150,xlt,6,gasoline,32394,,,44200,2,,False
2024,Ford,f-150,lariat,8,gasoline,12533,,,62900,2,,False
2024,Ford,f-150,king ranch,6,hybrid,16137,,,82000,2,,False
2024,Ford,f-150,platinum,6,gasoline,13056,,,79600,2,,False
2018,Ford,f-150,xlt,8,flex,208666,,,14750,8,,False
2022,Ford,f-150,xlt,6,gasoline,187697,,,20900,4,,False
2022,Ford,f-150,xlt,6,gasoline,47623,,,40500,4,,False
2022,Ford,f-150,xlt,6,gasoline,58617,,,38000,4,,False
2022,Ford,f-150,xlt,6,gasoline,185436,,,29000,4,,False
2023,Ford,f-150,xlt,6,gasoline,18083,,,48500,3,,False
2022,Ford,f-150,xlt,6,gasoline,172647,,,22600,4,,False
2021,Ford,f-150,limited,6,gasoline,51377,,,56000,5,,False
2022,Ford,f-150,no_mention,6,gasoline,25862,,,56000,4,,False
2022,Ford,f-150,xl,6,gasoline,125657,,,29500,4,,False
2022,Ford,f-150,lariat,6,gasoline,38398,,,41750,4,,False
2021,Ford,f-150,no_mention,8,flex,61543,,,36200,5,,False
2022,Ford,f-150,no_mention,6,gasoline,57038,,,52300,4,,False
2023,Ford,f-150,lariat,6,gasoline,22458,,,58100,3,,False
2011,Ford,f-150,no_mention,8,flex,166839,,,12600,15,,False
2023,Ford,f-150,tremor,6,gasoline,44460,,,62500,3,,False
2011,Ford,f-150,no_mention,8,flex,210389,,,6300,15,,False
2020,Ford,f-150,no_mention,6,gasoline,112866,,,28400,6,,False
2020,Ford,f-150,no_mention,8,flex,151649,,,24000,6,,False
2017,Ford,f-150,limited,6,gasoline,152780,,,27000,9,,False
2022,Ford,f-150,xlt,6,hybrid,106725,,,38100,4,,False
2021,Ford,f-150,no_mention,8,flex,94440,,,43200,5,,False
2018,Ford,f-150,no_mention,6,gasoline,158633,,,23900,8,,False
2024,Ford,f-150,tremor,6,gasoline,15035,,,67300,2,,False
2023,Ford,f-150,xlt,6,gasoline,103087,,,37600,3,,False
2025,Ford,f-150,lariat,6,hybrid,19996,,,70900,1,,False
2018,Ford,f-150,xlt,6,flex,96009,,,21700,8,,False
2023,Ford,f-150,lariat,6,gasoline,82134,,,47300,3,,False
2024,Ford,f-150,lariat,6,hybrid,29007,,,64600,2,,False
2020,Ford,f-150,no_mention,6,gasoline,113634,,,34900,6,,False
2024,Ford,f-150,xlt,6,gasoline,36574,,,55100,2,,False
2021,Ford,f-150,lariat,6,gasoline,16972,,,43100,5,,False
2024,Ford,f-150,xlt,6,gasoline,20845,,,54500,2,,False
2021,Ford,f-150,limited,6,gasoline,97297,,,45500,5,,False
2019,Ford,f-150,no_mention,6,gasoline,232972,,,17200,7,,False
2024,Ford,f-150,xlt,6,gasoline,16074,,,53900,2,,False
2016,Ford,f-150,no_mention,8,flex,243641,,,15000,10,,False
2018,Ford,f-150,no_mention,6,gasoline,242469,,,10000,8,,False
2023,Ford,f-150,xlt,6,gasoline,19988,,,46600,3,,False
2022,Ford,f-150,xlt,6,gasoline,130721,,,32500,4,,False
2019,Ford,f-150,lariat,6,gasoline,81872,,,36000,7,,False
2022,Ford,f-150,xlt,6,gasoline,151044,,,32800,4,,False
2023,Ford,f-150,xlt,6,gasoline,38506,,,35000,3,,False
2019,Ford,f-150,xlt,6,gasoline,245320,,,11900,7,,False
2021,Ford,f-150,xlt,6,gasoline,121880,,,29750,5,,False
2022,Ford,f-150,lariat,6,gasoline,97118,,,43750,4,,False
2022,Ford,f-150,lariat,6,gasoline,59895,,,43800,4,,False
2022,Ford,f-150,xlt,6,gasoline,64527,,,42750,4,,False
2020,Ford,f-150,xlt,6,gasoline,156203,,,24500,6,,False
2021,Ford,f-150,lariat,6,gasoline,94862,,,37400,5,,False
2018,Ford,f-150,xl,6,gasoline,68179,,,23100,8,,False
2021,Ford,f-150,lariat,6,gasoline,51813,,,44300,5,,False
2018,Ford,f-150,lariat,8,flex,130236,,,29500,8,,False
2018,Ford,f-150,xlt,8,flex,244510,,,6200,8,,False
2023,Ford,f-150,tremor,6,gasoline,50212,,,64750,3,,False
2023,Ford,f-150,tremor,6,gasoline,27256,,,65250,3,,False
2023,Ford,f-150,lariat,6,gasoline,25650,,,53600,3,,False
2021,Ford,f-150,xlt,6,flex,73531,,,33500,5,,False
2021,Ford,f-150,xlt,6,flex,100253,,,32900,5,,False
2021,Ford,f-150,xlt,6,flex,76638,,,33000,5,,False
2021,Ford,f-150,xlt,6,flex,68004,,,25500,5,,False
2018,Ford,f-150,xlt,6,flex,239419,,,6250,8,,False
2021,Ford,f-150,xlt,6,flex,85982,,,33100,5,,False
2016,Ford,f-150,lariat,6,gasoline,142226,,,21000,10,,False
2017,Ford,f-150,xlt,8,flex,166424,,,10250,9,,False
2018,Ford,f-150,xlt,6,gasoline,105880,,,27250,8,,False
2018,Ford,f-150,xlt,6,gasoline,100155,,,27750,8,,False
2018,Ford,f-150,lariat,6,gasoline,48154,,,34500,8,,False
2014,Ford,f-150,xlt,6,flex,200221,,,4500,12,,False
2020,Ford,f-150,xl,6,flex,114588,,,13750,6,,False
2016,Ford,f-150,xlt,8,flex,192774,,,17200,10,,False
2022,Ford,f-150,xlt,6,gasoline,73549,,,37000,4,,False
2022,Ford,f-150,xlt,6,gasoline,145256,,,24500,4,,False
2023,Ford,f-150,lariat,6,hybrid,49805,,,57750,3,,False
2023,Ford,f-150,lariat,6,hybrid,55451,,,56250,3,,False
2021,Ford,f-150,lariat,6,hybrid,127752,,,24000,5,,False
2023,Ford,f-150,lariat,8,flex,79345,,,53500,3,,False
2020,Ford,f-150,xlt,8,flex,182747,,,23000,6,,False
2022,Ford,f-150,xlt,8,flex,71607,,,43500,4,,False
2022,Ford,f-150,no_mention,8,flex,58494,,,42750,4,,False
2023,Ford,f-150,lariat,8,flex,59329,,,55200,3,,False
2021,Ford,f-150,xlt,8,flex,130141,,,30500,5,,False
2023,Ford,f-150,xlt,8,flex,56056,,,45800,3,,False
2021,Ford,f-150,xlt,8,flex,113806,,,26000,5,,False
2022,Ford,f-150,xlt,8,flex,120308,,,31250,4,,False
2020,Ford,f-150,xlt,8,flex,80716,,,33500,6,,False
2022,Ford,f-150,xlt,8,flex,131402,,,32250,4,,False
2023,Ford,f-150,xlt,8,flex,48980,,,49000,3,,False
2023,Ford,f-150,lariat,8,flex,69692,,,55600,3,,False
2020,Ford,f-150,xlt,8,flex,110851,,,30750,6,,False
2021,Ford,f-150,lariat,6,gasoline,125874,,,34000,5,,False
2022,Ford,f-150,xlt,6,gasoline,104965,,,37000,4,,False
2023,Ford,f-150,xlt,6,flex,182413,,,22500,3,,False
2019,Ford,f-150,xlt,6,gasoline,130878,,,27250,7,,False
2015,Ford,f-150,lariat,6,gasoline,170413,,,19000,11,,False
2014,Ford,f-150,fx4,6,gasoline,171778,,,13000,12,,False
2017,Ford,f-150,raptor,6,gasoline,155002,,,39400,9,,False
2024,Ford,f-150,raptor,6,gasoline,15626,,,98600,2,,False
2023,Ford,f-150,raptor,6,gasoline,44246,,,88750,3,,False
2024,Ford,f-150,xlt,6,gasoline,58095,,,50000,2,,False
2024,Ford,f-150,xlt,6,gasoline,16179,,,53500,2,,False
2024,Ford,f-150,lariat,6,gasoline,56430,,,61250,2,,False
2018,Ford,f-150,xlt,8,flex,128182,,,25000,8,,False
2019,Ford,f-150,xlt,8,flex,120914,,,7500,7,,False
2021,Ford,f-150,lariat,6,gasoline,61860,,,47600,5,,False
2023,Ford,f-150,xlt,6,gasoline,74470,,,39500,3,,False
2022,Ford,f-150,xlt,6,gasoline,189304,,,23600,4,,False
2023,Ford,f-150,xlt,6,gasoline,24650,,,49000,3,,False
2023,Ford,f-150,xlt,6,gasoline,31145,,,50500,3,,False
2023,Ford,f-150,lariat,6,gasoline,32903,,,55600,3,,False
2023,Ford,f-150,xlt,6,gasoline,57519,,,47250,3,,False
2023,Ford,f-150,xlt,6,gasoline,53362,,,40300,3,,False
2023,Ford,f-150,xl,6,gasoline,57771,,,45800,3,,False
2023,Ford,f-150,xlt,6,gasoline,39572,,,47500,3,,False
2021,Ford,f-150,xlt,6,gasoline,82651,,,31000,5,,False
2023,Ford,f-150,lariat,6,gasoline,27688,,,59250,3,,False
2023,Ford,f-150,lariat,6,gasoline,39361,,,60600,3,,False
2023,Ford,f-150,xlt,6,gasoline,52912,,,49400,3,,False
2019,Ford,f-150,no_mention,6,gasoline,73583,,,39900,7,,False
2019,Ford,f-150,no_mention,6,gasoline,183718,,,20000,7,,False
2019,Ford,f-150,limited,6,gasoline,103525,,,41000,7,,False
2016,Ford,f-150,xlt,6,gasoline,150808,,,15800,10,,False
2015,Ford,f-150,no_mention,6,gasoline,228482,,,10100,11,,False
2020,Ford,f-150,no_mention,6,gasoline,158957,,,23000,6,,False
2022,Ford,f-150,raptor,6,gasoline,52370,,,77000,4,,False
2016,Ford,f-150,no_mention,8,flex,209430,,,14900,10,,False
2019,Ford,f-150,no_mention,6,gasoline,206741,,,12000,7,,False
2021,Ford,f-150,lariat,6,gasoline,57408,,,37600,5,,False
2023,Ford,f-150,lariat,6,gasoline,26729,,,56750,3,,False
2023,Ford,f-150,xlt,6,gasoline,49352,,,36200,3,,False
2023,Ford,f-150,lariat,6,gasoline,43385,,,49000,3,,False
2023,Ford,f-150,lariat,6,gasoline,35941,,,54750,3,,False
2022,Ford,f-150,lariat,6,gasoline,83378,,,36600,4,,False
2023,Ford,f-150,lariat,6,gasoline,80446,,,45000,3,,False
2023,Ford,f-150,lariat,6,gasoline,49013,,,52500,3,,False
2023,Ford,f-150,lariat,6,gasoline,63122,,,50500,3,,False
2020,Ford,f-150,xlt,6,gasoline,43012,,,35700,6,,False
2022,Ford,f-150,xlt,6,gasoline,194449,,,19800,4,,False
2022,Ford,f-150,lariat,6,gasoline,49006,,,40200,4,,False
2023,Ford,f-150,lariat,6,gasoline,32262,,,54500,3,,False
2023,Ford,f-150,lariat,6,gasoline,44784,,,52000,3,,False
2023,Ford,f-150,xlt,6,gasoline,38619,,,46000,3,,False
2023,Ford,f-150,lariat,6,gasoline,35809,,,54750,3,,False
2023,Ford,f-150,lariat,6,gasoline,77813,,,48000,3,,False
2023,Ford,f-150,lariat,6,gasoline,34590,,,54600,3,,False
2023,Ford,f-150,lariat,6,gasoline,42260,,,53500,3,,False
2023,Ford,f-150,lariat,6,gasoline,34225,,,51000,3,,False
2020,Ford,f-150,lariat,6,gasoline,104980,,,30000,6,,False
2023,Ford,f-150,lariat,6,gasoline,28161,,,56250,3,,False
2019,Ford,f-150,lariat,6,gasoline,164327,,,20000,7,,False
2023,Ford,f-150,no_mention,6,gasoline,81450,,,40500,3,,False
2023,Ford,f-150,lariat,6,gasoline,36683,,,53000,3,,False
2021,Ford,f-150,xlt,6,gasoline,73210,,,35400,5,,False
2023,Ford,f-150,lariat,6,gasoline,64533,,,49500,3,,False
2023,Ford,f-150,xl,6,gasoline,47780,,,39000,3,,False
2020,Ford,f-150,lariat,6,gasoline,69292,,,41200,6,,False
2020,Ford,f-150,xl,6,gasoline,59294,,,44750,6,,False
2018,Ford,f-150,xlt,8,flex,108729,,,16100,8,,False
2019,Ford,f-150,xlt,8,flex,196671,,,11600,7,,False
2020,Ford,f-150,xlt,8,flex,230669,,,12500,6,,False
2018,Ford,f-150,xlt,8,flex,116321,,,16300,8,,False
2022,Ford,f-150,tremor,6,gasoline,66589,,,45000,4,,False
2023,Ford,f-150,tremor,6,gasoline,201271,,,29000,3,,False
2021,Ford,f-150,tremor,6,gasoline,109177,,,44500,5,,False
2023,Ford,f-150,tremor,6,gasoline,18495,,,56600,3,,False
2022,Ford,f-150,xlt,6,flex,192335,,,18000,4,,False
2017,Ford,f-150,xlt,8,flex,160674,,,17500,9,,False
2016,Ford,f-150,xlt,8,flex,207898,,,9700,10,,False
2017,Ford,f-150,xlt,6,gasoline,166445,,,15100,9,,False
2018,Ford,f-150,xlt,6,gasoline,84091,,,28400,8,,False
2017,Ford,f-150,xlt,6,gasoline,43993,,,27100,9,,False
2022,Ford,f-150,limited,6,gasoline,90502,,,50600,4,,False
2018,Ford,f-150,xlt,6,gasoline,162046,,,9600,8,,False
2012,Ford,f-150,fx4,6,gasoline,245840,,,4900,14,,False
2013,Ford,f-150,xlt,8,flex,111787,,,10900,13,,False
2014,Ford,f-150,xlt,8,flex,216101,,,5800,12,,False
2023,Ford,f-150,xlt,6,gasoline,66368,,,47250,3,,False
2023,Ford,f-150,lariat,6,hybrid,32749,,,59500,3,,False
2022,Ford,f-150,xlt,6,hybrid,53373,,,36800,4,,False
2021,Ford,f-150,lariat,6,hybrid,82426,,,35000,5,,False
2021,Ford,f-150,xlt,6,hybrid,51630,,,30200,5,,False
2022,Ford,f-150,xlt,8,flex,130222,,,28000,4,,False
2023,Ford,f-150,lariat,8,flex,66114,,,52000,3,,False
2021,Ford,f-150,xlt,8,flex,150151,,,29000,5,,False
2022,Ford,f-150,xlt,8,flex,194853,,,17200,4,,False
2023,Ford,f-150,lariat,6,gasoline,48375,,,49400,3,,False
2021,Ford,f-150,lariat,6,gasoline,47561,,,38400,5,,False
2023,Ford,f-150,xlt,6,gasoline,49545,,,35800,3,,False
2023,Ford,f-150,lariat,6,gasoline,49196,,,53400,3,,False
2024,Ford,f-150,no_mention,6,gasoline,16007,,,48000,2,,False
2024,Ford,f-150,no_mention,6,gasoline,15532,,,46400,2,,False
2024,Ford,f-150,no_mention,6,gasoline,21454,,,45000,2,,False
2024,Ford,f-150,xlt,6,gasoline,41781,,,48000,2,,False
2024,Ford,f-150,xlt,6,gasoline,10307,,,57750,2,,False
2024,Ford,f-150,xlt,6,gasoline,15996,,,54750,2,,False
2017,Ford,f-150,xlt,6,flex,223526,,,7700,9,,False
2021,Ford,f-150,xlt,6,flex,155351,,,22100,5,,False
2020,Ford,f-150,xlt,6,gasoline,148905,,,19500,6,,False
2018,Ford,f-150,xlt,6,gasoline,121203,,,24000,8,,False
2018,Ford,f-150,no_mention,6,gasoline,220204,,,19500,8,,False
2018,Ford,f-150,lariat,6,gasoline,172448,,,24200,8,,False
2024,Ford,f-150,raptor,6,gasoline,30041,,,99500,2,,False
2024,Ford,f-150,xlt,6,gasoline,14642,,,51250,2,,False
2024,Ford,f-150,tremor,6,gasoline,20567,,,65750,2,,False
2024,Ford,f-150,lariat,8,gasoline,44550,,,58250,2,,False
2024,Ford,f-150,king ranch,6,hybrid,18691,,,88500,2,,False
2024,Ford,f-150,king ranch,6,hybrid,12264,,,85500,2,,False
2022,Ford,f-150,xlt,6,gasoline,49449,,,45400,4,,False
2023,Ford,f-150,lariat,6,gasoline,101128,,,44750,3,,False
2022,Ford,f-150,king ranch,6,gasoline,106157,,,45250,4,,False
2023,Ford,f-150,xlt,6,gasoline,113077,,,31750,3,,False
2022,Ford,f-150,xlt,6,gasoline,46370,,,46100,4,,False
2023,Ford,f-150,xlt,6,gasoline,88811,,,38600,3,,False
2021,Ford,f-150,lariat,6,gasoline,75239,,,34000,5,,False
2023,Ford,f-150,xlt,6,gasoline,59398,,,39000,3,,False
2023,Ford,f-150,xlt,6,gasoline,48254,,,36250,3,,False
2023,Ford,f-150,xlt,6,gasoline,56792,,,44200,3,,False
2023,Ford,f-150,xlt,6,gasoline,59270,,,44300,3,,False
2023,Ford,f-150,xlt,6,gasoline,101300,,,34900,3,,False
2023,Ford,f-150,xlt,6,gasoline,27515,,,46000,3,,False
2023,Ford,f-150,lariat,6,gasoline,46022,,,56500,3,,False
2022,Ford,f-150,lariat,6,gasoline,54115,,,46000,4,,False
2014,Ford,f-150,no_mention,6,flex,224347,,,3600,12,,False
2023,Ford,f-150,raptor,6,gasoline,15810,,,88000,3,,False
2016,Ford,f-150,no_mention,6,gasoline,240371,,,9900,10,,False
2018,Ford,f-150,xlt,6,gasoline,163192,,,20600,8,,False
2018,Ford,f-150,lariat,6,diesel,192073,,,15700,8,,False
2018,Ford,f-150,no_mention,6,gasoline,166056,,,24300,8,,False
2024,Ford,f-150,xlt,8,gasoline,33068,,,50000,2,,False
2024,Ford,f-150,xlt,6,gasoline,34189,,,49700,2,,False
2023,Ford,f-150,xlt,6,gasoline,57766,,,44500,3,,False
2019,Ford,f-150,no_mention,8,flex,132401,,,26700,7,,False
2022,Ford,f-150,no_mention,6,gasoline,73015,,,46000,4,,False
2014,Ford,f-150,no_mention,6,gasoline,224313,,,5300,12,,False
2013,Ford,f-150,no_mention,8,flex,89749,,,11200,13,,False
2021,Ford,f-150,no_mention,6,flex,145345,,,25000,5,,False
2023,Ford,f-150,xlt,6,gasoline,39469,,,46200,3,,False
2023,Ford,f-150,xlt,6,gasoline,37156,,,45400,3,,False
2019,Ford,f-150,no_mention,6,gasoline,133108,,,27700,7,,False
2018,Ford,f-150,no_mention,6,gasoline,162000,,,23100,8,,False
2019,Ford,f-150,xlt,6,gasoline,61690,,,34400,7,,False
2018,Ford,f-150,no_mention,6,gasoline,238457,,,11500,8,,False
2023,Ford,f-150,xlt,8,flex,93816,,,37400,3,,False
2015,Ford,f-150,no_mention,6,flex,112112,,,17500,11,,False
2019,Ford,f-150,no_mention,6,gasoline,130420,,,25800,7,,False
2016,Ford,f-150,no_mention,6,gasoline,160147,,,18500,10,,False
2020,Ford,f-150,no_mention,6,gasoline,148890,,,24800,6,,False
2017,Ford,f-150,no_mention,8,flex,102076,,,30900,9,,False
2018,Ford,f-150,no_mention,6,flex,216830,,,15200,8,,False
2023,Ford,f-150,no_mention,6,gasoline,43120,,,45100,3,,False
2023,Ford,f-150,raptor,6,gasoline,17537,,,92100,3,,False
2023,Ford,f-150,lariat,8,flex,41917,,,57400,3,,False
2016,Ford,f-150,no_mention,6,gasoline,205411,,,12900,10,,False
2016,Ford,f-150,no_mention,6,gasoline,138111,,,19000,10,,False
2020,Ford,f-150,raptor,6,gasoline,130102,,,50600,6,,False
2020,Ford,f-150,lariat,6,gasoline,72043,,,40700,6,,False
2021,Ford,f-150,xlt,6,gasoline,71859,,,34500,5,,False
2023,Ford,f-150,xlt,6,gasoline,36896,,,48000,3,,False
2020,Ford,f-150,xlt,6,gasoline,225115,,,14000,6,,False
2023,Ford,f-150,xl,6,gasoline,45078,,,40200,3,,False
2018,Ford,f-150,no_mention,6,gasoline,179147,,,20900,8,,False
2021,Ford,f-150,no_mention,6,flex,129301,,,26300,5,,False
2013,Ford,f-150,xlt,8,flex,184630,,,6900,13,,False
2023,Ford,f-150,xlt,8,flex,54957,,,44100,3,,False
2021,Ford,f-150,lariat,8,flex,60697,,,45800,5,,False
2015,Ford,f-150,xlt,6,gasoline,151931,,,13100,11,,False
2014,Ford,f-150,no_mention,6,gasoline,234090,,,9600,12,,False
2015,Ford,f-150,no_mention,8,flex,171488,,,14700,11,,False
2012,Ford,f-150,fx4,6,gasoline,145361,,,10300,14,,False
2017,Ford,f-150,platinum,6,gasoline,148767,,,21200,9,,False
2021,Ford,f-150,lariat,6,gasoline,57900,,,44000,5,,False
2013,Ford,f-150,no_mention,6,gasoline,170390,,,8900,13,,False
2016,Ford,f-150,no_mention,6,gasoline,236703,,,15900,10,,False
2023,Ford,f-150,lariat,6,gasoline,89400,,,52000,3,,False
2019,Ford,f-150,no_mention,6,gasoline,158269,,,24500,7,,False
2023,Ford,f-150,raptor,6,gasoline,30363,,,88000,3,,False
2016,Ford,f-150,platinum,6,gasoline,139775,,,25700,10,,False
2016,Ford,f-150,xlt,6,gasoline,197269,,,10500,10,,False
2020,Ford,f-150,no_mention,6,gasoline,149732,,,22000,6,,False
2022,Ford,f-150,lariat,6,gasoline,117213,,,33000,4,,False
2020,Ford,f-150,xlt,6,gasoline,124405,,,25800,6,,False
2022,Ford,f-150,tremor,6,gasoline,67412,,,54000,4,,False
2022,Ford,f-150,xlt,6,gasoline,113910,,,36900,4,,False
2015,Ford,f-150,xlt,8,flex,187579,,,14900,11,,False
2014,Ford,f-150,xlt,8,flex,101995,,,6600,12,,False
2023,Ford,f-150,xlt,6,gasoline,116412,,,36000,3,,False
2023,Ford,f-150,xlt,6,hybrid,36383,,,48500,3,,False
2023,Ford,f-150,xlt,6,gasoline,84289,,,41500,3,,False
2020,Ford,f-150,xlt,6,gasoline,93145,,,32200,6,,False
2019,Ford,f-150,xlt,6,gasoline,119897,,,26800,7,,False
2020,Ford,f-150,xlt,6,gasoline,196586,,,17600,6,,False
2016,Ford,f-150,xlt,6,gasoline,120673,,,23000,10,,False
2024,Ford,f-150,xl,8,gasoline,62851,,,44200,2,,False
2024,Ford,f-150,xlt,8,gasoline,41961,,,48000,2,,False
2023,Ford,f-150,xlt,6,gasoline,71320,,,36000,3,,False
2023,Ford,f-150,xlt,6,gasoline,41084,,,39700,3,,False
2023,Ford,f-150,xlt,6,gasoline,87881,,,35500,3,,False
2022,Ford,f-150,xlt,6,gasoline,75709,,,37000,4,,False
2023,Ford,f-150,platinum,6,gasoline,51790,,,50000,3,,False
2020,Ford,f-150,xl,6,gasoline,200465,,,15300,6,,False
2020,Ford,f-150,no_mention,6,flex,107000,,,27000,6,,False
2022,Ford,f-150,no_mention,6,gasoline,30452,,,30000,4,,False
2023,Ford,f-150,no_mention,8,flex,43350,,,57500,3,,False
2023,Ford,f-150,no_mention,6,gasoline,63812,,,46000,3,,False
2022,Ford,f-150,xlt,6,gasoline,99264,,,36000,4,,False
2024,Ford,f-150,tremor,6,gasoline,42132,,,68000,2,,False
2020,Ford,f-150,raptor,6,gasoline,67448,,,62700,6,,False
2019,Ford,f-150,no_mention,8,flex,69596,,,31100,7,,False
2022,Ford,f-150,lariat,6,gasoline,156381,,,35000,4,,False
2018,Ford,f-150,no_mention,8,flex,180411,,,19700,8,,False
2020,Ford,f-150,no_mention,6,gasoline,115374,,,28000,6,,False
2022,Ford,f-150,xlt,6,gasoline,51463,,,41500,4,,False
2022,Ford,f-150,xlt,6,gasoline,68768,,,34500,4,,False
2020,Ford,f-150,lariat,6,gasoline,60786,,,37800,6,,False
2019,Ford,f-150,lariat,6,gasoline,213836,,,22550,7,,False
2023,Ford,f-150,lariat,6,gasoline,65232,,,53000,3,,False
2017,Ford,f-150,xlt,6,gasoline,153862,,,15600,9,,False
2022,Ford,f-150,xlt,6,gasoline,48410,,,40750,4,,False
2023,Ford,f-150,xlt,6,gasoline,56021,,,50000,3,,False
2023,Ford,f-150,xlt,6,gasoline,13443,,,50000,3,,False
2021,Ford,f-150,xlt,6,gasoline,294391,,,8100,5,,False
2022,Ford,f-150,xlt,6,gasoline,124558,,,28000,4,,False
2022,Ford,f-150,lariat,6,gasoline,117182,,,40500,4,,False
2022,Ford,f-150,xlt,6,gasoline,53376,,,43000,4,,False
2019,Ford,f-150,xlt,6,flex,166322,,,19200,7,,False
2021,Ford,f-150,xlt,6,flex,230557,,,17300,5,,False
2017,Ford,f-150,xlt,8,flex,184527,,,16400,9,,False
2022,Ford,f-150,xlt,8,flex,119250,,,38000,4,,False
2021,Ford,f-150,xlt,6,gasoline,169386,,,26600,5,,False
2014,Ford,f-150,xl,8,flex,205683,,,7100,12,,False
2020,Ford,f-150,xlt,8,flex,32117,,,31000,6,,False
2018,Ford,f-150,xl,6,flex,215417,,,11300,8,,False
2016,Ford,f-150,xlt,8,flex,273631,,,7400,10,,False
2018,Ford,f-150,xlt,6,gasoline,50361,,,22300,8,,False
2024,Ford,f-150,xl,6,gasoline,7303,,,40000,2,,False
2023,Ford,f-150,xlt,6,gasoline,31315,,,47000,3,,False
2023,Ford,f-150,xlt,6,gasoline,42080,,,46000,3,,False
2023,Ford,f-150,xlt,6,hybrid,52442,,,47200,3,,False
2023,Ford,f-150,xlt,8,flex,59940,,,45200,3,,False
2021,Ford,f-150,xlt,8,flex,203729,,,18000,5,,False
2022,Ford,f-150,xlt,8,flex,48836,,,38000,4,,False
2023,Ford,f-150,lariat,8,flex,32018,,,63750,3,,False
2021,Ford,f-150,xlt,8,flex,102686,,,31000,5,,False
2019,Ford,f-150,xlt,8,flex,182913,,,19500,7,,False
2022,Ford,f-150,xlt,8,flex,50177,,,43300,4,,False
2022,Ford,f-150,xlt,8,flex,52779,,,44000,4,,False
2023,Ford,f-150,xlt,8,flex,77485,,,45800,3,,False
2016,Ford,f-150,xlt,6,gasoline,172550,,,16500,10,,False
2019,Ford,f-150,xlt,6,gasoline,120343,,,26750,7,,False
2022,Ford,f-150,xlt,6,gasoline,94851,,,34000,4,,False
2022,Ford,f-150,lariat,6,gasoline,48480,,,44750,4,,False
2016,Ford,f-150,xlt,6,gasoline,282445,,,13200,10,,False
2018,Ford,f-150,xlt,6,gasoline,226200,,,16500,8,,False
2013,Ford,f-150,xlt,6,gasoline,192228,,,7250,13,,False
2014,Ford,f-150,fx4,6,gasoline,208453,,,12700,12,,False
2013,Ford,f-150,limited,6,gasoline,233101,,,13000,13,,False
2010,Ford,f-150,fx4,8,flex,177422,,,8000,16,,False
2023,Ford,f-150,raptor,6,gasoline,55980,,,84500,3,,False
2024,Ford,f-150,xlt,6,gasoline,20041,,,54700,2,,False
2024,Ford,f-150,xlt,6,gasoline,38395,,,57000,2,,False
2024,Ford,f-150,tremor,6,gasoline,14249,,,67200,2,,False
2024,Ford,f-150,lariat,6,gasoline,30603,,,67750,2,,False
2019,Ford,f-150,xlt,8,flex,37586,,,38800,7,,False
2023,Ford,f-150,xlt,6,gasoline,25265,,,48750,3,,False
2022,Ford,f-150,xlt,6,gasoline,90177,,,36250,4,,False
2021,Ford,f-150,xlt,6,gasoline,167047,,,26000,5,,False
2022,Ford,f-150,no_mention,6,gasoline,146500,,,27250,4,,False
2021,Ford,f-150,no_mention,6,gasoline,128354,,,42500,5,,False
2019,Ford,f-150,xlt,6,gasoline,68418,,,29500,7,,False
2017,Ford,f-150,no_mention,8,flex,249455,,,11500,9,,False
2010,Ford,f-150,no_mention,8,flex,238126,,,6700,16,,False
2021,Ford,f-150,no_mention,6,gasoline,156964,,,27000,5,,False
2015,Ford,f-150,xlt,6,flex,261239,,,9500,11,,False
2014,Ford,f-150,no_mention,8,flex,113299,,,13100,12,,False
2023,Ford,f-150,lariat,6,gasoline,35986,,,53800,3,,False
2018,Ford,f-150,no_mention,8,flex,167474,,,21600,8,,False
2017,Ford,f-150,no_mention,6,flex,187896,,,9000,9,,False
2021,Ford,f-150,no_mention,6,hybrid,115258,,,43400,5,,False
2019,Ford,f-150,limited,6,gasoline,152688,,,33500,7,,False
2021,Ford,f-150,xlt,6,gasoline,69825,,,40000,5,,False
2023,Ford,f-150,xlt,6,gasoline,44906,,,51200,3,,False
2023,Ford,f-150,xlt,6,gasoline,39618,,,50100,3,,False
2018,Ford,f-150,no_mention,8,flex,162230,,,18000,8,,False
2019,Ford,f-150,no_mention,6,gasoline,256782,,,16100,7,,False
2022,Ford,f-150,lariat,6,gasoline,69148,,,48000,4,,False
2019,Ford,f-150,xlt,6,gasoline,143699,,,23250,7,,False
2021,Ford,f-150,xlt,6,gasoline,136723,,,29750,5,,False
2022,Ford,f-150,lariat,6,gasoline,57543,,,47200,4,,False
2018,Ford,f-150,xlt,6,gasoline,109239,,,24600,8,,False
2019,Ford,f-150,xlt,6,gasoline,176623,,,18000,7,,False
2020,Ford,f-150,xlt,6,gasoline,105346,,,22500,6,,False
2020,Ford,f-150,lariat,6,gasoline,66762,,,39000,6,,False
2022,Ford,f-150,xlt,6,gasoline,73112,,,38500,4,,False
2021,Ford,f-150,xlt,6,gasoline,116919,,,30500,5,,False
2022,Ford,f-150,xlt,6,gasoline,138965,,,28900,4,,False
2020,Ford,f-150,lariat,6,gasoline,117858,,,31000,6,,False
2023,Ford,f-150,lariat,6,gasoline,83536,,,42200,3,,False
2017,Ford,f-150,xlt,6,gasoline,195530,,,17200,9,,False
2020,Ford,f-150,platinum,6,gasoline,170322,,,29600,6,,False
2020,Ford,f-150,xlt,6,gasoline,99610,,,29000,6,,False
2019,Ford,f-150,xlt,6,gasoline,85304,,,34800,7,,False
2019,Ford,f-150,xlt,6,gasoline,180127,,,19200,7,,False
2018,Ford,f-150,xlt,8,flex,207114,,,18000,8,,False
2020,Ford,f-150,xlt,8,flex,95773,,,31600,6,,False
2020,Ford,f-150,xlt,8,flex,156461,,,26250,6,,False
2023,Ford,f-150,tremor,6,gasoline,43151,,,62200,3,,False
2023,Ford,f-150,tremor,6,gasoline,78132,,,57000,3,,False
2023,Ford,f-150,tremor,6,gasoline,37605,,,64200,3,,False
2023,Ford,f-150,tremor,6,gasoline,92296,,,54000,3,,False
2022,Ford,f-150,tremor,6,gasoline,65003,,,53000,4,,False
2023,Ford,f-150,tremor,6,gasoline,28476,,,63100,3,,False
2023,Ford,f-150,tremor,6,gasoline,96278,,,57400,3,,False
2015,Ford,f-150,lariat,8,flex,173580,,,22500,11,,False
2016,Ford,f-150,lariat,8,flex,188017,,,22200,10,,False
2017,Ford,f-150,xlt,6,gasoline,168353,,,17500,9,,False
2018,Ford,f-150,limited,6,gasoline,170114,,,29000,8,,False
2020,Ford,f-150,xlt,6,gasoline,174248,,,24250,6,,False
2020,Ford,f-150,xlt,6,gasoline,86400,,,32300,6,,False
2018,Ford,f-150,xl,6,flex,161464,,,8750,8,,False
2022,Ford,f-150,xlt,6,hybrid,113118,,,25900,4,,False
2017,Ford,f-150,king ranch,8,flex,130830,,,26600,9,,False
2021,Ford,f-150,limited,6,gasoline,72184,,,53000,5,,False
2023,Ford,f-150,xlt,6,gasoline,51644,,,49400,3,,False
2021,Ford,f-150,lariat,6,hybrid,113427,,,39200,5,,False
2022,Ford,f-150,xl,6,hybrid,102726,,,38800,4,,False
2023,Ford,f-150,xlt,6,hybrid,103758,,,35000,3,,False
2022,Ford,f-150,lariat,6,hybrid,41832,,,54300,4,,False
2021,Ford,f-150,lariat,6,hybrid,124356,,,36100,5,,False
2023,Ford,f-150,xlt,6,hybrid,70012,,,42000,3,,False
2020,Ford,f-150,xlt,8,flex,144792,,,18000,6,,False
2019,Ford,f-150,xlt,8,flex,120097,,,23200,7,,False
2020,Ford,f-150,lariat,8,flex,91516,,,38300,6,,False
2022,Ford,f-150,xlt,8,flex,39556,,,43300,4,,False
2019,Ford,f-150,xlt,8,flex,109093,,,32600,7,,False
2021,Ford,f-150,xl,8,flex,74752,,,38300,5,,False
2022,Ford,f-150,xlt,8,flex,79808,,,42250,4,,False
2019,Ford,f-150,xlt,8,flex,120743,,,28100,7,,False
2023,Ford,f-150,xlt,8,flex,51650,,,40000,3,,False
2023,Ford,f-150,platinum,8,flex,66560,,,61600,3,,False
2020,Ford,f-150,lariat,8,flex,135324,,,33000,6,,False
2022,Ford,f-150,lariat,8,flex,74954,,,47000,4,,False
2022,Ford,f-150,lariat,6,gasoline,75689,,,38400,4,,False
2016,Ford,f-150,xlt,6,flex,204321,,,13000,10,,False
2021,Ford,f-150,xlt,6,flex,191570,,,14800,5,,False
2021,Ford,f-150,xlt,6,flex,101281,,,27000,5,,False
2021,Ford,f-150,xlt,6,flex,141081,,,21750,5,,False
2021,Ford,f-150,xlt,6,gasoline,63034,,,37400,5,,False
2020,Ford,f-150,xl,6,gasoline,143430,,,15700,6,,False
2020,Ford,f-150,xlt,6,diesel,100322,,,23500,6,,False
2021,Ford,f-150,xlt,6,diesel,296494,,,13000,5,,False
2019,Ford,f-150,xlt,6,gasoline,175427,,,23000,7,,False
2019,Ford,f-150,xlt,6,gasoline,244401,,,9500,7,,False
2020,Ford,f-150,no_mention,6,gasoline,130434,,,38500,6,,False
2016,Ford,f-150,xlt,6,gasoline,245050,,,12700,10,,False
2020,Ford,f-150,raptor,6,gasoline,68806,,,66000,6,,False
2024,Ford,f-150,xlt,6,gasoline,11566,,,55000,2,,False
2024,Ford,f-150,lariat,8,gasoline,29060,,,67250,2,,False
2020,Ford,f-150,xl,6,gasoline,171146,,,14750,6,,False
2019,Ford,f-150,xlt,8,flex,239588,,,10100,7,,False
2018,Ford,f-150,xlt,8,flex,205052,,,6500,8,,False
2019,Ford,f-150,xlt,8,flex,133076,,,22800,7,,False
2022,Ford,f-150,lariat,6,gasoline,38730,,,43600,4,,False
2022,Ford,f-150,xlt,6,gasoline,50271,,,31000,4,,False
2022,Ford,f-150,xlt,6,gasoline,92901,,,38800,4,,False
2022,Ford,f-150,lariat,6,gasoline,162050,,,30500,4,,False
2022,Ford,f-150,lariat,6,gasoline,61373,,,45500,4,,False
2023,Ford,f-150,xlt,6,gasoline,85486,,,44100,3,,False
2021,Ford,f-150,xlt,6,gasoline,166095,,,20200,5,,False
2022,Ford,f-150,xlt,6,gasoline,99183,,,34000,4,,False
2023,Ford,f-150,lariat,6,gasoline,56228,,,56500,3,,False
2022,Ford,f-150,lariat,6,gasoline,63107,,,52750,4,,False
2023,Ford,f-150,xlt,6,gasoline,24454,,,51000,3,,False
2014,Ford,f-150,no_mention,6,gasoline,142664,,,9100,12,,False
2021,Ford,f-150,no_mention,8,flex,105800,,,32000,5,,False
2019,Ford,f-150,xlt,8,flex,166347,,,18800,7,,False
2014,Ford,f-150,xlt,8,flex,212979,,,6300,12,,False
2018,Ford,f-150,no_mention,6,gasoline,99403,,,28400,8,,False
2023,Ford,f-150,no_mention,8,flex,46688,,,58700,3,,False
2010,Ford,f-150,no_mention,8,flex,117600,,,6300,16,,False
2023,Ford,f-150,xlt,6,gasoline,25111,,,47800,3,,False
2023,Ford,f-150,lariat,6,gasoline,44888,,,53400,3,,False
2023,Ford,f-150,lariat,6,gasoline,40016,,,53600,3,,False
2023,Ford,f-150,lariat,6,gasoline,34084,,,51800,3,,False
2021,Ford,f-150,lariat,6,gasoline,218926,,,21600,5,,False
2022,Ford,f-150,xlt,6,gasoline,64098,,,25000,4,,False
2023,Ford,f-150,lariat,6,gasoline,51481,,,53000,3,,False
2023,Ford,f-150,lariat,6,gasoline,66323,,,48600,3,,False
2023,Ford,f-150,lariat,6,gasoline,36155,,,52800,3,,False
2023,Ford,f-150,lariat,6,gasoline,38105,,,50000,3,,False
2020,Ford,f-150,xlt,6,gasoline,103605,,,18800,6,,False
2021,Ford,f-150,xl,6,gasoline,27286,,,34800,5,,False
2023,Ford,f-150,lariat,6,gasoline,34063,,,51600,3,,False
2023,Ford,f-150,lariat,6,gasoline,38901,,,53400,3,,False
2023,Ford,f-150,lariat,6,gasoline,33963,,,54000,3,,False
2023,Ford,f-150,xlt,6,gasoline,57107,,,45600,3,,False
2021,Ford,f-150,lariat,6,gasoline,70405,,,36000,5,,False
2022,Ford,f-150,lariat,6,gasoline,40813,,,41000,4,,False
2022,Ford,f-150,lariat,6,gasoline,78608,,,40200,4,,False
2023,Ford,f-150,xlt,6,gasoline,124981,,,34000,3,,False
2023,Ford,f-150,lariat,6,gasoline,61596,,,51600,3,,False
2017,Ford,f-150,no_mention,6,gasoline,209657,,,15500,9,,False
2022,Ford,f-150,xlt,6,gasoline,76411,,,26800,4,,False
2022,Ford,f-150,xlt,6,gasoline,96362,,,26800,4,,False
2023,Ford,f-150,lariat,6,gasoline,44001,,,53500,3,,False
2023,Ford,f-150,lariat,6,gasoline,39541,,,53000,3,,False
2023,Ford,f-150,lariat,6,gasoline,45869,,,51600,3,,False
2023,Ford,f-150,lariat,6,gasoline,33607,,,52000,3,,False
2022,Ford,f-150,lariat,6,gasoline,117212,,,25800,4,,False
2023,Ford,f-150,lariat,6,gasoline,28280,,,53200,3,,False
2023,Ford,f-150,lariat,6,gasoline,18885,,,54600,3,,False
2023,Ford,f-150,lariat,6,gasoline,36251,,,49600,3,,False
2023,Ford,f-150,lariat,6,gasoline,59067,,,51000,3,,False
2021,Ford,f-150,lariat,6,gasoline,119954,,,33200,5,,False
2023,Ford,f-150,lariat,6,gasoline,52966,,,50600,3,,False
2023,Ford,f-150,lariat,6,gasoline,33198,,,53600,3,,False
2019,Ford,f-150,xlt,8,flex,143505,,,11000,7,,False
2018,Ford,f-150,xlt,8,flex,158962,,,15100,8,,False
2017,Ford,f-150,xlt,6,flex,191051,,,15200,9,,False
2016,Ford,f-150,xlt,6,flex,257966,,,9250,10,,False
2022,Ford,f-150,xlt,6,flex,163523,,,20500,4,,False
2017,Ford,f-150,xlt,6,gasoline,195408,,,12500,9,,False
2018,Ford,f-150,xlt,6,gasoline,194652,,,15100,8,,False
2016,Ford,f-150,lariat,6,gasoline,200346,,,12900,10,,False
2022,Ford,f-150,lariat,8,flex,90585,,,50250,4,,False
2014,Ford,f-150,xlt,8,flex,99786,,,9000,12,,False
2024,Ford,f-150,xlt,6,gasoline,73706,,,39400,2,,False
2022,Ford,f-150,lariat,6,hybrid,98455,,,37000,4,,False
2023,Ford,f-150,xlt,6,hybrid,52673,,,46400,3,,False
2013,Ford,f-150,no_mention,8,flex,244670,,,5200,13,,False
2013,Ford,f-150,xlt,8,flex,112784,,,11400,13,,False
2011,Ford,f-150,xlt,8,flex,202178,,,3700,15,,False
2014,Ford,f-150,xlt,8,flex,214885,,,5900,12,,False
2014,Ford,f-150,fx4,8,flex,190029,,,8500,12,,False
2021,Ford,f-150,lariat,6,gasoline,78147,,,36000,5,,False
2022,Ford,f-150,lariat,6,hybrid,70122,,,39800,4,,False
2021,Ford,f-150,xlt,6,hybrid,126225,,,26800,5,,False
2019,Ford,f-150,xlt,8,flex,176080,,,16750,7,,False
2021,Ford,f-150,lariat,8,flex,117858,,,35000,5,,False
2022,Ford,f-150,xlt,8,flex,29906,,,39200,4,,False
2023,Ford,f-150,xlt,8,flex,36584,,,38500,3,,False
2022,Ford,f-150,xlt,8,flex,44420,,,39800,4,,False
2022,Ford,f-150,lariat,8,flex,117628,,,42000,4,,False
2023,Ford,f-150,lariat,8,flex,12937,,,62200,3,,False
2023,Ford,f-150,lariat,8,flex,36930,,,56200,3,,False
2021,Ford,f-150,lariat,8,flex,97890,,,27000,5,,False
2022,Ford,f-150,xlt,8,flex,124955,,,27000,4,,False
2021,Ford,f-150,lariat,8,flex,65716,,,25000,5,,False
2023,Ford,f-150,lariat,6,gasoline,37163,,,53200,3,,False
2023,Ford,f-150,lariat,6,gasoline,50350,,,46200,3,,False
2023,Ford,f-150,lariat,6,gasoline,55962,,,46200,3,,False
2023,Ford,f-150,lariat,6,gasoline,47500,,,49600,3,,False
2024,Ford,f-150,no_mention,6,gasoline,30956,,,45400,2,,False
2024,Ford,f-150,xlt,6,gasoline,38104,,,53400,2,,False
2024,Ford,f-150,xlt,6,gasoline,16690,,,57200,2,,False
2015,Ford,f-150,xlt,6,flex,136618,,,13900,11,,False
2021,Ford,f-150,xlt,6,gasoline,17873,,,37250,5,,False
2024,Ford,f-150,no_mention,6,gasoline,22117,,,55500,2,,False
2024,Ford,f-150,xlt,8,gasoline,10993,,,65000,2,,False
2024,Ford,f-150,xlt,6,gasoline,13500,,,52250,2,,False
2024,Ford,f-150,xlt,6,gasoline,32245,,,51000,2,,False
2024,Ford,f-150,xlt,6,gasoline,13978,,,55400,2,,False
2024,Ford,f-150,xlt,6,gasoline,17806,,,51750,2,,False
2024,Ford,f-150,lariat,6,gasoline,38956,,,68500,2,,False
2025,Ford,f-150,lariat,6,hybrid,6805,,,84000,1,,False
2024,Ford,f-150,lariat,6,hybrid,15307,,,80200,2,,False
2024,Ford,f-150,king ranch,6,hybrid,17574,,,83500,2,,False
2024,Ford,f-150,platinum,6,gasoline,55394,,,78400,2,,False
2023,Ford,f-150,xlt,6,gasoline,126139,,,28000,3,,False
2023,Ford,f-150,xlt,6,gasoline,126262,,,27900,3,,False
2023,Ford,f-150,xlt,6,gasoline,106237,,,29500,3,,False
2012,Ford,f-150,xlt,8,flex,92975,,,10500,14,,False
2023,Ford,f-150,xlt,6,gasoline,108468,,,36800,3,,False
2022,Ford,f-150,xlt,6,gasoline,49481,,,42600,4,,False
2023,Ford,f-150,lariat,6,gasoline,81857,,,49400,3,,False
2023,Ford,f-150,lariat,6,gasoline,36106,,,57200,3,,False
2023,Ford,f-150,xlt,6,gasoline,26376,,,51000,3,,False
2023,Ford,f-150,lariat,6,gasoline,106748,,,46500,3,,False
2023,Ford,f-150,xlt,6,gasoline,39833,,,45500,3,,False
2021,Ford,f-150,lariat,6,gasoline,170381,,,22200,5,,False
2023,Ford,f-150,lariat,6,gasoline,78537,,,50000,3,,False
2023,Ford,f-150,lariat,6,gasoline,114268,,,48750,3,,False
2023,Ford,f-150,xlt,6,gasoline,27267,,,50800,3,,False
2023,Ford,f-150,xlt,6,gasoline,27892,,,38200,3,,False
2014,Ford,f-150,no_mention,8,flex,242867,,,8200,12,,False
2023,Ford,f-150,xlt,6,gasoline,25894,,,42600,3,,False
2021,Ford,f-150,lariat,6,gasoline,60511,,,41000,5,,False
2020,Ford,f-150,no_mention,6,flex,220552,,,17500,6,,False
2022,Ford,f-150,xlt,8,flex,133571,,,30000,4,,False
2019,Ford,f-150,no_mention,8,flex,222017,,,20700,7,,False
2021,Ford,f-150,no_mention,6,gasoline,181543,,,20800,5,,False
2021,Ford,f-150,king ranch,8,flex,137799,,,39000,5,,False
2010,Ford,f-150,no_mention,8,flex,182663,,,7500,16,,False
2018,Ford,f-150,no_mention,8,flex,187202,,,18500,8,,False
2022,Ford,f-150,no_mention,6,hybrid,50511,,,44000,4,,False
2011,Ford,f-150,xlt,6,gasoline,237795,,,5500,15,,False
2019,Ford,f-150,no_mention,8,flex,284848,,,6300,7,,False
2018,Ford,f-150,no_mention,6,gasoline,170772,,,25800,8,,False
2018,Ford,f-150,no_mention,6,gasoline,113614,,,28800,8,,False
2016,Ford,f-150,xlt,6,gasoline,216424,,,11800,10,,False
2018,Ford,f-150,no_mention,6,gasoline,153588,,,25000,8,,False
2018,Ford,f-150,xlt,8,flex,253062,,,9800,8,,False
2023,Ford,f-150,lariat,6,gasoline,52833,,,53000,3,,False
2023,Ford,f-150,no_mention,6,gasoline,58654,,,58800,3,,False
2017,Ford,f-150,xlt,8,flex,141133,,,22900,9,,False
2016,Ford,f-150,no_mention,8,flex,159999,,,20800,10,,False
2021,Ford,f-150,no_mention,8,flex,201301,,,21600,5,,False
2022,Ford,f-150,xlt,6,gasoline,73122,,,43100,4,,False
2023,Ford,f-150,lariat,6,gasoline,88899,,,45300,3,,False
2021,Ford,f-150,no_mention,6,gasoline,57265,,,40500,5,,False
2021,Ford,f-150,king ranch,6,gasoline,102513,,,32600,5,,False
2018,Ford,f-150,xlt,8,flex,141739,,,16000,8,,False
2021,Ford,f-150,lariat,6,gasoline,97421,,,35200,5,,False
2019,Ford,f-150,no_mention,6,gasoline,178848,,,20000,7,,False
2017,Ford,f-150,limited,6,gasoline,213025,,,18500,9,,False
2019,Ford,f-150,platinum,6,diesel,151353,,,28500,7,,False
2021,Ford,f-150,no_mention,8,flex,93421,,,43800,5,,False
2023,Ford,f-150,tremor,6,gasoline,97821,,,57100,3,,False
2023,Ford,f-150,tremor,6,gasoline,49807,,,64100,3,,False
2021,Ford,f-150,no_mention,6,gasoline,97030,,,32600,5,,False
2018,Ford,f-150,xlt,6,gasoline,104542,,,20200,8,,False
2012,Ford,f-150,no_mention,6,gasoline,292920,,,3000,14,,False
2016,Ford,f-150,xlt,8,flex,177057,,,16000,10,,False
2022,Ford,f-150,no_mention,8,flex,102623,,,36100,4,,False
2023,Ford,f-150,no_mention,6,gasoline,49867,,,47000,3,,False
2022,Ford,f-150,lariat,6,gasoline,49067,,,49400,4,,False
2016,Ford,f-150,xlt,8,flex,250144,,,10900,10,,False
2015,Ford,f-150,no_mention,6,gasoline,211657,,,15600,11,,False
2021,Ford,f-150,xl,6,gasoline,106067,,,30400,5,,False
2022,Ford,f-150,xlt,6,gasoline,35444,,,48000,4,,False
2019,Ford,f-150,xlt,6,gasoline,167778,,,20200,7,,False
2016,Ford,f-150,xlt,6,gasoline,162821,,,3900,10,,False
2020,Ford,f-150,xlt,6,gasoline,92910,,,32100,6,,False
2023,Ford,f-150,tremor,6,gasoline,20616,,,65500,3,,False
2018,Ford,f-150,lariat,6,gasoline,121896,,,12250,8,,False
2012,Ford,f-150,xlt,6,gasoline,243214,,,5900,14,,False
2016,Ford,f-150,xlt,8,flex,193287,,,8200,10,,False
2017,Ford,f-150,xlt,8,flex,182059,,,9000,9,,False
2015,Ford,f-150,xlt,6,gasoline,285691,,,3300,11,,False
2022,Ford,f-150,xlt,6,gasoline,85434,,,36000,4,,False
2021,Ford,f-150,xlt,8,flex,183523,,,16250,5,,False
2021,Ford,f-150,xlt,8,flex,131647,,,21000,5,,False
2016,Ford,f-150,xlt,6,gasoline,147488,,,17400,10,,False
2014,Ford,f-150,lariat,6,gasoline,265405,,,9000,12,,False
2022,Ford,f-150,xlt,6,gasoline,150118,,,26000,4,,False
2023,Ford,f-150,lariat,6,gasoline,78356,,,43000,3,,False
2016,Ford,f-150,xlt,6,gasoline,215605,,,9900,10,,False
2020,Ford,f-150,xlt,6,gasoline,131204,,,22200,6,,False
2021,Ford,f-150,no_mention,6,gasoline,36550,,,42500,5,,False
2024,Ford,f-150,xlt,6,gasoline,22482,,,58200,2,,False
2014,Ford,f-150,no_mention,8,flex,214275,,,4200,12,,False
2019,Ford,f-150,no_mention,8,flex,123737,,,33100,7,,False
2019,Ford,f-150,no_mention,8,flex,196227,,,20600,7,,False
2017,Ford,f-150,no_mention,6,gasoline,249383,,,9500,9,,False
2012,Ford,f-150,no_mention,6,gasoline,179948,,,6900,14,,False
2013,Ford,f-150,fx4,6,gasoline,172000,,,11000,13,,False
2017,Ford,f-150,no_mention,8,flex,235768,,,9500,9,,False
2022,Ford,f-150,no_mention,8,flex,86949,,,36600,4,,False
2019,Ford,f-150,no_mention,8,flex,66044,,,32100,7,,False
2023,Ford,f-150,xlt,6,gasoline,39490,,,44900,3,,False
2023,Ford,f-150,xlt,6,gasoline,39467,,,46400,3,,False
2021,Ford,f-150,xlt,6,gasoline,172516,,,25000,5,,False
2021,Ford,f-150,xl,6,gasoline,136941,,,29600,5,,False
2021,Ford,f-150,lariat,6,gasoline,105675,,,42000,5,,False
2023,Ford,f-150,xlt,6,gasoline,25909,,,44000,3,,False
2023,Ford,f-150,xlt,6,gasoline,46787,,,48800,3,,False
2021,Ford,f-150,xlt,6,gasoline,101157,,,26500,5,,False
2021,Ford,f-150,lariat,6,gasoline,73723,,,45100,5,,False
2020,Ford,f-150,xlt,6,gasoline,142032,,,28250,6,,False
2018,Ford,f-150,xlt,8,flex,221953,,,7200,8,,False
2020,Ford,f-150,xlt,8,flex,180966,,,21800,6,,False
2018,Ford,f-150,xlt,8,flex,153711,,,18400,8,,False
2017,Ford,f-150,xlt,6,flex,291354,,,5100,9,,False
2023,Ford,f-150,tremor,6,gasoline,23397,,,60800,3,,False
2021,Ford,f-150,xlt,6,flex,41407,,,13300,5,,False
2023,Ford,f-150,no_mention,8,flex,57604,,,43600,3,,False
2015,Ford,f-150,lariat,8,flex,226114,,,9800,11,,False
2021,Ford,f-150,xlt,6,hybrid,60329,,,34400,5,,False
2023,Ford,f-150,lariat,6,hybrid,59442,,,58500,3,,False
2016,Ford,f-150,king ranch,8,flex,108066,,,31300,10,,False
2016,Ford,f-150,xlt,8,flex,121843,,,23000,10,,False
2021,Ford,f-150,lariat,6,gasoline,92593,,,39500,5,,False
2022,Ford,f-150,xlt,6,gasoline,52436,,,43400,4,,False
2022,Ford,f-150,lariat,6,gasoline,34291,,,52000,4,,False
2023,Ford,f-150,limited,6,hybrid,18094,,,71300,3,,False
2022,Ford,f-150,xlt,6,hybrid,65631,,,39000,4,,False
2021,Ford,f-150,xlt,8,flex,206926,,,18000,5,,False
2022,Ford,f-150,lariat,8,flex,77231,,,48700,4,,False
2023,Ford,f-150,xlt,8,flex,27299,,,48800,3,,False
2018,Ford,f-150,xlt,8,flex,92369,,,20600,8,,False
2019,Ford,f-150,xlt,8,flex,150593,,,20000,7,,False
2021,Ford,f-150,xlt,8,flex,149058,,,22000,5,,False
2023,Ford,f-150,xlt,8,flex,64425,,,46200,3,,False
2021,Ford,f-150,xlt,8,flex,107404,,,35000,5,,False
2018,Ford,f-150,xlt,6,gasoline,75040,,,26000,8,,False
2022,Ford,f-150,lariat,6,gasoline,35956,,,50000,4,,False
2022,Ford,f-150,xlt,6,gasoline,104227,,,26000,4,,False
2021,Ford,f-150,xlt,6,flex,99126,,,30250,5,,False
2021,Ford,f-150,no_mention,6,hybrid,114016,,,27000,5,,False
2019,Ford,f-150,platinum,6,gasoline,153151,,,29300,7,,False
2019,Ford,f-150,xlt,6,gasoline,236148,,,12800,7,,False
2018,Ford,f-150,xlt,6,gasoline,191738,,,11500,8,,False
2017,Ford,f-150,xlt,6,gasoline,92729,,,22000,9,,False
2015,Ford,f-150,xlt,6,gasoline,179251,,,13000,11,,False
2019,Ford,f-150,lariat,8,flex,169784,,,10900,7,,False
2021,Ford,f-150,no_mention,6,gasoline,188205,,,23000,5,,False
2022,Ford,f-150,xlt,6,gasoline,74820,,,36750,4,,False
2023,Ford,f-150,lariat,6,gasoline,62991,,,56900,3,,False
2023,Ford,f-150,no_mention,6,gasoline,59686,,,56000,3,,False
2022,Ford,f-150,xlt,6,gasoline,43404,,,41000,4,,False
2019,Ford,f-150,no_mention,6,gasoline,175773,,,17700,7,,False
2013,Ford,f-150,no_mention,6,gasoline,110400,,,8600,13,,False
2017,Ford,f-150,xlt,8,flex,228572,,,13300,9,,False
2022,Ford,f-150,lariat,6,hybrid,112817,,,44000,4,,False
2017,Ford,f-150,xlt,8,flex,148716,,,14000,9,,False
2014,Ford,f-150,no_mention,8,flex,105859,,,11100,12,,False
2021,Ford,f-150,xlt,6,gasoline,82920,,,30000,5,,False
2023,Ford,f-150,xl,6,gasoline,57794,,,40600,3,,False
2022,Ford,f-150,lariat,8,flex,150992,,,38000,4,,False
2021,Ford,f-150,platinum,8,flex,89314,,,51600,5,,False
2024,Ford,f-150,tremor,6,gasoline,11657,,,73600,2,,False
2022,Ford,f-150,xlt,8,flex,48000,,,42900,4,,False
2022,Ford,f-150,no_mention,8,flex,54564,,,43000,4,,False
2023,Ford,f-150,xl,6,gasoline,7757,,,47500,3,,False
2024,Ford,f-150,tremor,6,gasoline,19574,,,67500,2,,False
2022,Ford,f-150,no_mention,8,flex,23072,,,53500,4,,False
2018,Ford,f-150,lariat,6,gasoline,147631,,,18000,8,,False
2020,Ford,f-150,xlt,6,gasoline,106459,,,31250,6,,False
2019,Ford,f-150,xlt,6,gasoline,39903,,,37000,7,,False
2020,Ford,f-150,xlt,6,gasoline,90438,,,27900,6,,False
2022,Ford,f-150,xlt,6,gasoline,29985,,,41800,4,,False
2020,Ford,f-150,xlt,6,gasoline,178631,,,14900,6,,False
2023,Ford,f-150,xl,6,gasoline,36811,,,41800,3,,False
2019,Ford,f-150,lariat,6,gasoline,114467,,,28500,7,,False
2019,Ford,f-150,xlt,6,gasoline,188640,,,15500,7,,False
2019,Ford,f-150,lariat,6,gasoline,119889,,,31000,7,,False
2023,Ford,f-150,tremor,6,gasoline,56655,,,61000,3,,False
2023,Ford,f-150,tremor,6,gasoline,64118,,,55800,3,,False
2023,Ford,f-150,tremor,6,gasoline,53305,,,62750,3,,False
2023,Ford,f-150,tremor,6,gasoline,98513,,,55750,3,,False
2023,Ford,f-150,tremor,6,gasoline,34773,,,62000,3,,False
2022,Ford,f-150,tremor,6,gasoline,62752,,,52000,4,,False
2022,Ford,f-150,xlt,6,flex,75004,,,29300,4,,False
2018,Ford,f-150,xlt,6,flex,126622,,,18250,8,,False
2016,Ford,f-150,xlt,8,flex,148961,,,19700,10,,False
2016,Ford,f-150,lariat,6,gasoline,173314,,,13700,10,,False
2015,Ford,f-150,platinum,6,gasoline,176859,,,19750,11,,False
2020,Ford,f-150,xlt,6,gasoline,193502,,,15000,6,,False
2022,Ford,f-150,xlt,6,gasoline,104862,,,32750,4,,False
2016,Ford,f-150,xl,6,flex,55341,,,10000,10,,False
2017,Ford,f-150,xlt,6,flex,35702,,,19800,9,,False
2022,Ford,f-150,xl,6,flex,63885,,,29000,4,,False
2022,Ford,f-150,xl,6,flex,55906,,,31600,4,,False
2023,Ford,f-150,xlt,6,hybrid,63901,,,44250,3,,False
2013,Ford,f-150,xlt,8,flex,251305,,,7600,13,,False
2011,Ford,f-150,xl,8,flex,144002,,,4400,15,,False
2011,Ford,f-150,xl,8,flex,121817,,,6600,15,,False
2023,Ford,f-150,xlt,6,gasoline,50567,,,51100,3,,False
2023,Ford,f-150,xlt,6,gasoline,58755,,,41500,3,,False
2023,Ford,f-150,lariat,6,hybrid,75803,,,54000,3,,False
2022,Ford,f-150,limited,6,hybrid,97961,,,54000,4,,False
2022,Ford,f-150,lariat,6,hybrid,87700,,,48100,4,,False
2022,Ford,f-150,lariat,6,hybrid,47614,,,54800,4,,False
2023,Ford,f-150,king ranch,6,hybrid,69853,,,38800,3,,False
2022,Ford,f-150,xlt,6,hybrid,89710,,,42000,4,,False
2023,Ford,f-150,xlt,8,flex,95996,,,36800,3,,False
2021,Ford,f-150,xlt,8,flex,184467,,,19750,5,,False
2023,Ford,f-150,lariat,8,flex,31346,,,61200,3,,False
2022,Ford,f-150,xlt,8,flex,161471,,,30500,4,,False
2021,Ford,f-150,xlt,8,flex,226537,,,23000,5,,False
2023,Ford,f-150,no_mention,8,flex,59086,,,48750,3,,False
2020,Ford,f-150,xlt,8,flex,80351,,,25500,6,,False
2019,Ford,f-150,xlt,6,gasoline,92258,,,28000,7,,False
2020,Ford,f-150,xlt,6,gasoline,143513,,,25750,6,,False
2021,Ford,f-150,xlt,6,gasoline,111451,,,29000,5,,False
2016,Ford,f-150,xl,6,flex,142678,,,5850,10,,False
2019,Ford,f-150,xlt,6,gasoline,215292,,,9300,7,,False
2021,Ford,f-150,xl,6,flex,225906,,,13500,5,,False
2016,Ford,f-150,xlt,6,gasoline,41103,,,25800,10,,False
2019,Ford,f-150,lariat,6,diesel,167651,,,26100,7,,False
2019,Ford,f-150,xlt,6,gasoline,116342,,,27000,7,,False
2020,Ford,f-150,xlt,6,gasoline,190713,,,18900,6,,False
2019,Ford,f-150,xlt,6,gasoline,203976,,,7800,7,,False
2020,Ford,f-150,xlt,6,gasoline,140055,,,28600,6,,False
2024,Ford,f-150,raptor,6,gasoline,16920,,,99200,2,,False
2024,Ford,f-150,xlt,6,hybrid,41657,,,42000,2,,False
2024,Ford,f-150,lariat,6,gasoline,8164,,,70000,2,,False
2024,Ford,f-150,lariat,6,hybrid,18873,,,68300,2,,False
2024,Ford,f-150,king ranch,6,gasoline,33100,,,78200,2,,False
2024,Ford,f-150,king ranch,6,hybrid,10286,,,78000,2,,False
2022,Ford,f-150,xlt,8,flex,62623,,,40000,4,,False
2022,Ford,f-150,xlt,6,gasoline,59077,,,43600,4,,False
2023,Ford,f-150,xlt,6,gasoline,46357,,,49200,3,,False
2023,Ford,f-150,xlt,6,gasoline,103597,,,30600,3,,False
2023,Ford,f-150,xlt,6,gasoline,11961,,,46000,3,,False
2022,Ford,f-150,xlt,6,gasoline,171434,,,23900,4,,False
2023,Ford,f-150,platinum,6,gasoline,28303,,,65250,3,,False
2023,Ford,f-150,lariat,6,gasoline,18880,,,62100,3,,False
2022,Ford,f-150,no_mention,6,gasoline,57473,,,41000,4,,False
2023,Ford,f-150,xlt,6,gasoline,16109,,,46000,3,,False
2023,Ford,f-150,lariat,6,gasoline,37709,,,55600,3,,False
2023,Ford,f-150,xlt,6,gasoline,25820,,,46250,3,,False
2023,Ford,f-150,xlt,6,gasoline,26275,,,45000,3,,False
2024,Ford,f-150,platinum,6,hybrid,25140,,,80500,2,,False
2019,Ford,f-150,no_mention,6,gasoline,152977,,,29900,7,,False
2018,Ford,f-150,no_mention,6,gasoline,246500,,,16100,8,,False
2023,Ford,f-150,no_mention,6,gasoline,34404,,,44000,3,,False
2023,Ford,f-150,no_mention,6,gasoline,62159,,,37000,3,,False
2019,Ford,f-150,no_mention,8,flex,78984,,,33500,7,,False
2022,Ford,f-150,no_mention,6,gasoline,87974,,,43300,4,,False
2016,Ford,f-150,no_mention,8,flex,138851,,,24100,10,,False
2022,Ford,f-150,no_mention,6,gasoline,84972,,,55000,4,,False
2022,Ford,f-150,xlt,6,gasoline,41525,,,48000,4,,False
2019,Ford,f-150,lariat,6,gasoline,145748,,,29400,7,,False
2022,Ford,f-150,lariat,6,gasoline,49631,,,50800,4,,False
2023,Ford,f-150,lariat,6,gasoline,39677,,,55900,3,,False
2021,Ford,f-150,no_mention,6,gasoline,55617,,,43000,5,,False
2019,Ford,f-150,xlt,6,gasoline,174307,,,19250,7,,False
2023,Ford,f-150,lariat,6,gasoline,74612,,,48000,3,,False
2022,Ford,f-150,lariat,6,gasoline,47304,,,45200,4,,False
2022,Ford,f-150,lariat,6,gasoline,49395,,,37800,4,,False
2023,Ford,f-150,xlt,6,gasoline,31692,,,55200,3,,False
2021,Ford,f-150,no_mention,6,gasoline,64879,,,16500,5,,False
2023,Ford,f-150,lariat,6,gasoline,64613,,,45200,3,,False
2023,Ford,f-150,lariat,6,gasoline,54378,,,48600,3,,False
2023,Ford,f-150,lariat,6,gasoline,70055,,,40200,3,,False
2021,Ford,f-150,lariat,6,gasoline,94939,,,32000,5,,False
2022,Ford,f-150,xlt,6,gasoline,99239,,,27000,4,,False
2022,Ford,f-150,lariat,6,gasoline,74275,,,43000,4,,False
2022,Ford,f-150,lariat,6,gasoline,55807,,,46000,4,,False
2023,Ford,f-150,lariat,6,gasoline,38912,,,42400,3,,False
2023,Ford,f-150,lariat,6,gasoline,36550,,,55200,3,,False
2023,Ford,f-150,lariat,6,gasoline,37474,,,51000,3,,False
2023,Ford,f-150,xlt,6,gasoline,29950,,,49200,3,,False
2021,Ford,f-150,lariat,6,gasoline,101924,,,28000,5,,False
2022,Ford,f-150,lariat,6,gasoline,50453,,,35000,4,,False
2021,Ford,f-150,lariat,6,gasoline,86506,,,32200,5,,False
2022,Ford,f-150,no_mention,6,gasoline,61114,,,37600,4,,False
2023,Ford,f-150,xlt,6,gasoline,44063,,,35500,3,,False
2023,Ford,f-150,lariat,6,gasoline,42398,,,55000,3,,False
2023,Ford,f-150,lariat,6,gasoline,47709,,,52800,3,,False
2023,Ford,f-150,lariat,6,gasoline,41203,,,54200,3,,False
2021,Ford,f-150,xlt,6,gasoline,70498,,,24000,5,,False
2022,Ford,f-150,lariat,6,gasoline,86941,,,35000,4,,False
2023,Ford,f-150,xlt,6,gasoline,35334,,,46500,3,,False
2023,Ford,f-150,lariat,6,gasoline,51966,,,53200,3,,False
2023,Ford,f-150,lariat,6,gasoline,33148,,,53000,3,,False
2020,Ford,f-150,xlt,6,gasoline,112508,,,30700,6,,False
2020,Ford,f-150,xlt,8,flex,209210,,,11300,6,,False
2017,Ford,f-150,xlt,8,flex,141919,,,15250,9,,False
2018,Ford,f-150,xlt,6,gasoline,97241,,,24600,8,,False
2019,Ford,f-150,lariat,6,gasoline,123925,,,29000,7,,False
2022,Ford,f-150,xlt,6,gasoline,122812,,,31200,4,,False
2014,Ford,f-150,xlt,8,flex,74773,,,9300,12,,False
2015,Ford,f-150,xlt,8,flex,120236,,,19200,11,,False
2025,Ford,f-150,no_mention,8,gasoline,6278,,,47400,1,,False
2022,Ford,f-150,xl,6,flex,140996,,,19600,4,,False
2018,Ford,f-150,xlt,8,flex,132042,,,9000,8,,False
2022,Ford,f-150,xlt,6,gasoline,133508,,,27600,4,,False
2023,Ford,f-150,lariat,6,gasoline,32660,,,60000,3,,False
2022,Ford,f-150,platinum,6,hybrid,63782,,,49000,4,,False
2022,Ford,f-150,xlt,6,hybrid,49196,,,34200,4,,False
2022,Ford,f-150,limited,6,hybrid,83277,,,56200,4,,False
2021,Ford,f-150,lariat,6,hybrid,72997,,,37600,5,,False
2023,Ford,f-150,xlt,8,flex,65892,,,35000,3,,False
2023,Ford,f-150,xlt,8,flex,14193,,,45400,3,,False
2020,Ford,f-150,xlt,8,flex,120935,,,27700,6,,False
2022,Ford,f-150,lariat,8,flex,53045,,,43200,4,,False
2022,Ford,f-150,xlt,8,flex,162253,,,14200,4,,False
2022,Ford,f-150,lariat,8,flex,46898,,,47200,4,,False
2023,Ford,f-150,lariat,8,flex,42463,,,57000,3,,False
2018,Ford,f-150,lariat,6,gasoline,253451,,,8800,8,,False
2021,Ford,f-150,lariat,6,gasoline,65960,,,37000,5,,False
2024,Ford,f-150,no_mention,6,gasoline,32448,,,48200,2,,False
2019,Ford,f-150,no_mention,8,flex,184265,,,18500,7,,False
2019,Ford,f-150,xlt,6,flex,228697,,,12600,7,,False
2019,Ford,f-150,xl,6,gasoline,221728,,,9100,7,,False
2017,Ford,f-150,xlt,6,gasoline,292569,,,7400,9,,False
2015,Ford,f-150,xlt,6,gasoline,226371,,,4000,11,,False
2013,Ford,f-150,xlt,6,gasoline,146732,,,4300,13,,False
2024,Ford,f-150,xlt,6,gasoline,11099,,,60000,2,,False
2024,Ford,f-150,xlt,6,hybrid,8343,,,66000,2,,False
2024,Ford,f-150,xlt,6,hybrid,25778,,,63500,2,,False
2024,Ford,f-150,tremor,6,gasoline,31774,,,65000,2,,False
2024,Ford,f-150,lariat,8,gasoline,18832,,,69000,2,,False
2024,Ford,f-150,lariat,6,hybrid,5024,,,74250,2,,False
2024,Ford,f-150,king ranch,6,hybrid,7306,,,80500,2,,False
2023,Ford,f-150,xlt,6,gasoline,98659,,,31500,3,,False
2023,Ford,f-150,xlt,6,gasoline,34485,,,42200,3,,False
2022,Ford,f-150,platinum,6,gasoline,62456,,,35000,4,,False
2023,Ford,f-150,lariat,6,gasoline,48142,,,55800,3,,False
2023,Ford,f-150,xlt,6,gasoline,39828,,,50000,3,,False
2022,Ford,f-150,lariat,6,gasoline,75541,,,39600,4,,False
2021,Ford,f-150,xlt,6,gasoline,113469,,,26750,5,,False
2022,Ford,f-150,xlt,6,gasoline,90172,,,35250,4,,False
2022,Ford,f-150,xlt,6,gasoline,146518,,,25000,4,,False
2022,Ford,f-150,xlt,6,gasoline,80625,,,37200,4,,False
2023,Ford,f-150,lariat,6,gasoline,40144,,,56400,3,,False
2023,Ford,f-150,xlt,6,gasoline,43789,,,47000,3,,False
2023,Ford,f-150,xlt,6,gasoline,33276,,,49000,3,,False
2021,Ford,f-150,xlt,6,gasoline,195947,,,16400,5,,False
2022,Ford,f-150,xlt,6,gasoline,52670,,,40500,4,,False
2023,Ford,f-150,xlt,6,gasoline,34175,,,49200,3,,False
2023,Ford,f-150,xlt,6,gasoline,51057,,,46200,3,,False
2022,Ford,f-150,no_mention,6,gasoline,39782,,,47500,4,,False
2023,Ford,f-150,no_mention,8,flex,71176,,,44000,3,,False
2021,Ford,f-150,no_mention,6,gasoline,113973,,,35300,5,,False
2021,Ford,f-150,no_mention,6,gasoline,76737,,,41000,5,,False
2016,Ford,f-150,platinum,6,gasoline,130255,,,30900,10,,False
2024,Ford,f-150,no_mention,6,gasoline,25487,,,46900,2,,False
2023,Ford,f-150,limited,6,hybrid,77828,,,60300,3,,False
2018,Ford,f-150,no_mention,8,flex,136486,,,17400,8,,False
2020,Ford,f-150,xlt,6,gasoline,158246,,,22400,6,,False
2017,Ford,f-150,lariat,8,flex,141284,,,27000,9,,False
2021,Ford,f-150,no_mention,6,gasoline,114094,,,38500,5,,False
2019,Ford,f-150,no_mention,6,gasoline,148634,,,26900,7,,False
2019,Ford,f-150,no_mention,6,gasoline,281647,,,10000,7,,False
2013,Ford,f-150,no_mention,6,gasoline,271343,,,5100,13,,False
2017,Ford,f-150,no_mention,6,gasoline,218379,,,12300,9,,False
2023,Ford,f-150,tremor,6,gasoline,23577,,,63800,3,,False
2018,Ford,f-150,xlt,8,flex,103086,,,24600,8,,False
2020,Ford,f-150,no_mention,8,flex,83123,,,30900,6,,False
2018,Ford,f-150,no_mention,6,gasoline,167702,,,21200,8,,False
2018,Ford,f-150,no_mention,8,flex,96817,,,30400,8,,False
2023,Ford,f-150,no_mention,6,gasoline,43616,,,59200,3,,False
2018,Ford,f-150,lariat,6,gasoline,148706,,,26500,8,,False
2018,Ford,f-150,no_mention,8,flex,126161,,,23100,8,,False
2019,Ford,f-150,no_mention,6,gasoline,110696,,,25000,7,,False
2024,Ford,f-150,xlt,8,gasoline,17575,,,51900,2,,False
2013,Ford,f-150,xlt,8,flex,246479,,,6500,13,,False
2018,Ford,f-150,lariat,8,flex,201178,,,21000,8,,False
2011,Ford,f-150,no_mention,8,flex,126457,,,6900,15,,False
2021,Ford,f-150,no_mention,6,gasoline,68489,,,43200,5,,False
2023,Ford,f-150,platinum,8,flex,38513,,,61000,3,,False
2019,Ford,f-150,no_mention,8,flex,174990,,,13800,7,,False
2014,Ford,f-150,fx4,8,flex,202082,,,13100,12,,False
2021,Ford,f-150,no_mention,6,gasoline,87721,,,36000,5,,False
2023,Ford,f-150,no_mention,6,gasoline,21792,,,48600,3,,False
2019,Ford,f-150,no_mention,8,flex,103350,,,36500,7,,False
2020,Ford,f-150,no_mention,6,gasoline,245784,,,14500,6,,False
2017,Ford,f-150,lariat,8,flex,161530,,,18600,9,,False
2010,Ford,f-150,no_mention,8,flex,209774,,,3100,16,,False
2020,Ford,f-150,no_mention,8,flex,114561,,,28400,6,,False
2012,Ford,f-150,no_mention,6,gasoline,116884,,,3000,14,,False
2018,Ford,f-150,no_mention,8,flex,182208,,,20200,8,,False
2021,Ford,f-150,lariat,6,gasoline,157761,,,32000,5,,False
2019,Ford,f-150,xlt,6,gasoline,261284,,,12700,7,,False
2020,Ford,f-150,lariat,6,gasoline,37764,,,47000,6,,False
2016,Ford,f-150,xlt,6,flex,193554,,,8000,10,,False
2021,Ford,f-150,xlt,6,flex,147274,,,22500,5,,False
2021,Ford,f-150,xlt,8,flex,163136,,,22500,5,,False
2011,Ford,f-150,xlt,8,flex,242682,,,4250,15,,False
2019,Ford,f-150,xlt,8,flex,144733,,,20000,7,,False
2021,Ford,f-150,lariat,8,flex,127133,,,40000,5,,False
2020,Ford,f-150,lariat,8,flex,161709,,,22300,6,,False
2020,Ford,f-150,lariat,8,flex,102638,,,32250,6,,False
2021,Ford,f-150,xl,8,flex,209012,,,20500,5,,False
2016,Ford,f-150,lariat,6,gasoline,207737,,,20000,10,,False
2017,Ford,f-150,xlt,6,gasoline,202843,,,15000,9,,False
2024,Ford,f-150,lariat,6,gasoline,31262,,,65250,2,,False
2023,Ford,f-150,xlt,6,gasoline,132793,,,27500,3,,False
2023,Ford,f-150,xlt,6,gasoline,51444,,,37000,3,,False
2016,Ford,f-150,no_mention,8,flex,225770,,,9700,10,,False
2023,Ford,f-150,platinum,6,gasoline,66356,,,59500,3,,False
2019,Ford,f-150,no_mention,8,flex,164670,,,23600,7,,False
2017,Ford,f-150,xlt,8,flex,117378,,,26900,9,,False
2024,Ford,f-150,xlt,6,gasoline,51493,,,52300,2,,False
2018,Ford,f-150,lariat,6,gasoline,194959,,,8400,8,,False
2024,Ford,f-150,xlt,6,gasoline,17702,,,57100,2,,False
2023,Ford,f-150,no_mention,6,gasoline,48500,,,46700,3,,False
2023,Ford,f-150,raptor,6,gasoline,34042,,,86800,3,,False
2015,Ford,f-150,lariat,6,gasoline,246272,,,8500,11,,False
2022,Ford,f-150,xlt,8,flex,60322,,,46300,4,,False
2021,Ford,f-150,no_mention,6,gasoline,178558,,,21500,5,,False
2016,Ford,f-150,xlt,6,flex,277359,,,5200,10,,False
2018,Ford,f-150,no_mention,6,flex,64733,,,20000,8,,False
2022,Ford,f-150,xlt,6,gasoline,114958,,,35500,4,,False
2022,Ford,f-150,xlt,6,gasoline,139385,,,28750,4,,False
2021,Ford,f-150,xlt,6,gasoline,101104,,,34900,5,,False
2017,Ford,f-150,xlt,6,gasoline,147232,,,16800,9,,False
2020,Ford,f-150,xlt,6,gasoline,219642,,,13000,6,,False
2021,Ford,f-150,lariat,6,gasoline,109900,,,34000,5,,False
2023,Ford,f-150,lariat,6,gasoline,71200,,,47600,3,,False
2021,Ford,f-150,lariat,6,gasoline,101261,,,39000,5,,False
2016,Ford,f-150,xlt,6,gasoline,112211,,,21000,10,,False
2020,Ford,f-150,xlt,6,gasoline,284716,,,6800,6,,False
2019,Ford,f-150,xlt,8,flex,121987,,,27400,7,,False
2018,Ford,f-150,xlt,8,flex,238636,,,13900,8,,False
2020,Ford,f-150,xlt,8,flex,54369,,,36750,6,,False
2018,Ford,f-150,xlt,8,flex,270632,,,7800,8,,False
2019,Ford,f-150,xlt,8,flex,56098,,,32000,7,,False
2020,Ford,f-150,xlt,6,flex,157333,,,13600,6,,False
2021,Ford,f-150,xlt,6,flex,93074,,,28500,5,,False
2016,Ford,f-150,xlt,8,flex,94100,,,25000,10,,False
2017,Ford,f-150,xlt,8,flex,81917,,,29500,9,,False
2016,Ford,f-150,xlt,6,gasoline,214883,,,14000,10,,False
2015,Ford,f-150,xlt,6,gasoline,295392,,,6000,11,,False
2017,Ford,f-150,xlt,6,gasoline,118984,,,29400,9,,False
2022,Ford,f-150,xlt,8,flex,106380,,,38000,4,,False
2022,Ford,f-150,xlt,6,gasoline,22579,,,40000,4,,False
2016,Ford,f-150,xlt,8,flex,207740,,,12000,10,,False
2010,Ford,f-150,xl,8,gasoline,7587,,,12500,16,,False
2022,Ford,f-150,xlt,6,hybrid,61254,,,51000,4,,False
2017,Ford,f-150,xlt,8,flex,171174,,,22700,9,,False
2022,Ford,f-150,xlt,6,gasoline,145953,,,28100,4,,False
2022,Ford,f-150,platinum,6,gasoline,116243,,,47800,4,,False
2022,Ford,f-150,xlt,6,hybrid,91535,,,41600,4,,False
2022,Ford,f-150,xlt,6,hybrid,74767,,,50500,4,,False
2021,Ford,f-150,xlt,8,flex,62613,,,37500,5,,False
2023,Ford,f-150,xlt,8,flex,10206,,,46300,3,,False
2019,Ford,f-150,xlt,8,flex,89717,,,31300,7,,False
2023,Ford,f-150,xlt,8,flex,54955,,,44200,3,,False
2023,Ford,f-150,xlt,8,flex,48972,,,48500,3,,False
2023,Ford,f-150,xlt,8,flex,20540,,,47750,3,,False
2024,Ford,f-150,no_mention,6,gasoline,14651,,,49000,2,,False
2016,Ford,f-150,xl,6,flex,132843,,,12800,10,,False
2020,Ford,f-150,xlt,6,flex,134926,,,18500,6,,False
2018,Ford,f-150,lariat,6,gasoline,137374,,,20800,8,,False
2012,Ford,f-150,xlt,6,gasoline,183517,,,10300,14,,False
2019,Ford,f-150,xl,6,gasoline,120432,,,24900,7,,False
2019,Ford,f-150,xlt,6,gasoline,208800,,,12250,7,,False
2017,Ford,f-150,xlt,6,gasoline,253805,,,9400,9,,False
2017,Ford,f-150,xlt,6,gasoline,157507,,,21500,9,,False
2017,Ford,f-150,xlt,6,gasoline,175349,,,16000,9,,False
2017,Ford,f-150,xlt,6,gasoline,156252,,,20000,9,,False
2010,Ford,f-150,lariat,8,flex,220297,,,10000,16,,False
2023,Ford,f-150,raptor,6,gasoline,11666,,,90250,3,,False
2024,Ford,f-150,raptor,6,gasoline,19684,,,99500,2,,False
2024,Ford,f-150,xlt,8,gasoline,32155,,,57200,2,,False
2025,Ford,f-150,xlt,8,gasoline,9995,,,55600,1,,False
2024,Ford,f-150,xlt,6,gasoline,51893,,,48750,2,,False
2024,Ford,f-150,xlt,6,gasoline,50299,,,46500,2,,False
2024,Ford,f-150,xlt,6,gasoline,27388,,,59300,2,,False
2019,Ford,f-150,xl,8,flex,112584,,,22000,7,,False
2022,Ford,f-150,xlt,6,gasoline,17848,,,49000,4,,False
2022,Ford,f-150,xlt,6,gasoline,53225,,,44000,4,,False
2022,Ford,f-150,lariat,6,gasoline,62716,,,49000,4,,False
2023,Ford,f-150,xlt,6,gasoline,29309,,,47500,3,,False
2023,Ford,f-150,lariat,6,gasoline,45722,,,60000,3,,False
2021,Ford,f-150,limited,6,gasoline,74958,,,54700,5,,False
2023,Ford,f-150,xlt,6,gasoline,48280,,,42600,3,,False
2023,Ford,f-150,lariat,6,gasoline,37417,,,60000,3,,False
2021,Ford,f-150,xlt,6,gasoline,146072,,,32500,5,,False
2022,Ford,f-150,lariat,6,gasoline,55995,,,49100,4,,False
2022,Ford,f-150,xlt,6,gasoline,45743,,,44700,4,,False
2018,Ford,f-150,no_mention,8,flex,159405,,,21200,8,,False
2018,Ford,f-150,no_mention,6,gasoline,296555,,,8600,8,,False
2018,Ford,f-150,no_mention,6,flex,131434,,,23300,8,,False
2010,Ford,f-150,xl,8,gasoline,157356,,,4100,16,,False
2021,Ford,f-150,lariat,6,gasoline,75767,,,41500,5,,False
2023,Ford,f-150,no_mention,6,gasoline,55331,,,38500,3,,False
2016,Ford,f-150,no_mention,6,gasoline,107215,,,11000,10,,False
2024,Ford,f-150,tremor,6,gasoline,10077,,,67700,2,,False
2018,Ford,f-150,lariat,6,gasoline,117107,,,28900,8,,False
2022,Ford,f-150,no_mention,8,flex,40271,,,42900,4,,False
2021,Ford,f-150,no_mention,6,gasoline,34318,,,35000,5,,False
2020,Ford,f-150,xlt,6,gasoline,151471,,,27600,6,,False
2022,Ford,f-150,xlt,6,gasoline,37761,,,35000,4,,False
2018,Ford,f-150,lariat,6,gasoline,93966,,,29000,8,,False
2019,Ford,f-150,xlt,6,gasoline,143668,,,16500,7,,False
2021,Ford,f-150,lariat,6,gasoline,109566,,,36500,5,,False
2023,Ford,f-150,lariat,6,gasoline,49070,,,55500,3,,False
2022,Ford,f-150,xlt,6,gasoline,97969,,,39000,4,,False
2023,Ford,f-150,xl,6,gasoline,49189,,,41500,3,,False
2018,Ford,f-150,xlt,6,gasoline,76055,,,29700,8,,False
2018,Ford,f-150,xlt,6,gasoline,236119,,,11800,8,,False
2023,Ford,f-150,xlt,6,gasoline,48054,,,42100,3,,False
2019,Ford,f-150,lariat,6,gasoline,93987,,,35500,7,,False
2022,Ford,f-150,xlt,6,gasoline,48103,,,44100,4,,False
2019,Ford,f-150,xlt,6,gasoline,227135,,,12000,7,,False
2020,Ford,f-150,xlt,8,flex,124759,,,29000,6,,False
2023,Ford,f-150,tremor,6,gasoline,136414,,,51800,3,,False
2023,Ford,f-150,tremor,6,gasoline,98090,,,54000,3,,False
2023,Ford,f-150,tremor,6,gasoline,81152,,,57000,3,,False
2022,Ford,f-150,tremor,6,gasoline,80811,,,51500,4,,False
2023,Ford,f-150,tremor,6,gasoline,99057,,,53800,3,,False
2020,Ford,f-150,xlt,6,flex,184253,,,17750,6,,False
2017,Ford,f-150,lariat,8,flex,129567,,,19600,9,,False
2017,Ford,f-150,xlt,8,flex,279703,,,10000,9,,False
2016,Ford,f-150,xlt,8,flex,150520,,,20500,10,,False
2019,Ford,f-150,limited,6,gasoline,70571,,,41000,7,,False
2022,Ford,f-150,xlt,8,flex,102360,,,38500,4,,False
2022,Ford,f-150,xlt,6,hybrid,76330,,,38750,4,,False
2022,Ford,f-150,platinum,6,hybrid,74738,,,59200,4,,False
2015,Ford,f-150,xlt,8,flex,174643,,,17700,11,,False
2011,Ford,f-150,xl,8,flex,238999,,,4400,15,,False
2012,Ford,f-150,xl,8,flex,217730,,,4200,14,,False
2023,Ford,f-150,xlt,6,gasoline,31905,,,50000,3,,False
2023,Ford,f-150,xlt,6,gasoline,32781,,,46000,3,,False
2023,Ford,f-150,xlt,6,hybrid,74640,,,44500,3,,False
2022,Ford,f-150,xlt,6,hybrid,75959,,,42000,4,,False
2019,Ford,f-150,xlt,8,flex,35639,,,10000,7,,False
2022,Ford,f-150,lariat,8,flex,63143,,,54500,4,,False
2018,Ford,f-150,xlt,8,flex,167442,,,18000,8,,False
2022,Ford,f-150,platinum,8,flex,43641,,,63000,4,,False
2019,Ford,f-150,xlt,8,flex,147278,,,22100,7,,False
2020,Ford,f-150,xlt,8,flex,73544,,,31500,6,,False
2021,Ford,f-150,lariat,8,flex,86416,,,45000,5,,False
2023,Ford,f-150,xlt,8,flex,130704,,,36000,3,,False
2018,Ford,f-150,xlt,6,gasoline,165678,,,15400,8,,False
2021,Ford,f-150,lariat,6,gasoline,47102,,,41500,5,,False
2023,Ford,f-150,lariat,6,gasoline,24844,,,60250,3,,False
2023,Ford,f-150,xlt,6,gasoline,48977,,,38000,3,,False
2023,Ford,f-150,xlt,6,gasoline,67301,,,45000,3,,False
2019,Ford,f-150,xl,6,flex,209600,,,9250,7,,False
2019,Ford,f-150,xlt,6,flex,247788,,,6250,7,,False
2019,Ford,f-150,xlt,6,flex,174171,,,16000,7,,False
2019,Ford,f-150,lariat,6,gasoline,176007,,,20000,7,,False
2020,Ford,f-150,xlt,6,gasoline,166265,,,20100,6,,False
2019,Ford,f-150,xlt,6,gasoline,144898,,,27000,7,,False
2020,Ford,f-150,xlt,6,gasoline,175256,,,17000,6,,False
2020,Ford,f-150,xlt,6,gasoline,176226,,,16000,6,,False
2018,Ford,f-150,xlt,6,gasoline,165108,,,20800,8,,False
2013,Ford,f-150,fx4,6,gasoline,183647,,,16400,13,,False
2024,Ford,f-150,raptor,6,gasoline,52035,,,90000,2,,False
2023,Ford,f-150,raptor,6,gasoline,31235,,,94750,3,,False
2024,Ford,f-150,xlt,8,gasoline,63667,,,47500,2,,False
2024,Ford,f-150,lariat,6,gasoline,17169,,,67700,2,,False
2024,Ford,f-150,lariat,6,gasoline,13153,,,69500,2,,False
2019,Ford,f-150,xlt,8,flex,265904,,,5500,7,,False
2011,Ford,f-150,xlt,8,flex,43109,,,10500,15,,False
2012,Ford,f-150,xlt,8,flex,179499,,,7300,14,,False
2023,Ford,f-150,xlt,6,gasoline,65208,,,42750,3,,False
2022,Ford,f-150,xlt,6,gasoline,103166,,,36500,4,,False
2023,Ford,f-150,lariat,6,gasoline,208363,,,35750,3,,False
2023,Ford,f-150,xlt,6,gasoline,37136,,,45500,3,,False
2023,Ford,f-150,xlt,6,gasoline,78117,,,42500,3,,False
2021,Ford,f-150,lariat,6,gasoline,77995,,,46300,5,,False
2023,Ford,f-150,xlt,6,gasoline,74959,,,46500,3,,False
2023,Ford,f-150,xlt,6,gasoline,17416,,,48250,3,,False
2023,Ford,f-150,xlt,6,gasoline,6458,,,49700,3,,False
2024,Ford,f-150,king ranch,6,gasoline,32805,,,74200,2,,False
2021,Ford,f-150,xlt,6,gasoline,77148,,,39000,5,,False
2019,Ford,f-150,no_mention,6,flex,236681,,,14000,7,,False
2016,Ford,f-150,no_mention,6,gasoline,252966,,,10600,10,,False
2011,Ford,f-150,no_mention,8,flex,118160,,,7000,15,,False
2020,Ford,f-150,xlt,8,flex,154444,,,15000,6,,False
2024,Ford,f-150,lariat,6,hybrid,14918,,,71000,2,,False
2018,Ford,f-150,platinum,6,gasoline,169565,,,23600,8,,False
2014,Ford,f-150,no_mention,8,flex,169296,,,13200,12,,False
2013,Ford,f-150,no_mention,6,flex,178199,,,3000,13,,False
2017,Ford,f-150,xlt,8,flex,98695,,,18800,9,,False
2023,Ford,f-150,xlt,6,gasoline,31611,,,33000,3,,False
2023,Ford,f-150,xlt,6,gasoline,70871,,,38000,3,,False
2018,Ford,f-150,xlt,6,gasoline,222048,,,8500,8,,False
2019,Ford,f-150,xlt,6,gasoline,137018,,,24600,7,,False
2020,Ford,f-150,lariat,6,gasoline,142532,,,31000,6,,False
2021,Ford,f-150,lariat,6,gasoline,84144,,,35000,5,,False
2023,Ford,f-150,lariat,6,gasoline,70017,,,49400,3,,False
2023,Ford,f-150,lariat,6,gasoline,85669,,,46000,3,,False
2023,Ford,f-150,lariat,6,gasoline,66101,,,52400,3,,False
2023,Ford,f-150,xlt,6,gasoline,30246,,,41200,3,,False
2023,Ford,f-150,lariat,6,gasoline,102355,,,41400,3,,False
2023,Ford,f-150,lariat,6,gasoline,73913,,,44000,3,,False
2020,Ford,f-150,lariat,6,gasoline,149566,,,23700,6,,False
2023,Ford,f-150,xlt,6,gasoline,29439,,,45000,3,,False
2023,Ford,f-150,lariat,6,gasoline,30799,,,54600,3,,False
2020,Ford,f-150,xl,6,gasoline,200461,,,5000,6,,False
2023,Ford,f-150,lariat,6,gasoline,56341,,,55000,3,,False
2023,Ford,f-150,xlt,6,gasoline,49565,,,48000,3,,False
2020,Ford,f-150,xlt,6,gasoline,154425,,,14000,6,,False
2021,Ford,f-150,xlt,6,gasoline,78939,,,25600,5,,False
2022,Ford,f-150,lariat,6,gasoline,32319,,,46400,4,,False
2021,Ford,f-150,xl,6,gasoline,109243,,,16000,5,,False
2023,Ford,f-150,lariat,6,gasoline,35058,,,52800,3,,False
2018,Ford,f-150,xlt,6,gasoline,235961,,,14000,8,,False
2023,Ford,f-150,lariat,6,gasoline,49228,,,55000,3,,False
2023,Ford,f-150,lariat,6,gasoline,47830,,,57200,3,,False
2023,Ford,f-150,lariat,6,gasoline,49864,,,54200,3,,False
2021,Ford,f-150,lariat,6,gasoline,152283,,,27000,5,,False
2021,Ford,f-150,lariat,6,gasoline,147005,,,23400,5,,False
2023,Ford,f-150,lariat,6,gasoline,22649,,,56000,3,,False
2023,Ford,f-150,lariat,6,gasoline,41514,,,50200,3,,False
2023,Ford,f-150,xlt,6,gasoline,39503,,,47800,3,,False
2023,Ford,f-150,xlt,6,gasoline,37997,,,48000,3,,False
2023,Ford,f-150,lariat,6,gasoline,28094,,,56200,3,,False
2015,Ford,f-150,xlt,6,flex,184114,,,14400,11,,False
2022,Ford,f-150,xlt,6,flex,74670,,,24500,4,,False
2019,Ford,f-150,xlt,6,flex,219589,,,14100,7,,False
2018,Ford,f-150,xlt,6,flex,100808,,,17250,8,,False
2017,Ford,f-150,xlt,8,flex,159746,,,22000,9,,False
2018,Ford,f-150,xlt,6,gasoline,254780,,,8200,8,,False
2017,Ford,f-150,lariat,6,gasoline,216852,,,12200,9,,False
2017,Ford,f-150,xlt,6,gasoline,249364,,,10200,9,,False
2018,Ford,f-150,platinum,6,gasoline,230897,,,18500,8,,False
2014,Ford,f-150,xlt,8,flex,116921,,,7200,12,,False
2014,Ford,f-150,xlt,8,flex,132295,,,7700,12,,False
2022,Ford,f-150,xl,6,flex,150896,,,20000,4,,False
2023,Ford,f-150,lariat,6,hybrid,42259,,,57000,3,,False
2012,Ford,f-150,xlt,8,flex,121268,,,9200,14,,False
2014,Ford,f-150,xlt,8,flex,93849,,,14500,12,,False
2013,Ford,f-150,xlt,8,flex,129625,,,4200,13,,False
2012,Ford,f-150,xlt,8,flex,58508,,,5600,14,,False
2019,Ford,f-150,xlt,8,flex,248380,,,3500,7,,False
2020,Ford,f-150,xl,6,gasoline,201093,,,12600,6,,False
2023,Ford,f-150,tremor,6,gasoline,30000,,,65000,3,,False
2021,Ford,f-150,xlt,6,gasoline,70418,,,40600,5,,False
2022,Ford,f-150,xlt,6,gasoline,46844,,,36800,4,,False
2023,Ford,f-150,lariat,6,gasoline,55150,,,55800,3,,False
2023,Ford,f-150,lariat,6,gasoline,70240,,,56000,3,,False
2022,Ford,f-150,xlt,6,hybrid,86337,,,33500,4,,False
2022,Ford,f-150,xlt,6,hybrid,37569,,,46400,4,,False
2021,Ford,f-150,lariat,6,hybrid,117633,,,26400,5,,False
2023,Ford,f-150,xlt,6,hybrid,65587,,,40500,3,,False
2023,Ford,f-150,lariat,6,hybrid,43495,,,59200,3,,False
2023,Ford,f-150,lariat,6,hybrid,37042,,,56600,3,,False
2021,Ford,f-150,lariat,6,hybrid,80072,,,29000,5,,False
2021,Ford,f-150,lariat,8,flex,99747,,,46500,5,,False
2022,Ford,f-150,xlt,8,flex,30432,,,35000,4,,False
2022,Ford,f-150,xlt,8,flex,99655,,,35400,4,,False
2019,Ford,f-150,xlt,8,flex,215731,,,4000,7,,False
2021,Ford,f-150,lariat,8,flex,112572,,,30400,5,,False
2021,Ford,f-150,lariat,8,flex,127045,,,33400,5,,False
2023,Ford,f-150,lariat,8,flex,44707,,,57200,3,,False
2021,Ford,f-150,xlt,8,flex,190937,,,17000,5,,False
2019,Ford,f-150,xlt,8,flex,152504,,,20000,7,,False
2020,Ford,f-150,xlt,8,flex,124201,,,17900,6,,False
2021,Ford,f-150,xlt,8,flex,47302,,,24000,5,,False
2022,Ford,f-150,lariat,6,gasoline,84730,,,45200,4,,False
2024,Ford,f-150,xlt,6,gasoline,24130,,,48800,2,,False
2024,Ford,f-150,xlt,6,gasoline,14870,,,54600,2,,False
2024,Ford,f-150,xlt,6,gasoline,21126,,,54000,2,,False
2019,Ford,f-150,lariat,6,gasoline,112938,,,32500,7,,False
2020,Ford,f-150,xlt,6,gasoline,58346,,,32000,6,,False
2020,Ford,f-150,xlt,6,gasoline,143531,,,24800,6,,False
2018,Ford,f-150,xlt,6,gasoline,157808,,,20200,8,,False
2013,Ford,f-150,xlt,6,gasoline,206510,,,6400,13,,False
2023,Ford,f-150,raptor,6,gasoline,6053,,,89200,3,,False
2023,Ford,f-150,raptor,6,gasoline,15581,,,91000,3,,False
2024,Ford,f-150,xlt,6,gasoline,24927,,,57200,2,,False
2025,Ford,f-150,king ranch,6,gasoline,6483,,,81000,1,,False
2024,Ford,f-150,platinum,6,gasoline,18709,,,91000,2,,False
2024,Ford,f-150,platinum,6,gasoline,11203,,,80000,2,,False
2020,Ford,f-150,xl,6,gasoline,127821,,,17300,6,,False
2014,Ford,f-150,xlt,8,flex,89384,,,11300,12,,False
2023,Ford,f-150,lariat,6,gasoline,49420,,,55200,3,,False
2023,Ford,f-150,xlt,6,gasoline,35433,,,44250,3,,False
2023,Ford,f-150,lariat,6,gasoline,104692,,,44000,3,,False
2023,Ford,f-150,lariat,6,gasoline,47903,,,50200,3,,False
2023,Ford,f-150,xlt,6,gasoline,78175,,,40700,3,,False
2022,Ford,f-150,xlt,6,gasoline,87105,,,33200,4,,False
2023,Ford,f-150,xlt,6,gasoline,16837,,,41250,3,,False
2023,Ford,f-150,lariat,6,gasoline,30434,,,57000,3,,False
2023,Ford,f-150,xlt,6,gasoline,77608,,,41100,3,,False
2023,Ford,f-150,no_mention,6,gasoline,32772,,,56000,3,,False
2024,Ford,f-150,xlt,6,gasoline,6350,,,55000,2,,False
2024,Ford,f-150,no_mention,6,gasoline,26754,,,47000,2,,False
2023,Ford,f-150,no_mention,6,gasoline,49949,,,45400,3,,False
2024,Ford,f-150,tremor,6,gasoline,16741,,,68500,2,,False
2024,Ford,f-150,xlt,6,gasoline,6143,,,57200,2,,False
2017,Ford,f-150,xlt,6,gasoline,259036,,,9800,9,,False
2022,Ford,f-150,no_mention,8,flex,131787,,,23500,4,,False
2022,Ford,f-150,lariat,6,gasoline,43461,,,55000,4,,False
2022,Ford,f-150,xlt,6,gasoline,96271,,,38700,4,,False
2013,Ford,f-150,no_mention,8,flex,297182,,,5500,13,,False
2019,Ford,f-150,xlt,6,gasoline,144326,,,27600,7,,False
2018,Ford,f-150,no_mention,8,flex,147844,,,28400,8,,False
2012,Ford,f-150,xlt,8,flex,173924,,,4200,14,,False
2022,Ford,f-150,no_mention,6,gasoline,71159,,,36000,4,,False
2022,Ford,f-150,no_mention,6,gasoline,30275,,,39100,4,,False
2023,Ford,f-150,xlt,6,gasoline,20160,,,50000,3,,False
2020,Ford,f-150,no_mention,8,flex,97127,,,34400,6,,False
2019,Ford,f-150,xlt,6,gasoline,39788,,,34600,7,,False
2022,Ford,f-150,xlt,8,flex,113476,,,21500,4,,False
2017,Ford,f-150,no_mention,6,gasoline,175154,,,16800,9,,False
2021,Ford,f-150,lariat,6,gasoline,73863,,,43300,5,,False
2022,Ford,f-150,no_mention,6,hybrid,154736,,,41100,4,,False
2016,Ford,f-150,no_mention,8,flex,107489,,,19300,10,,False
2012,Ford,f-150,no_mention,8,flex,160860,,,16000,14,,False
2021,Ford,f-150,lariat,6,gasoline,73632,,,48200,5,,False
2015,Ford,f-150,lariat,8,flex,89091,,,25400,11,,False
2020,Ford,f-150,no_mention,8,flex,241518,,,17000,6,,False
2022,Ford,f-150,no_mention,6,hybrid,85926,,,40700,4,,False
2019,Ford,f-150,no_mention,6,gasoline,78592,,,35500,7,,False
2019,Ford,f-150,no_mention,6,gasoline,116300,,,29300,7,,False
2022,Ford,f-150,lariat,6,gasoline,54444,,,49600,4,,False
2016,Ford,f-150,no_mention,8,flex,131663,,,25100,10,,False
2023,Ford,f-150,no_mention,6,gasoline,18429,,,61700,3,,False
2021,Ford,f-150,lariat,6,gasoline,53935,,,46200,5,,False
2021,Ford,f-150,xlt,6,hybrid,32655,,,37000,5,,False
2024,Ford,f-150,xlt,6,gasoline,10363,,,39000,2,,False
2021,Ford,f-150,lariat,6,gasoline,167834,,,31100,5,,False
2019,Ford,f-150,xlt,6,gasoline,177607,,,17400,7,,False
2017,Ford,f-150,xlt,6,flex,166661,,,17500,9,,False
2022,Ford,f-150,tremor,6,gasoline,86467,,,51600,4,,False
2023,Ford,f-150,xlt,8,flex,83207,,,44000,3,,False
2024,Ford,f-150,no_mention,6,gasoline,44879,,,40000,2,,False
2020,Ford,f-150,xlt,6,flex,252989,,,11900,6,,False
2018,Ford,f-150,raptor,6,gasoline,175345,,,36200,8,,False
2018,Ford,f-150,raptor,6,gasoline,109783,,,49500,8,,False
2024,Ford,f-150,tremor,6,gasoline,21785,,,67000,2,,False
2013,Ford,f-150,xlt,8,flex,210355,,,11100,13,,False
2021,Ford,f-150,xlt,6,gasoline,122947,,,33500,5,,False
2023,Ford,f-150,xlt,6,gasoline,42045,,,46400,3,,False
2019,Ford,f-150,no_mention,6,gasoline,186361,,,16800,7,,False
2021,Ford,f-150,no_mention,6,gasoline,158011,,,32600,5,,False
2016,Ford,f-150,no_mention,6,gasoline,190454,,,6900,10,,False
2019,Ford,f-150,no_mention,8,flex,66063,,,30800,7,,False
2015,Ford,f-150,lariat,8,flex,291448,,,9500,11,,False
2024,Ford,f-150,xlt,6,gasoline,22300,,,48000,2,,False
2023,Ford,f-150,no_mention,6,hybrid,80340,,,60600,3,,False
2022,Ford,f-150,xlt,8,flex,26618,,,49900,4,,False
2018,Ford,f-150,lariat,6,gasoline,211111,,,19500,8,,False
2022,Ford,f-150,xlt,6,gasoline,50628,,,45000,4,,False
2023,Ford,f-150,no_mention,6,gasoline,41890,,,47200,3,,False
2021,Ford,f-150,lariat,6,gasoline,77456,,,30300,5,,False
2023,Ford,f-150,xlt,6,gasoline,70036,,,45500,3,,False
2023,Ford,f-150,xlt,6,gasoline,45373,,,41250,3,,False
2019,Ford,f-150,xlt,6,gasoline,189573,,,24250,7,,False
2022,Ford,f-150,xlt,6,gasoline,31802,,,42500,4,,False
2020,Ford,f-150,lariat,6,gasoline,204891,,,20500,6,,False
2021,Ford,f-150,lariat,6,gasoline,85100,,,40000,5,,False
2020,Ford,f-150,xlt,6,gasoline,52461,,,37000,6,,False
2020,Ford,f-150,xlt,8,flex,129549,,,31000,6,,False
2020,Ford,f-150,xlt,8,flex,186689,,,18750,6,,False
2023,Ford,f-150,tremor,6,gasoline,57887,,,53400,3,,False
2020,Ford,f-150,xlt,6,flex,148090,,,22000,6,,False
2019,Ford,f-150,xlt,6,flex,209257,,,9500,7,,False
2021,Ford,f-150,xlt,6,flex,114484,,,30900,5,,False
2015,Ford,f-150,lariat,6,gasoline,163515,,,19200,11,,False
2017,Ford,f-150,xlt,6,gasoline,194108,,,14000,9,,False
2018,Ford,f-150,xlt,6,gasoline,204832,,,16000,8,,False
2017,Ford,f-150,xlt,6,gasoline,257271,,,11500,9,,False
2017,Ford,f-150,lariat,6,gasoline,138559,,,28600,9,,False
2021,Ford,f-150,lariat,6,gasoline,56414,,,41750,5,,False
2021,Ford,f-150,xlt,8,flex,68132,,,39000,5,,False
2022,Ford,f-150,xlt,8,flex,86479,,,36000,4,,False
2021,Ford,f-150,xlt,6,gasoline,81055,,,37000,5,,False
2018,Ford,f-150,xl,6,gasoline,166094,,,5400,8,,False
2023,Ford,f-150,xlt,6,hybrid,55382,,,58250,3,,False
2016,Ford,f-150,xlt,8,flex,258839,,,5400,10,,False
2016,Ford,f-150,xlt,8,flex,129547,,,24250,10,,False
2023,Ford,f-150,xl,6,gasoline,35337,,,35750,3,,False
2023,Ford,f-150,lariat,6,hybrid,41856,,,57250,3,,False
2021,Ford,f-150,xlt,8,flex,78463,,,37500,5,,False
2022,Ford,f-150,xlt,8,flex,120300,,,31500,4,,False
2018,Ford,f-150,xl,6,gasoline,181042,,,7000,8,,False
2016,Ford,f-150,xl,6,flex,171576,,,14300,10,,False
2020,Ford,f-150,xlt,6,gasoline,129921,,,29800,6,,False
2020,Ford,f-150,xlt,6,gasoline,129941,,,23800,6,,False
2019,Ford,f-150,xlt,6,gasoline,184943,,,17000,7,,False
2014,Ford,f-150,xlt,6,gasoline,221883,,,7500,12,,False
2022,Ford,f-150,xlt,6,gasoline,172615,,,12500,4,,False
2021,Ford,f-150,xlt,6,gasoline,189013,,,17750,5,,False
2023,Ford,f-150,lariat,6,gasoline,49082,,,58750,3,,False
2022,Ford,f-150,xlt,6,gasoline,41772,,,46000,4,,False
2022,Ford,f-150,lariat,6,gasoline,120983,,,40750,4,,False
2022,Ford,f-150,xlt,6,gasoline,58756,,,41000,4,,False
2023,Ford,f-150,xlt,6,gasoline,23200,,,51750,3,,False
2023,Ford,f-150,lariat,6,gasoline,74500,,,51500,3,,False
2022,Ford,f-150,lariat,6,gasoline,58143,,,47500,4,,False
2023,Ford,f-150,no_mention,6,gasoline,40765,,,51500,3,,False
2021,Ford,f-150,xlt,6,gasoline,137573,,,30500,5,,False
2022,Ford,f-150,platinum,8,flex,30500,,,41000,4,,False
2019,Ford,f-150,no_mention,6,gasoline,120295,,,37500,7,,False
2014,Ford,f-150,lariat,6,gasoline,176265,,,12700,12,,False
2020,Ford,f-150,no_mention,6,gasoline,98230,,,30800,6,,False
2015,Ford,f-150,no_mention,8,flex,184013,,,16800,11,,False
2015,Ford,f-150,xlt,8,flex,248823,,,10500,11,,False
2019,Ford,f-150,xlt,8,flex,133060,,,20500,7,,False
2014,Ford,f-150,no_mention,6,gasoline,173249,,,5900,12,,False
2021,Ford,f-150,xl,6,gasoline,76720,,,36000,5,,False
2023,Ford,f-150,lariat,6,gasoline,31966,,,56000,3,,False
2023,Ford,f-150,lariat,6,gasoline,25206,,,56000,3,,False
2023,Ford,f-150,xlt,6,gasoline,38675,,,49500,3,,False
2018,Ford,f-150,xlt,6,gasoline,158061,,,19400,8,,False
2020,Ford,f-150,xlt,6,gasoline,184705,,,17600,6,,False
2023,Ford,f-150,lariat,6,gasoline,55589,,,51000,3,,False
2023,Ford,f-150,lariat,6,gasoline,41529,,,49000,3,,False
2022,Ford,f-150,lariat,6,gasoline,42621,,,44250,4,,False
2023,Ford,f-150,xlt,6,gasoline,55057,,,44500,3,,False
2023,Ford,f-150,lariat,6,gasoline,47740,,,55750,3,,False
2023,Ford,f-150,lariat,6,gasoline,82959,,,47500,3,,False
2020,Ford,f-150,xlt,6,gasoline,163949,,,23000,6,,False
2023,Ford,f-150,lariat,6,gasoline,57204,,,56000,3,,False
2023,Ford,f-150,lariat,6,gasoline,19805,,,56500,3,,False
2023,Ford,f-150,xlt,6,gasoline,42156,,,40000,3,,False
2020,Ford,f-150,lariat,6,gasoline,105515,,,36250,6,,False
2021,Ford,f-150,xlt,6,gasoline,71630,,,32000,5,,False
2023,Ford,f-150,xlt,6,gasoline,95379,,,41500,3,,False
2020,Ford,f-150,xlt,6,gasoline,200868,,,20000,6,,False
2022,Ford,f-150,lariat,6,gasoline,93510,,,39500,4,,False
2022,Ford,f-150,lariat,6,gasoline,56359,,,46600,4,,False
2023,Ford,f-150,xlt,6,gasoline,32264,,,44250,3,,False
2022,Ford,f-150,xlt,6,gasoline,118420,,,30000,4,,False
2020,Ford,f-150,xlt,6,gasoline,131296,,,22000,6,,False
2020,Ford,f-150,xlt,6,gasoline,67881,,,33400,6,,False
2023,Ford,f-150,lariat,6,gasoline,31780,,,56250,3,,False
2023,Ford,f-150,lariat,6,gasoline,85998,,,45000,3,,False
2018,Ford,f-150,xlt,6,gasoline,90427,,,24000,8,,False
2021,Ford,f-150,lariat,6,gasoline,83105,,,39300,5,,False
2021,Ford,f-150,lariat,6,gasoline,69326,,,42500,5,,False
2023,Ford,f-150,lariat,6,gasoline,110770,,,43500,3,,False
2023,Ford,f-150,lariat,6,gasoline,40849,,,54500,3,,False
2020,Ford,f-150,xlt,6,gasoline,146190,,,24000,6,,False
2018,Ford,f-150,xlt,8,flex,129174,,,16900,8,,False
2020,Ford,f-150,lariat,8,flex,109278,,,22750,6,,False
2020,Ford,f-150,lariat,8,flex,145231,,,28000,6,,False
2018,Ford,f-150,xl,8,flex,109953,,,15600,8,,False
2023,Ford,f-150,tremor,6,gasoline,40295,,,62500,3,,False
2023,Ford,f-150,tremor,6,gasoline,95717,,,58100,3,,False
2021,Ford,f-150,tremor,6,gasoline,139220,,,41700,5,,False
2017,Ford,f-150,xlt,6,flex,200151,,,12500,9,,False
2020,Ford,f-150,xl,6,flex,165928,,,18000,6,,False
2017,Ford,f-150,xlt,8,flex,98695,,,16250,9,,False
2018,Ford,f-150,xlt,6,gasoline,167975,,,14300,8,,False
2017,Ford,f-150,xlt,6,gasoline,281754,,,7500,9,,False
2021,Ford,f-150,lariat,6,gasoline,107553,,,38250,5,,False
2021,Ford,f-150,lariat,6,gasoline,76256,,,34250,5,,False
2022,Ford,f-150,lariat,6,gasoline,55863,,,38250,4,,False
2016,Ford,f-150,xlt,8,flex,194580,,,13200,10,,False
2017,Ford,f-150,xlt,6,gasoline,180377,,,13000,9,,False
2022,Ford,f-150,lariat,6,hybrid,64475,,,51750,4,,False
2021,Ford,f-150,limited,6,hybrid,165583,,,27250,5,,False
2014,Ford,f-150,xlt,8,flex,132065,,,8600,12,,False
2011,Ford,f-150,no_mention,8,flex,148957,,,11000,15,,False
2023,Ford,f-150,xlt,6,gasoline,13895,,,41500,3,,False
2023,Ford,f-150,xlt,6,gasoline,8445,,,47400,3,,False
2023,Ford,f-150,xlt,6,gasoline,86115,,,38250,3,,False
2023,Ford,f-150,xlt,6,gasoline,91525,,,38000,3,,False
2021,Ford,f-150,xlt,6,hybrid,206077,,,17250,5,,False
2023,Ford,f-150,xlt,6,hybrid,33619,,,50000,3,,False
2021,Ford,f-150,lariat,6,hybrid,75050,,,42000,5,,False
2022,Ford,f-150,lariat,6,hybrid,70233,,,48000,4,,False
2022,Ford,f-150,lariat,6,hybrid,93295,,,46300,4,,False
2023,Ford,f-150,limited,6,hybrid,100861,,,56900,3,,False
2020,Ford,f-150,lariat,8,flex,96286,,,41000,6,,False
2022,Ford,f-150,lariat,8,flex,68877,,,55250,4,,False
2022,Ford,f-150,xlt,8,flex,146875,,,29900,4,,False
2020,Ford,f-150,xlt,8,flex,166054,,,24000,6,,False
2021,Ford,f-150,platinum,8,flex,100637,,,37500,5,,False
2023,Ford,f-150,xlt,6,gasoline,50688,,,54000,3,,False
2021,Ford,f-150,xlt,6,gasoline,97042,,,35000,5,,False
2022,Ford,f-150,xlt,6,gasoline,95345,,,32000,4,,False
2024,Ford,f-150,no_mention,6,gasoline,41282,,,44250,2,,False
2024,Ford,f-150,no_mention,6,gasoline,34809,,,42250,2,,False
2024,Ford,f-150,xlt,6,gasoline,30755,,,53250,2,,False
2024,Ford,f-150,xlt,6,gasoline,20171,,,54000,2,,False
2014,Ford,f-150,xl,6,flex,195107,,,5300,12,,False
2020,Ford,f-150,xlt,6,gasoline,176704,,,13750,6,,False
2020,Ford,f-150,lariat,6,gasoline,166095,,,25500,6,,False
2018,Ford,f-150,xl,6,gasoline,156994,,,13750,8,,False
2024,Ford,f-150,no_mention,6,gasoline,21448,,,50000,2,,False
2024,Ford,f-150,xlt,6,hybrid,25980,,,66500,2,,False
2024,Ford,f-150,xlt,6,hybrid,19772,,,61250,2,,False
2024,Ford,f-150,tremor,6,gasoline,14651,,,76250,2,,False
2024,Ford,f-150,lariat,8,gasoline,6202,,,65250,2,,False
2024,Ford,f-150,lariat,8,gasoline,25604,,,74500,2,,False
2024,Ford,f-150,lariat,6,gasoline,5144,,,77000,2,,False
2024,Ford,f-150,lariat,6,hybrid,36070,,,62750,2,,False
2024,Ford,f-150,platinum,6,hybrid,14866,,,81500,2,,False
2023,Ford,f-150,xlt,6,gasoline,28582,,,45000,3,,False
2022,Ford,f-150,xlt,6,gasoline,116015,,,30000,4,,False
2023,Ford,f-150,xlt,6,gasoline,60953,,,45750,3,,False
2023,Ford,f-150,xlt,6,gasoline,9481,,,47400,3,,False
2023,Ford,f-150,king ranch,6,gasoline,24464,,,60000,3,,False
2021,Ford,f-150,platinum,6,gasoline,72399,,,28000,5,,False
2021,Ford,f-150,xlt,6,gasoline,188472,,,24250,5,,False
2021,Ford,f-150,lariat,6,gasoline,127829,,,28750,5,,False
2021,Ford,f-150,xlt,6,gasoline,79488,,,32500,5,,False
2021,Ford,f-150,xlt,6,gasoline,82216,,,34000,5,,False
2022,Ford,f-150,xlt,6,gasoline,78727,,,36000,4,,False
2022,Ford,f-150,xlt,6,gasoline,38458,,,30750,4,,False
2023,Ford,f-150,xlt,6,gasoline,44370,,,50250,3,,False
2021,Ford,f-150,xlt,6,gasoline,151982,,,25700,5,,False
2022,Ford,f-150,xlt,6,gasoline,109506,,,28500,4,,False
2021,Ford,f-150,lariat,6,gasoline,157593,,,21000,5,,False
2021,Ford,f-150,lariat,6,gasoline,100522,,,43750,5,,False
2023,Ford,f-150,xlt,6,gasoline,8578,,,46800,3,,False
2021,Ford,f-150,lariat,6,gasoline,207215,,,30250,5,,False
2022,Ford,f-150,lariat,6,gasoline,136340,,,32500,4,,False
2023,Ford,f-150,xlt,6,gasoline,52397,,,48000,3,,False
2022,Ford,f-150,lariat,6,gasoline,94922,,,48500,4,,False
2022,Ford,f-150,king ranch,6,gasoline,83583,,,55000,4,,False
2022,Ford,f-150,xlt,6,gasoline,59386,,,30250,4,,False
2023,Ford,f-150,lariat,6,gasoline,69322,,,55800,3,,False
2017,Ford,f-150,no_mention,8,flex,149817,,,18200,9,,False
2023,Ford,f-150,tremor,6,gasoline,35870,,,61000,3,,False
2021,Ford,f-150,no_mention,6,gasoline,148616,,,31000,5,,False
2016,Ford,f-150,xlt,6,gasoline,146050,,,17500,10,,False
2023,Ford,f-150,no_mention,6,gasoline,125622,,,40000,3,,False
2024,Ford,f-150,xlt,6,gasoline,32200,,,54400,2,,False
2012,Ford,f-150,no_mention,6,gasoline,176779,,,5000,14,,False
2018,Ford,f-150,no_mention,8,flex,176861,,,15000,8,,False
2021,Ford,f-150,no_mention,8,flex,85735,,,36100,5,,False
2023,Ford,f-150,lariat,6,gasoline,48937,,,52300,3,,False
2019,Ford,f-150,xlt,6,gasoline,179055,,,9000,7,,False
2023,Ford,f-150,no_mention,6,gasoline,33612,,,50000,3,,False
2016,Ford,f-150,xlt,8,flex,115131,,,24700,10,,False
2022,Ford,f-150,xlt,8,flex,68615,,,48000,4,,False
2023,Ford,f-150,no_mention,6,hybrid,37580,,,51600,3,,False
2022,Ford,f-150,platinum,8,flex,29241,,,38000,4,,False
2019,Ford,f-150,no_mention,8,flex,86033,,,47265,7,,False
2019,Ford,f-150,xlt,8,flex,93299,,,30000,7,,False
2021,Ford,f-150,xlt,6,gasoline,215704,,,16500,5,,False
2018,Ford,f-150,no_mention,6,gasoline,176970,,,21500,8,,False
2013,Ford,f-150,no_mention,6,gasoline,216398,,,7800,13,,False
2018,Ford,f-150,no_mention,6,gasoline,180916,,,22700,8,,False
2013,Ford,f-150,no_mention,8,flex,264564,,,3500,13,,False
2020,Ford,f-150,no_mention,6,gasoline,57471,,,30200,6,,False
2014,Ford,f-150,no_mention,8,flex,232538,,,3400,12,,False
2019,Ford,f-150,no_mention,8,flex,97772,,,26100,7,,False
2024,Ford,f-150,xl,8,gasoline,7586,,,52200,2,,False
2014,Ford,f-150,no_mention,6,gasoline,157606,,,15300,12,,False
2017,Ford,f-150,no_mention,8,flex,148000,,,18100,9,,False
2020,Ford,f-150,limited,6,gasoline,188415,,,27500,6,,False
2017,Ford,f-150,limited,6,gasoline,152743,,,24000,9,,False
2012,Ford,f-150,fx4,8,flex,213153,,,5100,14,,False
2014,Ford,f-150,no_mention,8,flex,145723,,,11900,12,,False
2018,Ford,f-150,no_mention,8,flex,218819,,,15300,8,,False
2013,Ford,f-150,no_mention,8,flex,188633,,,5700,13,,False
2019,Ford,f-150,xlt,6,flex,174772,,,18000,7,,False
2022,Ford,f-150,tremor,6,gasoline,11262,,,58500,4,,False
2016,Ford,f-150,no_mention,6,gasoline,141644,,,26700,10,,False
2023,Ford,f-150,xlt,6,gasoline,33968,,,47200,3,,False
2021,Ford,f-150,no_mention,6,gasoline,196509,,,18100,5,,False
2018,Ford,f-150,no_mention,6,gasoline,164754,,,18900,8,,False
2022,Ford,f-150,no_mention,6,gasoline,25247,,,46000,4,,False
2014,Ford,f-150,no_mention,8,flex,215886,,,6000,12,,False
2023,Ford,f-150,no_mention,6,hybrid,46357,,,48000,3,,False
2022,Ford,f-150,no_mention,6,gasoline,61683,,,37000,4,,False
2018,Ford,f-150,no_mention,6,flex,123876,,,20600,8,,False
2023,Ford,f-150,no_mention,6,hybrid,8286,,,70100,3,,False
2013,Ford,f-150,no_mention,8,flex,40877,,,17000,13,,False
2019,Ford,f-150,lariat,6,gasoline,45846,,,39600,7,,False
2021,Ford,f-150,xlt,6,gasoline,109583,,,32500,5,,False
2022,Ford,f-150,xl,6,gasoline,55333,,,38900,4,,False
2019,Ford,f-150,xlt,6,gasoline,126272,,,23800,7,,False
2020,Ford,f-150,xlt,8,flex,178399,,,21800,6,,False
2023,Ford,f-150,tremor,6,gasoline,28305,,,66000,3,,False
2018,Ford,f-150,lariat,6,gasoline,110137,,,25250,8,,False
2018,Ford,f-150,lariat,8,flex,128054,,,22500,8,,False
2019,Ford,f-150,xlt,8,flex,255940,,,11250,7,,False
2017,Ford,f-150,xlt,6,gasoline,165839,,,14000,9,,False
2019,Ford,f-150,xlt,6,gasoline,95293,,,15000,7,,False
2020,Ford,f-150,xlt,6,gasoline,102460,,,30200,6,,False
2021,Ford,f-150,lariat,6,gasoline,103204,,,42800,5,,False
2020,Ford,f-150,no_mention,6,gasoline,155048,,,36400,6,,False
2021,Ford,f-150,no_mention,6,gasoline,229524,,,14000,5,,False
2022,Ford,f-150,lariat,6,hybrid,60464,,,53500,4,,False
2013,Ford,f-150,no_mention,6,gasoline,116138,,,12800,13,,False
2023,Ford,f-150,xlt,6,gasoline,44790,,,47000,3,,False
2013,Ford,f-150,no_mention,8,flex,79320,,,13200,13,,False
2016,Ford,f-150,no_mention,8,flex,150401,,,23800,10,,False
2014,Ford,f-150,no_mention,8,flex,219130,,,8000,12,,False
2023,Ford,f-150,lariat,6,gasoline,38067,,,56200,3,,False
2021,Ford,f-150,xlt,8,flex,234637,,,19500,5,,False
2023,Ford,f-150,xlt,6,gasoline,103261,,,38600,3,,False
2019,Ford,f-150,xl,6,gasoline,93685,,,27800,7,,False
2016,Ford,f-150,xlt,6,gasoline,249663,,,8900,10,,False
2022,Ford,f-150,xlt,6,gasoline,32410,,,41800,4,,False
2016,Ford,f-150,xlt,6,gasoline,283700,,,8700,10,,False
2018,Ford,f-150,xlt,6,gasoline,60145,,,27500,8,,False
2021,Ford,f-150,lariat,6,gasoline,77049,,,40600,5,,False
2021,Ford,f-150,xlt,6,gasoline,137182,,,30800,5,,False
2019,Ford,f-150,lariat,6,gasoline,142363,,,28500,7,,False
2022,Ford,f-150,xlt,6,gasoline,17923,,,47600,4,,False
2020,Ford,f-150,xlt,6,gasoline,124871,,,18100,6,,False
2018,Ford,f-150,xlt,8,flex,178948,,,9900,8,,False
2019,Ford,f-150,lariat,8,flex,115514,,,24900,7,,False
2018,Ford,f-150,xlt,8,flex,134640,,,20750,8,,False
2019,Ford,f-150,xl,8,flex,242819,,,11500,7,,False
2017,Ford,f-150,xlt,6,flex,291354,,,4800,9,,False
2023,Ford,f-150,tremor,6,gasoline,58756,,,62750,3,,False
2023,Ford,f-150,tremor,6,gasoline,66185,,,50000,3,,False
2020,Ford,f-150,xlt,6,flex,163735,,,14750,6,,False
2017,Ford,f-150,lariat,8,flex,190940,,,17100,9,,False
2016,Ford,f-150,lariat,6,gasoline,226772,,,8500,10,,False
2016,Ford,f-150,xlt,8,flex,152870,,,19200,10,,False
2014,Ford,f-150,xlt,8,flex,223506,,,6600,12,,False
2023,Ford,f-150,xlt,6,hybrid,70414,,,49000,3,,False
2021,Ford,f-150,xlt,6,hybrid,62359,,,41200,5,,False
2019,Ford,f-150,xlt,8,flex,70750,,,29000,7,,False
2021,Ford,f-150,platinum,8,flex,186628,,,30000,5,,False
2019,Ford,f-150,xlt,8,flex,156910,,,27000,7,,False
2022,Ford,f-150,xlt,8,flex,188657,,,27000,4,,False
2023,Ford,f-150,xlt,8,flex,59082,,,49100,3,,False
2023,Ford,f-150,xlt,8,flex,80929,,,32400,3,,False
2016,Ford,f-150,xlt,6,gasoline,156227,,,20900,10,,False
2019,Ford,f-150,lariat,6,gasoline,182187,,,22500,7,,False
2023,Ford,f-150,xlt,6,gasoline,62413,,,35000,3,,False
2023,Ford,f-150,xlt,6,gasoline,16880,,,45500,3,,False
2019,Ford,f-150,xlt,6,gasoline,92380,,,31750,7,,False
2019,Ford,f-150,xlt,6,gasoline,118468,,,21300,7,,False
2016,Ford,f-150,platinum,6,gasoline,123253,,,27000,10,,False
2018,Ford,f-150,xlt,6,gasoline,129178,,,26200,8,,False
2013,Ford,f-150,xlt,6,gasoline,203623,,,13700,13,,False
2013,Ford,f-150,raptor,8,gasoline,176523,,,27500,13,,False
2024,Ford,f-150,raptor,6,gasoline,18101,,,96000,2,,False
2024,Ford,f-150,xlt,6,gasoline,29703,,,53800,2,,False
2018,Ford,f-150,xlt,8,flex,221862,,,11800,8,,False
2017,Ford,f-150,xlt,8,flex,52415,,,25400,9,,False
2022,Ford,f-150,lariat,6,gasoline,71169,,,52500,4,,False
2023,Ford,f-150,lariat,6,gasoline,26808,,,62000,3,,False
2021,Ford,f-150,xlt,6,gasoline,70963,,,40000,5,,False
2022,Ford,f-150,xlt,6,gasoline,90528,,,39900,4,,False
2021,Ford,f-150,xlt,6,gasoline,49630,,,44000,5,,False
2022,Ford,f-150,xlt,6,gasoline,37036,,,47800,4,,False
2021,Ford,f-150,xlt,6,gasoline,129263,,,32500,5,,False
2023,Ford,f-150,xlt,6,gasoline,56049,,,38600,3,,False
2020,Ford,f-150,no_mention,6,gasoline,268111,,,9000,6,,False
2023,Ford,f-150,no_mention,6,gasoline,46292,,,54200,3,,False
2013,Ford,f-150,no_mention,8,flex,241228,,,9000,13,,False
2018,Ford,f-150,no_mention,6,flex,124926,,,18000,8,,False
2013,Ford,f-150,no_mention,8,flex,175494,,,7200,13,,False
2023,Ford,f-150,limited,6,hybrid,75996,,,59500,3,,False
2023,Ford,f-150,no_mention,6,gasoline,27303,,,45000,3,,False
2018,Ford,f-150,no_mention,8,flex,141797,,,23900,8,,False
2022,Ford,f-150,no_mention,6,hybrid,64538,,,52500,4,,False
2018,Ford,f-150,no_mention,6,gasoline,196210,,,17500,8,,False
2019,Ford,f-150,no_mention,6,gasoline,86040,,,25400,7,,False
2021,Ford,f-150,lariat,6,hybrid,33373,,,48900,5,,False
2023,Ford,f-150,no_mention,6,gasoline,57241,,,43500,3,,False
2024,Ford,f-150,xlt,6,gasoline,17768,,,54800,2,,False
2024,Ford,f-150,lariat,6,gasoline,32284,,,68600,2,,False
2018,Ford,f-150,raptor,6,gasoline,139171,,,43700,8,,False
2023,Ford,f-150,tremor,6,gasoline,38558,,,63900,3,,False
2021,Ford,f-150,lariat,6,gasoline,79008,,,42000,5,,False
2023,Ford,f-150,no_mention,6,gasoline,31836,,,51500,3,,False
2019,Ford,f-150,xlt,6,gasoline,85621,,,32000,7,,False
2022,Ford,f-150,lariat,6,gasoline,41397,,,46600,4,,False
2023,Ford,f-150,lariat,6,gasoline,49302,,,54400,3,,False
2020,Ford,f-150,lariat,6,gasoline,96706,,,35000,6,,False
2023,Ford,f-150,lariat,6,gasoline,18458,,,62800,3,,False
2020,Ford,f-150,xlt,6,gasoline,142439,,,25400,6,,False
2023,Ford,f-150,lariat,6,gasoline,44062,,,54000,3,,False
2021,Ford,f-150,xlt,6,gasoline,77013,,,36250,5,,False
2023,Ford,f-150,lariat,6,gasoline,49889,,,54700,3,,False
2018,Ford,f-150,xlt,6,gasoline,254651,,,10500,8,,False
2021,Ford,f-150,lariat,6,gasoline,83101,,,39250,5,,False
2022,Ford,f-150,xlt,6,gasoline,120475,,,33400,4,,False
2023,Ford,f-150,xlt,6,gasoline,41027,,,52250,3,,False
2018,Ford,f-150,xlt,8,flex,164799,,,9700,8,,False
2020,Ford,f-150,xlt,8,flex,153358,,,20000,6,,False
2023,Ford,f-150,tremor,6,gasoline,13232,,,70600,3,,False
2023,Ford,f-150,tremor,6,gasoline,77800,,,60250,3,,False
2023,Ford,f-150,tremor,6,gasoline,31767,,,67200,3,,False
2023,Ford,f-150,tremor,6,gasoline,44323,,,61250,3,,False
2021,Ford,f-150,xl,6,flex,16790,,,33750,5,,False
2016,Ford,f-150,xlt,8,flex,159608,,,20000,10,,False
2018,Ford,f-150,lariat,6,gasoline,165507,,,24700,8,,False
2022,Ford,f-150,xlt,8,flex,60782,,,43250,4,,False
2022,Ford,f-150,xlt,8,flex,54736,,,42250,4,,False
2017,Ford,f-150,xlt,6,gasoline,121991,,,18000,9,,False
2019,Ford,f-150,xlt,6,flex,236392,,,5200,7,,False
2019,Ford,f-150,xlt,6,flex,240378,,,5000,7,,False
2018,Ford,f-150,xl,6,flex,244437,,,10200,8,,False
2017,Ford,f-150,lariat,8,flex,72501,,,31250,9,,False
2016,Ford,f-150,xlt,8,flex,115705,,,23750,10,,False
2017,Ford,f-150,xlt,8,flex,121753,,,23000,9,,False
2022,Ford,f-150,lariat,6,gasoline,76578,,,51200,4,,False
2022,Ford,f-150,lariat,6,gasoline,66018,,,54500,4,,False
2023,Ford,f-150,xlt,6,gasoline,44069,,,49500,3,,False
2021,Ford,f-150,lariat,6,hybrid,81212,,,44000,5,,False
2022,Ford,f-150,xlt,6,hybrid,124060,,,32500,4,,False
2023,Ford,f-150,xlt,6,hybrid,133709,,,35800,3,,False
2019,Ford,f-150,xlt,8,flex,191728,,,15300,7,,False
2021,Ford,f-150,xlt,8,flex,127924,,,30500,5,,False
2022,Ford,f-150,lariat,8,flex,75360,,,52100,4,,False
2018,Ford,f-150,xlt,8,flex,119795,,,23100,8,,False
2023,Ford,f-150,xlt,8,flex,60190,,,39500,3,,False
2019,Ford,f-150,lariat,8,flex,109893,,,22800,7,,False
2021,Ford,f-150,xlt,8,flex,78015,,,37000,5,,False
2022,Ford,f-150,lariat,8,flex,80796,,,55250,4,,False
2022,Ford,f-150,lariat,8,flex,58328,,,52200,4,,False
2022,Ford,f-150,xlt,8,flex,63542,,,49600,4,,False
2022,Ford,f-150,lariat,8,flex,74267,,,45250,4,,False
2020,Ford,f-150,xlt,8,flex,127447,,,28800,6,,False
2023,Ford,f-150,xlt,8,flex,28492,,,45250,3,,False
2021,Ford,f-150,lariat,6,gasoline,82104,,,39750,5,,False
2022,Ford,f-150,xlt,6,gasoline,47374,,,42000,4,,False
2024,Ford,f-150,no_mention,6,gasoline,12464,,,49000,2,,False
2018,Ford,f-150,xl,6,gasoline,260814,,,3200,8,,False
2018,Ford,f-150,xlt,6,gasoline,174645,,,18500,8,,False
2014,Ford,f-150,xlt,6,gasoline,69352,,,20100,12,,False
2024,Ford,f-150,no_mention,6,gasoline,13159,,,54600,2,,False
2024,Ford,f-150,xlt,6,gasoline,15094,,,60800,2,,False
2024,Ford,f-150,tremor,6,gasoline,32467,,,70750,2,,False
2024,Ford,f-150,lariat,8,gasoline,21404,,,73700,2,,False
2024,Ford,f-150,lariat,6,gasoline,90000,,,59000,2,,False
2024,Ford,f-150,king ranch,6,hybrid,20592,,,81000,2,,False
2019,Ford,f-150,lariat,8,flex,63161,,,35500,7,,False
2019,Ford,f-150,xlt,8,flex,118730,,,23500,7,,False
2017,Ford,f-150,xlt,8,flex,179792,,,8250,9,,False
2023,Ford,f-150,xlt,6,gasoline,55112,,,45250,3,,False
2021,Ford,f-150,xlt,6,gasoline,82213,,,34500,5,,False
2022,Ford,f-150,xlt,6,gasoline,71734,,,41800,4,,False
2023,Ford,f-150,no_mention,6,gasoline,66350,,,62750,3,,False
2022,Ford,f-150,lariat,6,gasoline,155040,,,41400,4,,False
2023,Ford,f-150,xlt,6,gasoline,80700,,,43000,3,,False
2022,Ford,f-150,xlt,6,gasoline,163497,,,28500,4,,False
2021,Ford,f-150,xlt,6,gasoline,71855,,,41750,5,,False
2023,Ford,f-150,lariat,6,gasoline,36361,,,56800,3,,False
2020,Ford,f-150,no_mention,8,flex,141899,,,27500,6,,False
2017,Ford,f-150,no_mention,6,gasoline,172315,,,15100,9,,False
2019,Ford,f-150,limited,6,gasoline,168338,,,30900,7,,False
2014,Ford,f-150,no_mention,6,gasoline,137017,,,11200,12,,False
2018,Ford,f-150,lariat,8,flex,152064,,,24000,8,,False
2016,Ford,f-150,no_mention,8,flex,203073,,,16900,10,,False
2017,Ford,f-150,no_mention,8,flex,153189,,,28800,9,,False
2022,Ford,f-150,no_mention,6,gasoline,38950,,,61500,4,,False
2021,Ford,f-150,no_mention,6,gasoline,147092,,,30200,5,,False
2017,Ford,f-150,xlt,8,flex,254172,,,13800,9,,False
2021,Ford,f-150,no_mention,6,gasoline,58300,,,45500,5,,False
2023,Ford,f-150,lariat,6,gasoline,56264,,,44000,3,,False
2023,Ford,f-150,lariat,6,gasoline,75072,,,46200,3,,False
2022,Ford,f-150,lariat,6,gasoline,62833,,,38300,4,,False
2022,Ford,f-150,xlt,6,gasoline,50056,,,35000,4,,False
2022,Ford,f-150,xlt,6,gasoline,53898,,,34200,4,,False
2022,Ford,f-150,xlt,6,gasoline,57605,,,35200,4,,False
2023,Ford,f-150,xlt,6,gasoline,35127,,,46750,3,,False
2023,Ford,f-150,xlt,6,gasoline,40565,,,45600,3,,False
2021,Ford,f-150,lariat,6,gasoline,76833,,,34500,5,,False
2022,Ford,f-150,lariat,6,gasoline,40011,,,52000,4,,False
2018,Ford,f-150,lariat,6,gasoline,94346,,,24250,8,,False
2022,Ford,f-150,lariat,6,gasoline,85614,,,40200,4,,False
2020,Ford,f-150,xlt,6,gasoline,155563,,,19200,6,,False
2022,Ford,f-150,lariat,6,gasoline,122736,,,37000,4,,False
2023,Ford,f-150,lariat,6,gasoline,57341,,,48000,3,,False
2023,Ford,f-150,lariat,6,gasoline,25936,,,56500,3,,False
2023,Ford,f-150,lariat,6,gasoline,31775,,,56250,3,,False
2023,Ford,f-150,lariat,6,gasoline,42944,,,54400,3,,False
2023,Ford,f-150,lariat,6,gasoline,40643,,,52200,3,,False
2019,Ford,f-150,lariat,6,gasoline,130596,,,36500,7,,False
2018,Ford,f-150,xlt,8,flex,261426,,,12300,8,,False
2017,Ford,f-150,xlt,8,flex,196685,,,14500,9,,False
2016,Ford,f-150,xlt,8,flex,276152,,,5700,10,,False
2018,Ford,f-150,lariat,6,gasoline,159227,,,26000,8,,False
2015,Ford,f-150,xlt,6,gasoline,283462,,,5900,11,,False
2016,Ford,f-150,lariat,6,gasoline,246794,,,9800,10,,False
2017,Ford,f-150,xlt,6,gasoline,196617,,,9500,9,,False
2018,Ford,f-150,xlt,6,gasoline,191178,,,15100,8,,False
2017,Ford,f-150,xlt,6,gasoline,205108,,,10750,9,,False
2016,Ford,f-150,xl,8,flex,211829,,,3100,10,,False
2015,Ford,f-150,xl,8,flex,117798,,,7100,11,,False
2017,Ford,f-150,xlt,6,gasoline,155341,,,7000,9,,False
2024,Ford,f-150,xlt,6,gasoline,103984,,,36000,2,,False
2013,Ford,f-150,xlt,6,flex,169018,,,5000,13,,False
2022,Ford,f-150,limited,6,hybrid,64884,,,52000,4,,False
2014,Ford,f-150,xl,8,flex,213997,,,4300,12,,False
2014,Ford,f-150,xl,8,flex,206738,,,4200,12,,False
2016,Ford,f-150,xlt,8,flex,203635,,,15300,10,,False
2014,Ford,f-150,xl,8,flex,193431,,,5800,12,,False
2011,Ford,f-150,lariat,8,flex,265052,,,3200,15,,False
2012,Ford,f-150,xlt,8,flex,76966,,,5800,14,,False
2022,Ford,f-150,xlt,6,gasoline,86100,,,39600,4,,False
2021,Ford,f-150,xlt,6,gasoline,96246,,,22600,5,,False
2022,Ford,f-150,xlt,6,gasoline,77633,,,37000,4,,False
2023,Ford,f-150,lariat,6,gasoline,54741,,,57000,3,,False
2022,Ford,f-150,lariat,6,hybrid,87264,,,46750,4,,False
2022,Ford,f-150,limited,6,hybrid,58527,,,54500,4,,False
2021,Ford,f-150,xlt,8,flex,155769,,,24300,5,,False
2023,Ford,f-150,xlt,8,flex,13284,,,47000,3,,False
2022,Ford,f-150,lariat,8,flex,88091,,,34600,4,,False
2023,Ford,f-150,xlt,8,flex,56033,,,46000,3,,False
2018,Ford,f-150,xlt,8,flex,257008,,,9100,8,,False
2023,Ford,f-150,xlt,8,flex,59085,,,45500,3,,False
2020,Ford,f-150,xl,8,flex,202434,,,13600,6,,False
2023,Ford,f-150,xlt,6,gasoline,39489,,,52750,3,,False
2024,Ford,f-150,xlt,6,gasoline,18451,,,64750,2,,False
2024,Ford,f-150,xlt,6,gasoline,40209,,,51000,2,,False
2018,Ford,f-150,xlt,6,gasoline,211627,,,3100,8,,False
2020,Ford,f-150,xlt,6,gasoline,196790,,,15750,6,,False
2016,Ford,f-150,xlt,6,gasoline,183260,,,14400,10,,False
2017,Ford,f-150,xlt,6,gasoline,226038,,,6300,9,,False
2024,Ford,f-150,no_mention,6,gasoline,7871,,,54500,2,,False
2024,Ford,f-150,xlt,6,gasoline,42807,,,51200,2,,False
2024,Ford,f-150,xlt,6,gasoline,30451,,,51500,2,,False
2024,Ford,f-150,xlt,6,gasoline,13209,,,63600,2,,False
2024,Ford,f-150,xlt,6,hybrid,19294,,,68400,2,,False
2024,Ford,f-150,xlt,6,hybrid,15317,,,56500,2,,False
2024,Ford,f-150,lariat,6,gasoline,15582,,,76000,2,,False
2023,Ford,f-150,xlt,6,gasoline,122466,,,24200,3,,False
2023,Ford,f-150,xlt,6,gasoline,100092,,,25750,3,,False
2021,Ford,f-150,xlt,6,gasoline,31833,,,42500,5,,False
2022,Ford,f-150,xlt,6,gasoline,60486,,,40000,4,,False
2022,Ford,f-150,xlt,6,gasoline,38859,,,49200,4,,False
2023,Ford,f-150,lariat,6,gasoline,23591,,,58500,3,,False
2023,Ford,f-150,lariat,6,gasoline,56855,,,53000,3,,False
2023,Ford,f-150,xlt,6,gasoline,118839,,,29750,3,,False
2023,Ford,f-150,xlt,6,gasoline,15640,,,45600,3,,False
2023,Ford,f-150,lariat,6,gasoline,84841,,,54750,3,,False
2021,Ford,f-150,lariat,6,gasoline,163252,,,26500,5,,False
2022,Ford,f-150,xlt,6,gasoline,166381,,,24400,4,,False
2023,Ford,f-150,xlt,6,gasoline,28225,,,51500,3,,False
2023,Ford,f-150,xlt,6,gasoline,33237,,,49500,3,,False
2021,Ford,f-150,lariat,6,gasoline,121842,,,34000,5,,False
2021,Ford,f-150,xlt,6,gasoline,156443,,,26700,5,,False
2023,Ford,f-150,xlt,6,gasoline,19206,,,46200,3,,False
2023,Ford,f-150,xlt,6,gasoline,33454,,,50200,3,,False
2023,Ford,f-150,xlt,6,gasoline,78140,,,41400,3,,False
2023,Ford,f-150,lariat,6,gasoline,41251,,,53800,3,,False
2023,Ford,f-150,king ranch,6,gasoline,17467,,,50200,3,,False
2023,Ford,f-150,xlt,6,gasoline,91883,,,38400,3,,False
2021,Ford,f-150,xlt,6,gasoline,73254,,,36000,5,,False
2022,Ford,f-150,lariat,6,gasoline,123186,,,39250,4,,False
2022,Ford,f-150,xlt,6,gasoline,128695,,,33000,4,,False
2023,Ford,f-150,lariat,6,gasoline,40571,,,57500,3,,False
2023,Ford,f-150,lariat,6,hybrid,50751,,,57700,3,,False
2022,Ford,f-150,no_mention,8,flex,43983,,,45700,4,,False
2022,Ford,f-150,no_mention,8,flex,65573,,,35500,4,,False
2019,Ford,f-150,limited,6,gasoline,123585,,,41500,7,,False
2020,Ford,f-150,raptor,6,gasoline,77887,,,66000,6,,False
2018,Ford,f-150,no_mention,8,flex,190359,,,17100,8,,False
2012,Ford,f-150,no_mention,8,flex,157060,,,11700,14,,False
2024,Ford,f-150,raptor,6,gasoline,9245,,,99400,2,,False
2020,Ford,f-150,no_mention,6,gasoline,179818,,,21400,6,,False
2018,Ford,f-150,no_mention,8,flex,146888,,,27500,8,,False
2021,Ford,f-150,no_mention,6,gasoline,102494,,,39300,5,,False
2024,Ford,f-150,tremor,6,gasoline,15979,,,68800,2,,False
2013,Ford,f-150,no_mention,6,gasoline,125432,,,12100,13,,False
2014,Ford,f-150,no_mention,8,flex,167196,,,9200,12,,False
2014,Ford,f-150,no_mention,8,flex,152824,,,13200,12,,False
2011,Ford,f-150,raptor,8,gasoline,61760,,,27100,15,,False
2022,Ford,f-150,no_mention,6,hybrid,109698,,,37000,4,,False
2024,Ford,f-150,tremor,6,gasoline,15263,,,62500,2,,False
2022,Ford,f-150,no_mention,6,hybrid,56843,,,34000,4,,False
2023,Ford,f-150,lariat,6,gasoline,56954,,,55500,3,,False
2022,Ford,f-150,lariat,6,gasoline,57190,,,51100,4,,False
2019,Ford,f-150,lariat,6,diesel,273080,,,7800,7,,False
2018,Ford,f-150,xlt,8,flex,162271,,,18600,8,,False
2017,Ford,f-150,no_mention,6,gasoline,76105,,,35400,9,,False
2023,Ford,f-150,platinum,8,flex,69585,,,64000,3,,False
2016,Ford,f-150,xlt,6,flex,204287,,,9500,10,,False
2014,Ford,f-150,no_mention,6,gasoline,234160,,,3800,12,,False
2020,Ford,f-150,xlt,8,flex,281879,,,10800,6,,False
2021,Ford,f-150,no_mention,6,gasoline,63800,,,46200,5,,False
2022,Ford,f-150,lariat,6,gasoline,82488,,,47000,4,,False
2021,Ford,f-150,no_mention,6,gasoline,101867,,,30500,5,,False
2012,Ford,f-150,no_mention,8,flex,137355,,,3000,14,,False
2017,Ford,f-150,xlt,6,gasoline,177400,,,15200,9,,False
2023,Ford,f-150,no_mention,8,flex,51962,,,59000,3,,False
2017,Ford,f-150,no_mention,6,gasoline,210091,,,10700,9,,False
2023,Ford,f-150,lariat,6,gasoline,42013,,,56000,3,,False
2020,Ford,f-150,xlt,8,flex,85625,,,28500,6,,False
2023,Ford,f-150,no_mention,6,gasoline,48319,,,56600,3,,False
2022,Ford,f-150,xlt,8,flex,59102,,,46500,4,,False
2019,Ford,f-150,no_mention,6,gasoline,98542,,,34100,7,,False
2022,Ford,f-150,lariat,6,gasoline,76200,,,50000,4,,False
2019,Ford,f-150,no_mention,6,gasoline,111435,,,25000,7,,False
2015,Ford,f-150,no_mention,6,gasoline,157185,,,18500,11,,False
2023,Ford,f-150,xlt,6,gasoline,47467,,,41500,3,,False
2019,Ford,f-150,xlt,6,gasoline,111252,,,26400,7,,False
2021,Ford,f-150,lariat,6,gasoline,78777,,,39300,5,,False
2020,Ford,f-150,lariat,6,gasoline,262494,,,12400,6,,False
2020,Ford,f-150,xlt,6,gasoline,231294,,,15500,6,,False
2019,Ford,f-150,xlt,6,gasoline,193000,,,21500,7,,False
2023,Ford,f-150,tremor,6,gasoline,99330,,,54800,3,,False
2023,Ford,f-150,tremor,6,gasoline,20042,,,64400,3,,False
2019,Ford,f-150,xlt,6,flex,102183,,,25700,7,,False
2019,Ford,f-150,xlt,6,flex,200722,,,12100,7,,False
2019,Ford,f-150,xl,6,flex,100584,,,14900,7,,False
2021,Ford,f-150,xlt,8,flex,169153,,,17300,5,,False
2018,Ford,f-150,xlt,8,flex,162387,,,17000,8,,False
2022,Ford,f-150,lariat,8,flex,109281,,,47250,4,,False
2021,Ford,f-150,lariat,8,flex,197897,,,26250,5,,False
2019,Ford,f-150,xlt,6,flex,221039,,,11100,7,,False
2019,Ford,f-150,platinum,6,gasoline,169714,,,26200,7,,False
2017,Ford,f-150,platinum,6,gasoline,137214,,,24800,9,,False
2022,Ford,f-150,lariat,6,gasoline,64631,,,50500,4,,False
2021,Ford,f-150,xlt,6,gasoline,164653,,,23750,5,,False
2023,Ford,f-150,lariat,6,gasoline,122064,,,41800,3,,False
2023,Ford,f-150,xlt,6,gasoline,87460,,,33250,3,,False
2023,Ford,f-150,lariat,6,gasoline,73037,,,49600,3,,False
2018,Ford,f-150,no_mention,6,gasoline,166002,,,27100,8,,False
2023,Ford,f-150,lariat,6,gasoline,70497,,,60500,3,,False
2021,Ford,f-150,no_mention,6,gasoline,99404,,,41000,5,,False
2018,Ford,f-150,xlt,8,flex,145634,,,23400,8,,False
2018,Ford,f-150,no_mention,6,gasoline,156434,,,24000,8,,False
2019,Ford,f-150,no_mention,8,flex,159547,,,23300,7,,False
2021,Ford,f-150,no_mention,6,gasoline,151628,,,26000,5,,False
2021,Ford,f-150,no_mention,6,gasoline,35459,,,43000,5,,False
2022,Ford,f-150,no_mention,8,flex,160082,,,30500,4,,False
2022,Ford,f-150,xl,6,gasoline,59066,,,46500,4,,False
2023,Ford,f-150,tremor,6,gasoline,54632,,,62000,3,,False
2023,Ford,f-150,no_mention,6,gasoline,35466,,,66500,3,,False
2018,Ford,f-150,no_mention,8,flex,265123,,,15200,8,,False
2022,Ford,f-150,limited,6,gasoline,40524,,,67500,4,,False
2018,Ford,f-150,xlt,8,flex,238702,,,14000,8,,False
2021,Ford,f-150,lariat,6,gasoline,73629,,,43500,5,,False
2021,Ford,f-150,xlt,6,gasoline,93488,,,28250,5,,False
2020,Ford,f-150,lariat,6,gasoline,168890,,,27000,6,,False
2023,Ford,f-150,lariat,6,gasoline,14885,,,55800,3,,False
2022,Ford,f-150,xlt,6,gasoline,129854,,,31500,4,,False
2022,Ford,f-150,xlt,6,gasoline,130955,,,34200,4,,False
2023,Ford,f-150,lariat,6,gasoline,38601,,,56400,3,,False
2017,Ford,f-150,xlt,6,gasoline,89441,,,27100,9,,False
2022,Ford,f-150,lariat,6,gasoline,55209,,,53750,4,,False
2023,Ford,f-150,lariat,6,gasoline,43265,,,56500,3,,False
2022,Ford,f-150,lariat,6,gasoline,88225,,,44250,4,,False
2019,Ford,f-150,lariat,6,gasoline,133796,,,29200,7,,False
2019,Ford,f-150,xlt,6,gasoline,106890,,,24250,7,,False
2020,Ford,f-150,platinum,6,gasoline,53089,,,51000,6,,False
2019,Ford,f-150,xlt,6,gasoline,134615,,,22200,7,,False
2018,Ford,f-150,xlt,8,flex,92910,,,31250,8,,False
2020,Ford,f-150,xlt,8,flex,121800,,,20900,6,,False
2018,Ford,f-150,xlt,8,flex,152777,,,18600,8,,False
2019,Ford,f-150,xlt,8,flex,184268,,,10250,7,,False
2023,Ford,f-150,tremor,6,gasoline,58763,,,64100,3,,False
2021,Ford,f-150,xl,6,flex,159391,,,20300,5,,False
2021,Ford,f-150,xlt,6,flex,114504,,,25750,5,,False
2020,Ford,f-150,xlt,6,flex,64312,,,34500,6,,False
2016,Ford,f-150,lariat,8,flex,245420,,,17200,10,,False
2018,Ford,f-150,lariat,6,gasoline,117468,,,24500,8,,False
2015,Ford,f-150,king ranch,6,gasoline,200388,,,20400,11,,False
2016,Ford,f-150,no_mention,6,gasoline,203795,,,16800,10,,False
2018,Ford,f-150,xlt,6,gasoline,162942,,,23200,8,,False
2023,Ford,f-150,lariat,8,flex,40109,,,59900,3,,False
2017,Ford,f-150,xlt,8,flex,190205,,,13750,9,,False
2018,Ford,f-150,xlt,6,flex,154971,,,22200,8,,False
2022,Ford,f-150,lariat,6,hybrid,65994,,,50750,4,,False
2021,Ford,f-150,lariat,6,hybrid,137031,,,39100,5,,False
2023,Ford,f-150,xlt,6,gasoline,118048,,,43250,3,,False
2023,Ford,f-150,xlt,6,gasoline,19194,,,46800,3,,False
2022,Ford,f-150,no_mention,6,hybrid,117315,,,38500,4,,False
2021,Ford,f-150,xlt,8,flex,66732,,,40000,5,,False
2022,Ford,f-150,xlt,8,flex,54276,,,32000,4,,False
2019,Ford,f-150,xlt,8,flex,118708,,,23300,7,,False
2022,Ford,f-150,xlt,8,flex,40288,,,49600,4,,False
2018,Ford,f-150,xlt,8,flex,171897,,,19000,8,,False
2020,Ford,f-150,xlt,8,flex,149467,,,21250,6,,False
2023,Ford,f-150,xlt,8,flex,70403,,,44500,3,,False
2023,Ford,f-150,xlt,6,gasoline,56262,,,47000,3,,False
2015,Ford,f-150,xlt,6,flex,154804,,,8500,11,,False
2018,Ford,f-150,xl,8,flex,132962,,,14000,8,,False
2019,Ford,f-150,xlt,6,flex,229569,,,11200,7,,False
2017,Ford,f-150,xlt,6,gasoline,262599,,,11000,9,,False
2010,Ford,f-150,xlt,8,flex,191817,,,4100,16,,False
2024,Ford,f-150,raptor,6,gasoline,15039,,,101000,2,,False
2024,Ford,f-150,raptor,6,gasoline,5674,,,101250,2,,False
2020,Ford,f-150,raptor,6,gasoline,93094,,,62100,6,,False
2024,Ford,f-150,xlt,6,gasoline,21503,,,56500,2,,False
2024,Ford,f-150,xlt,6,gasoline,15503,,,56250,2,,False
2024,Ford,f-150,xlt,6,gasoline,13316,,,63250,2,,False
2024,Ford,f-150,tremor,6,gasoline,18103,,,68500,2,,False
2024,Ford,f-150,tremor,6,gasoline,19651,,,69250,2,,False
2024,Ford,f-150,lariat,6,gasoline,27738,,,66500,2,,False
2013,Ford,f-150,xlt,6,gasoline,238081,,,3200,13,,False
2019,Ford,f-150,xlt,8,flex,136889,,,15250,7,,False
2022,Ford,f-150,xlt,6,gasoline,84613,,,32000,4,,False
2023,Ford,f-150,xlt,6,gasoline,116441,,,33250,3,,False
2023,Ford,f-150,lariat,6,gasoline,38414,,,60300,3,,False
2021,Ford,f-150,limited,6,gasoline,78125,,,54500,5,,False
2021,Ford,f-150,xlt,6,gasoline,144361,,,27500,5,,False
2023,Ford,f-150,xlt,6,gasoline,61525,,,46900,3,,False
2023,Ford,f-150,xlt,6,gasoline,29008,,,48000,3,,False
2019,Ford,f-150,lariat,6,gasoline,106122,,,33800,7,,False
2013,Ford,f-150,no_mention,8,flex,193990,,,8800,13,,False
2016,Ford,f-150,lariat,6,gasoline,273996,,,9700,10,,False
2022,Ford,f-150,xlt,8,flex,68711,,,45300,4,,False
2017,Ford,f-150,no_mention,6,gasoline,296578,,,7600,9,,False
2018,Ford,f-150,no_mention,8,flex,190384,,,19200,8,,False
2017,Ford,f-150,no_mention,6,gasoline,85357,,,28200,9,,False
2019,Ford,f-150,no_mention,6,gasoline,159009,,,21800,7,,False
2019,Ford,f-150,no_mention,6,gasoline,93220,,,36100,7,,False
2023,Ford,f-150,xlt,6,gasoline,51300,,,48000,3,,False
2016,Ford,f-150,no_mention,8,flex,236617,,,12000,10,,False
2022,Ford,f-150,lariat,6,gasoline,72442,,,49400,4,,False
2022,Ford,f-150,lariat,6,gasoline,92442,,,44800,4,,False
2023,Ford,f-150,lariat,6,gasoline,52234,,,53900,3,,False
2016,Ford,f-150,no_mention,6,gasoline,254801,,,10200,10,,False
2022,Ford,f-150,no_mention,8,flex,71806,,,46100,4,,False
2016,Ford,f-150,no_mention,6,gasoline,240368,,,10000,10,,False
2023,Ford,f-150,no_mention,6,gasoline,32711,,,54900,3,,False
2018,Ford,f-150,no_mention,6,gasoline,176160,,,24700,8,,False
2020,Ford,f-150,xlt,6,gasoline,105106,,,28500,6,,False
2022,Ford,f-150,xlt,6,gasoline,53729,,,46750,4,,False
2018,Ford,f-150,xlt,6,gasoline,172825,,,20500,8,,False
2023,Ford,f-150,lariat,6,gasoline,55430,,,50800,3,,False
2021,Ford,f-150,xlt,6,gasoline,89695,,,33300,5,,False
2023,Ford,f-150,lariat,6,gasoline,31984,,,58100,3,,False
2020,Ford,f-150,lariat,6,gasoline,91468,,,30000,6,,False
2023,Ford,f-150,xlt,6,gasoline,95373,,,42750,3,,False
2023,Ford,f-150,xlt,6,gasoline,93332,,,40000,3,,False
2018,Ford,f-150,xlt,6,gasoline,229637,,,12500,8,,False
2019,Ford,f-150,lariat,6,gasoline,131182,,,30000,7,,False
2020,Ford,f-150,xlt,6,gasoline,93201,,,31000,6,,False
2023,Ford,f-150,lariat,6,gasoline,70479,,,50750,3,,False
2019,Ford,f-150,xlt,6,gasoline,133755,,,26000,7,,False
2023,Ford,f-150,lariat,6,gasoline,29658,,,56500,3,,False
2019,Ford,f-150,xlt,6,gasoline,128817,,,21500,7,,False
2018,Ford,f-150,xlt,8,flex,155191,,,22000,8,,False
2018,Ford,f-150,xlt,8,flex,102399,,,28200,8,,False
2023,Ford,f-150,tremor,6,gasoline,31771,,,63000,3,,False
2023,Ford,f-150,tremor,6,gasoline,41164,,,65000,3,,False
2016,Ford,f-150,xlt,6,flex,138512,,,19000,10,,False
2023,Ford,f-150,tremor,6,gasoline,53260,,,62000,3,,False
2022,Ford,f-150,tremor,6,gasoline,59799,,,52000,4,,False
2022,Ford,f-150,xlt,6,flex,97987,,,32000,4,,False
2020,Ford,f-150,lariat,6,gasoline,89060,,,36000,6,,False
2017,Ford,f-150,xl,6,gasoline,195284,,,8600,9,,False
2013,Ford,f-150,fx4,8,flex,265068,,,3600,13,,False
2022,Ford,f-150,xlt,6,gasoline,137401,,,33000,4,,False
2022,Ford,f-150,xlt,6,gasoline,70138,,,42800,4,,False
2023,Ford,f-150,xlt,6,hybrid,18069,,,52000,3,,False
2022,Ford,f-150,xlt,6,hybrid,60282,,,44300,4,,False
2022,Ford,f-150,lariat,6,hybrid,74495,,,51250,4,,False
2021,Ford,f-150,xlt,6,hybrid,96575,,,35400,5,,False
2021,Ford,f-150,lariat,6,hybrid,49411,,,47750,5,,False
2021,Ford,f-150,limited,6,hybrid,91064,,,50000,5,,False
2022,Ford,f-150,lariat,8,flex,60016,,,52000,4,,False
2022,Ford,f-150,xlt,8,flex,134056,,,37250,4,,False
2021,Ford,f-150,xlt,8,flex,140689,,,30200,5,,False
2022,Ford,f-150,lariat,8,flex,74263,,,46250,4,,False
2021,Ford,f-150,xlt,8,flex,187949,,,22250,5,,False
2019,Ford,f-150,xlt,8,flex,167328,,,18600,7,,False
2022,Ford,f-150,lariat,8,flex,114121,,,41800,4,,False
2022,Ford,f-150,lariat,8,flex,102392,,,46100,4,,False
2022,Ford,f-150,xlt,6,gasoline,86012,,,35250,4,,False
2024,Ford,f-150,no_mention,6,gasoline,24440,,,49000,2,,False
2024,Ford,f-150,xlt,6,gasoline,20168,,,55800,2,,False
2018,Ford,f-150,xlt,6,flex,285388,,,3750,8,,False
2019,Ford,f-150,xl,6,gasoline,52088,,,22500,7,,False
2015,Ford,f-150,xlt,6,gasoline,208160,,,7750,11,,False
2020,Ford,f-150,platinum,6,diesel,131917,,,35000,6,,False
2019,Ford,f-150,lariat,6,gasoline,207626,,,20000,7,,False
2019,Ford,f-150,xlt,6,gasoline,117107,,,29000,7,,False
2020,Ford,f-150,xlt,6,gasoline,85715,,,32750,6,,False
2019,Ford,f-150,lariat,6,gasoline,89725,,,38000,7,,False
2019,Ford,f-150,xlt,6,gasoline,187757,,,19300,7,,False
2017,Ford,f-150,lariat,6,gasoline,189755,,,19250,9,,False
2017,Ford,f-150,lariat,6,gasoline,171015,,,21750,9,,False
2012,Ford,f-150,raptor,8,gasoline,99854,,,25000,14,,False
2024,Ford,f-150,xlt,6,gasoline,50885,,,50500,2,,False
2024,Ford,f-150,xlt,6,gasoline,14477,,,57500,2,,False
2024,Ford,f-150,lariat,6,gasoline,16002,,,72400,2,,False
2023,Ford,f-150,xlt,6,gasoline,141879,,,26900,3,,False
2022,Ford,f-150,xlt,6,gasoline,191848,,,25100,4,,False
2021,Ford,f-150,xlt,6,gasoline,31420,,,44500,5,,False
2022,Ford,f-150,xl,6,gasoline,53232,,,46600,4,,False
2023,Ford,f-150,xlt,6,gasoline,28167,,,50600,3,,False
2023,Ford,f-150,lariat,6,gasoline,30684,,,60200,3,,False
2022,Ford,f-150,lariat,6,gasoline,43397,,,55500,4,,False
2023,Ford,f-150,xlt,6,gasoline,94927,,,42000,3,,False
2023,Ford,f-150,xlt,6,gasoline,25815,,,49500,3,,False
2017,Ford,f-150,no_mention,8,flex,170607,,,9900,9,,False
2019,Ford,f-150,lariat,6,gasoline,180846,,,23100,7,,False
2011,Ford,f-150,no_mention,8,flex,260526,,,4900,15,,False
2017,Ford,f-150,no_mention,8,flex,139503,,,13100,9,,False
2017,Ford,f-150,xlt,8,flex,141595,,,13000,9,,False
2022,Ford,f-150,no_mention,6,gasoline,48919,,,39800,4,,False
2022,Ford,f-150,no_mention,6,gasoline,104800,,,28200,4,,False
2016,Ford,f-150,no_mention,6,gasoline,193678,,,16500,10,,False
2016,Ford,f-150,no_mention,6,gasoline,195221,,,15700,10,,False
2023,Ford,f-150,lariat,6,gasoline,45463,,,59700,3,,False
2015,Ford,f-150,no_mention,8,flex,255658,,,13000,11,,False
2023,Ford,f-150,lariat,6,gasoline,45060,,,58600,3,,False
2018,Ford,f-150,xlt,6,gasoline,207152,,,12100,8,,False
2019,Ford,f-150,xlt,6,gasoline,169901,,,14800,7,,False
2022,Ford,f-150,xlt,6,gasoline,5949,,,42200,4,,False
2023,Ford,f-150,xlt,6,gasoline,51404,,,39700,3,,False
2023,Ford,f-150,xlt,6,gasoline,27120,,,41800,3,,False
2019,Ford,f-150,xl,6,gasoline,132705,,,20200,7,,False
2019,Ford,f-150,lariat,6,gasoline,183963,,,22800,7,,False
2023,Ford,f-150,lariat,6,gasoline,26167,,,56800,3,,False
2023,Ford,f-150,lariat,6,gasoline,33731,,,53000,3,,False
2019,Ford,f-150,xlt,6,gasoline,122899,,,24000,7,,False
2022,Ford,f-150,lariat,6,gasoline,56262,,,44500,4,,False
2021,Ford,f-150,xlt,6,gasoline,70967,,,40200,5,,False
2022,Ford,f-150,no_mention,6,gasoline,43947,,,24400,4,,False
2023,Ford,f-150,xlt,6,gasoline,35820,,,47800,3,,False
2020,Ford,f-150,xlt,6,gasoline,122943,,,23600,6,,False
2021,Ford,f-150,lariat,6,gasoline,115303,,,35000,5,,False
2023,Ford,f-150,xlt,6,gasoline,37943,,,47800,3,,False
2019,Ford,f-150,xlt,6,gasoline,106026,,,24100,7,,False
2022,Ford,f-150,lariat,6,gasoline,78091,,,46000,4,,False
2020,Ford,f-150,xlt,6,gasoline,166437,,,19600,6,,False
2021,Ford,f-150,xl,6,gasoline,150069,,,15000,5,,False
2023,Ford,f-150,xlt,6,gasoline,55535,,,38200,3,,False
2020,Ford,f-150,xlt,6,gasoline,30764,,,41400,6,,False
2019,Ford,f-150,no_mention,6,gasoline,143050,,,28000,7,,False
2020,Ford,f-150,xlt,6,gasoline,147437,,,23200,6,,False
2020,Ford,f-150,xlt,8,flex,146706,,,21000,6,,False
2023,Ford,f-150,tremor,6,gasoline,70543,,,57000,3,,False
2017,Ford,f-150,xlt,8,flex,116297,,,22300,9,,False
2016,Ford,f-150,xlt,8,flex,197207,,,15250,10,,False
2018,Ford,f-150,lariat,6,gasoline,169984,,,24100,8,,False
2017,Ford,f-150,xlt,6,gasoline,146567,,,18750,9,,False
2016,Ford,f-150,xlt,6,gasoline,145305,,,19500,10,,False
2018,Ford,f-150,xlt,6,gasoline,126017,,,21300,8,,False
2022,Ford,f-150,lariat,8,flex,37525,,,50400,4,,False
2022,Ford,f-150,xlt,6,gasoline,74410,,,38200,4,,False
2017,Ford,f-150,xlt,6,gasoline,160228,,,14200,9,,False
2017,Ford,f-150,xlt,6,gasoline,162066,,,11200,9,,False
2018,Ford,f-150,xlt,6,gasoline,172138,,,10500,8,,False
2010,Ford,f-150,xlt,8,flex,183961,,,5100,16,,False
2014,Ford,f-150,xlt,8,flex,283197,,,3700,12,,False
2022,Ford,f-150,xlt,6,gasoline,75445,,,37100,4,,False
2023,Ford,f-150,lariat,6,hybrid,21119,,,63000,3,,False
2022,Ford,f-150,lariat,6,hybrid,72505,,,43000,4,,False
2023,Ford,f-150,xlt,6,hybrid,121181,,,33300,3,,False
2022,Ford,f-150,xlt,8,flex,61407,,,22800,4,,False
2021,Ford,f-150,lariat,8,flex,54602,,,43750,5,,False
2022,Ford,f-150,xlt,8,flex,77088,,,33600,4,,False
2019,Ford,f-150,xlt,8,flex,179544,,,15900,7,,False
2023,Ford,f-150,xlt,8,flex,51897,,,39250,3,,False
2021,Ford,f-150,xlt,6,gasoline,120768,,,29600,5,,False
2024,Ford,f-150,xlt,6,gasoline,36737,,,52200,2,,False
2015,Ford,f-150,xlt,6,gasoline,141354,,,12100,11,,False
2021,Ford,f-150,xl,6,diesel,158427,,,17200,5,,False
2020,Ford,f-150,platinum,6,gasoline,204710,,,21400,6,,False
2020,Ford,f-150,xlt,6,gasoline,184541,,,16100,6,,False
2020,Ford,f-150,xlt,6,gasoline,140873,,,25000,6,,False
2020,Ford,f-150,lariat,6,gasoline,27312,,,46600,6,,False
2019,Ford,f-150,xlt,6,gasoline,132325,,,23900,7,,False
2017,Ford,f-150,lariat,6,gasoline,96618,,,28500,9,,False
2017,Ford,f-150,xlt,6,gasoline,231654,,,7900,9,,False
2018,Ford,f-150,xlt,6,gasoline,170635,,,18400,8,,False
2018,Ford,f-150,xlt,6,gasoline,147241,,,17800,8,,False
2018,Ford,f-150,lariat,6,gasoline,159709,,,23400,8,,False
2024,Ford,f-150,tremor,6,gasoline,6174,,,66000,2,,False
2024,Ford,f-150,lariat,6,gasoline,8770,,,76500,2,,False
2024,Ford,f-150,lariat,6,gasoline,16603,,,76000,2,,False
2024,Ford,f-150,lariat,6,hybrid,34909,,,68000,2,,False
2024,Ford,f-150,lariat,6,hybrid,21025,,,77750,2,,False
2024,Ford,f-150,lariat,6,hybrid,16528,,,78000,2,,False
2024,Ford,f-150,lariat,6,hybrid,16709,,,71200,2,,False
2024,Ford,f-150,platinum,6,hybrid,7190,,,88000,2,,False
2021,Ford,f-150,xlt,8,flex,108747,,,22600,5,,False
2021,Ford,f-150,xlt,6,gasoline,74541,,,32000,5,,False
2021,Ford,f-150,xlt,6,gasoline,131023,,,22200,5,,False
2023,Ford,f-150,lariat,6,gasoline,38645,,,59600,3,,False
2023,Ford,f-150,xlt,6,gasoline,27822,,,45600,3,,False
2023,Ford,f-150,no_mention,6,gasoline,15923,,,50000,3,,False
2023,Ford,f-150,xlt,6,gasoline,116825,,,36000,3,,False
2023,Ford,f-150,lariat,6,gasoline,36028,,,59500,3,,False
2022,Ford,f-150,lariat,6,gasoline,81403,,,47400,4,,False
2023,Ford,f-150,xlt,6,gasoline,23929,,,50400,3,,False
2021,Ford,f-150,lariat,6,gasoline,46743,,,53750,5,,False
2022,Ford,f-150,lariat,6,gasoline,43215,,,52500,4,,False
2023,Ford,f-150,xlt,6,gasoline,50122,,,47000,3,,False
2021,Ford,f-150,lariat,6,gasoline,41596,,,58000,5,,False
2021,Ford,f-150,no_mention,6,gasoline,39848,,,36000,5,,False
2022,Ford,f-150,xlt,6,gasoline,58543,,,30400,4,,False
2022,Ford,f-150,lariat,8,flex,114744,,,38000,4,,False
2022,Ford,f-150,no_mention,6,hybrid,66459,,,44000,4,,False
2017,Ford,f-150,no_mention,6,gasoline,194451,,,10200,9,,False
2022,Ford,f-150,no_mention,6,gasoline,42680,,,36500,4,,False
2024,Ford,f-150,xlt,6,gasoline,9626,,,55200,2,,False
2015,Ford,f-150,xlt,6,flex,200203,,,14300,11,,False
2020,Ford,f-150,no_mention,8,flex,170854,,,21500,6,,False
2021,Ford,f-150,no_mention,6,gasoline,90725,,,43800,5,,False
2017,Ford,f-150,no_mention,8,flex,97688,,,25000,9,,False
2021,Ford,f-150,lariat,6,gasoline,85980,,,40600,5,,False
2021,Ford,f-150,no_mention,8,flex,156497,,,29000,5,,False
2019,Ford,f-150,no_mention,6,gasoline,188347,,,5600,7,,False
2020,Ford,f-150,no_mention,6,gasoline,212840,,,16500,6,,False
2012,Ford,f-150,xlt,8,flex,173651,,,6200,14,,False
2021,Ford,f-150,xlt,6,gasoline,210196,,,18500,5,,False
2018,Ford,f-150,no_mention,8,flex,105287,,,24400,8,,False
2018,Ford,f-150,no_mention,6,gasoline,238777,,,13900,8,,False
2021,Ford,f-150,no_mention,8,flex,83843,,,36000,5,,False
2021,Ford,f-150,limited,6,hybrid,135179,,,45300,5,,False
2014,Ford,f-150,no_mention,8,flex,176935,,,7800,12,,False
2024,Ford,f-150,tremor,6,gasoline,39323,,,63000,2,,False
2012,Ford,f-150,xlt,8,flex,234534,,,3000,14,,False
2019,Ford,f-150,no_mention,6,gasoline,147214,,,36835,7,,False
2020,Ford,f-150,no_mention,8,flex,48576,,,41500,6,,False
2010,Ford,f-150,xlt,8,gasoline,243300,,,6000,16,,False
2023,Ford,f-150,xlt,6,gasoline,27694,,,46500,3,,False
2022,Ford,f-150,no_mention,6,gasoline,122238,,,37500,4,,False
2019,Ford,f-150,no_mention,6,gasoline,119767,,,36500,7,,False
2020,Ford,f-150,no_mention,8,flex,173460,,,24000,6,,False
2022,Ford,f-150,lariat,6,gasoline,41993,,,51700,4,,False
2016,Ford,f-150,xlt,8,flex,281001,,,9000,10,,False
2018,Ford,f-150,xlt,6,gasoline,170846,,,16500,8,,False
2022,Ford,f-150,no_mention,6,gasoline,59460,,,43300,4,,False
2018,Ford,f-150,xlt,6,gasoline,159207,,,14700,8,,False
2023,Ford,f-150,lariat,6,gasoline,45155,,,53000,3,,False
2023,Ford,f-150,no_mention,6,hybrid,32588,,,51500,3,,False
2021,Ford,f-150,no_mention,8,flex,61148,,,37800,5,,False
2021,Ford,f-150,xlt,6,flex,131526,,,31400,5,,False
2021,Ford,f-150,lariat,8,flex,68320,,,48800,5,,False
2010,Ford,f-150,xlt,8,flex,245846,,,4200,16,,False
2021,Ford,f-150,xlt,6,gasoline,55039,,,37500,5,,False
2021,Ford,f-150,no_mention,6,gasoline,108967,,,37300,5,,False
2019,Ford,f-150,xl,6,gasoline,62948,,,24000,7,,False
2021,Ford,f-150,xlt,6,gasoline,134982,,,23600,5,,False
2021,Ford,f-150,lariat,6,gasoline,294662,,,19900,5,,False
2019,Ford,f-150,xlt,6,gasoline,231664,,,13600,7,,False
2020,Ford,f-150,xlt,6,gasoline,253870,,,13900,6,,False
2020,Ford,f-150,platinum,8,flex,194745,,,21400,6,,False
2021,Ford,f-150,xlt,6,flex,141317,,,24200,5,,False
2018,Ford,f-150,xlt,6,flex,278923,,,7500,8,,False
2020,Ford,f-150,xlt,6,flex,169318,,,21300,6,,False
2021,Ford,f-150,xlt,6,flex,130507,,,28000,5,,False
2015,Ford,f-150,xlt,6,gasoline,132893,,,17400,11,,False
2015,Ford,f-150,xlt,6,gasoline,112718,,,14500,11,,False
2019,Ford,f-150,xl,6,gasoline,158707,,,24000,7,,False
2010,Ford,f-150,xl,8,flex,16002,,,3300,16,,False
2021,Ford,f-150,no_mention,8,flex,98465,,,37000,5,,False
2023,Ford,f-150,xlt,8,flex,81979,,,37600,3,,False
2021,Ford,f-150,xl,6,gasoline,221336,,,17000,5,,False
2020,Ford,f-150,xlt,6,gasoline,59293,,,33750,6,,False
2017,Ford,f-150,xlt,6,gasoline,141883,,,15400,9,,False
2014,Ford,f-150,xlt,6,gasoline,119320,,,8000,12,,False
2019,Ford,f-150,xl,8,flex,156782,,,17900,7,,False
2022,Ford,f-150,xlt,6,gasoline,193972,,,25100,4,,False
2023,Ford,f-150,xlt,6,gasoline,35335,,,42500,3,,False
2022,Ford,f-150,lariat,6,gasoline,43740,,,53900,4,,False
2023,Ford,f-150,lariat,6,gasoline,46096,,,58500,3,,False
2022,Ford,f-150,no_mention,8,flex,39887,,,42000,4,,False
2022,Ford,f-150,no_mention,6,gasoline,69999,,,38000,4,,False
2020,Ford,f-150,xlt,6,gasoline,236801,,,16000,6,,False
2022,Ford,f-150,platinum,6,hybrid,72888,,,54400,4,,False
2021,Ford,f-150,no_mention,6,gasoline,63500,,,46500,5,,False
2024,Ford,f-150,king ranch,6,gasoline,45178,,,79000,2,,False
2017,Ford,f-150,lariat,8,flex,294981,,,12300,9,,False
2018,Ford,f-150,platinum,6,gasoline,263088,,,18800,8,,False
2022,Ford,f-150,no_mention,8,flex,82096,,,42000,4,,False
2022,Ford,f-150,xl,6,gasoline,126623,,,35900,4,,False
2013,Ford,f-150,no_mention,6,gasoline,231050,,,3400,13,,False
2015,Ford,f-150,xlt,6,flex,74833,,,15000,11,,False
2015,Ford,f-150,xlt,6,gasoline,160537,,,10000,11,,False
2023,Ford,f-150,xlt,6,gasoline,38417,,,47000,3,,False
2019,Ford,f-150,lariat,6,gasoline,106448,,,32000,7,,False
2022,Ford,f-150,lariat,6,gasoline,104076,,,46500,4,,False
2020,Ford,f-150,lariat,6,gasoline,79682,,,42000,6,,False
2021,Ford,f-150,no_mention,6,gasoline,137411,,,31500,5,,False
2021,Ford,f-150,lariat,6,gasoline,149291,,,28100,5,,False
2021,Ford,f-150,xlt,6,gasoline,77011,,,36100,5,,False
2018,Ford,f-150,xlt,6,gasoline,110333,,,26250,8,,False
2021,Ford,f-150,xlt,6,gasoline,55276,,,40400,5,,False
2020,Ford,f-150,xlt,6,gasoline,102683,,,31250,6,,False
2020,Ford,f-150,xlt,8,flex,176767,,,15000,6,,False
2023,Ford,f-150,tremor,6,gasoline,82324,,,57250,3,,False
2023,Ford,f-150,tremor,6,gasoline,19168,,,69750,3,,False
2021,Ford,f-150,xl,6,flex,215251,,,13500,5,,False
2023,Ford,f-150,xlt,6,flex,105442,,,34000,3,,False
2016,Ford,f-150,xlt,8,flex,247898,,,11100,10,,False
2023,Ford,f-150,lariat,8,flex,27164,,,64000,3,,False
2016,Ford,f-150,xl,6,flex,281159,,,4500,10,,False
2021,Ford,f-150,lariat,6,hybrid,101996,,,40500,5,,False
2016,Ford,f-150,xlt,8,flex,273241,,,7000,10,,False
2014,Ford,f-150,xlt,8,flex,220472,,,6000,12,,False
2012,Ford,f-150,xlt,8,flex,165323,,,7900,14,,False
2014,Ford,f-150,xl,6,gasoline,277964,,,6400,12,,False
2022,Ford,f-150,lariat,6,gasoline,44489,,,54250,4,,False
2021,Ford,f-150,lariat,6,hybrid,103611,,,43000,5,,False
2021,Ford,f-150,xlt,8,flex,207254,,,17000,5,,False
2021,Ford,f-150,xlt,8,flex,93158,,,41250,5,,False
2022,Ford,f-150,xlt,8,flex,57031,,,47800,4,,False
2019,Ford,f-150,xlt,8,flex,177084,,,15900,7,,False
2019,Ford,f-150,xlt,8,flex,237992,,,15100,7,,False
2018,Ford,f-150,xlt,8,flex,193966,,,17600,8,,False
2021,Ford,f-150,xlt,8,flex,58563,,,20900,5,,False
2022,Ford,f-150,xlt,8,flex,14073,,,47400,4,,False
2023,Ford,f-150,xlt,8,flex,44569,,,46750,3,,False
2018,Ford,f-150,xlt,8,flex,168718,,,14000,8,,False
2018,Ford,f-150,xlt,6,gasoline,111062,,,20800,8,,False
2019,Ford,f-150,lariat,6,gasoline,99565,,,32000,7,,False
2017,Ford,f-150,xlt,6,flex,262167,,,7000,9,,False
2016,Ford,f-150,xl,6,flex,243860,,,6750,10,,False
2018,Ford,f-150,xlt,6,flex,223954,,,8500,8,,False
2013,Ford,f-150,no_mention,6,flex,226694,,,3500,13,,False
2016,Ford,f-150,xlt,8,flex,243907,,,7600,10,,False
2014,Ford,f-150,xl,6,flex,188867,,,6600,12,,False
2018,Ford,f-150,king ranch,6,diesel,134437,,,30000,8,,False
2020,Ford,f-150,lariat,6,gasoline,112338,,,36500,6,,False
2020,Ford,f-150,lariat,6,gasoline,129832,,,35000,6,,False
2017,Ford,f-150,king ranch,6,gasoline,64760,,,37000,9,,False
2020,Ford,f-150,raptor,6,gasoline,78340,,,68750,6,,False
2021,Ford,f-150,xlt,6,gasoline,147152,,,27800,5,,False
2023,Ford,f-150,xlt,6,gasoline,42516,,,43900,3,,False
2022,Ford,f-150,platinum,6,gasoline,101835,,,54000,4,,False
2022,Ford,f-150,xlt,6,gasoline,133711,,,30000,4,,False
2019,Ford,f-150,no_mention,6,gasoline,91897,,,30200,7,,False
2018,Ford,f-150,no_mention,8,flex,14792,,,74500,8,,False
2019,Ford,f-150,no_mention,8,flex,169583,,,25500,7,,False
2024,Ford,f-150,raptor,6,gasoline,15284,,,99400,2,,False
2023,Ford,f-150,tremor,6,gasoline,70042,,,59000,3,,False
2021,Ford,f-150,no_mention,6,gasoline,74828,,,31800,5,,False
2021,Ford,f-150,lariat,6,gasoline,80823,,,40000,5,,False
2018,Ford,f-150,xlt,8,flex,204444,,,14500,8,,False
2022,Ford,f-150,lariat,6,gasoline,155012,,,37000,4,,False
2016,Ford,f-150,no_mention,8,flex,203248,,,14300,10,,False
2022,Ford,f-150,no_mention,6,hybrid,91535,,,39000,4,,False
2023,Ford,f-150,lariat,6,gasoline,65437,,,53000,3,,False
2018,Ford,f-150,no_mention,6,gasoline,101435,,,27700,8,,False
2024,Ford,f-150,raptor,6,gasoline,16337,,,99500,2,,False
2024,Ford,f-150,tremor,6,gasoline,16114,,,69200,2,,False
2023,Ford,f-150,no_mention,6,gasoline,48648,,,57600,3,,False
2024,Ford,f-150,xlt,6,gasoline,20581,,,54100,2,,False
2023,Ford,f-150,lariat,6,gasoline,72173,,,49600,3,,False
2021,Ford,f-150,no_mention,6,gasoline,74008,,,32000,5,,False
2023,Ford,f-150,lariat,6,gasoline,41528,,,58500,3,,False
2022,Ford,f-150,lariat,6,gasoline,110862,,,43000,4,,False
2022,Ford,f-150,xlt,6,gasoline,53185,,,43000,4,,False
2022,Ford,f-150,lariat,6,gasoline,64082,,,47000,4,,False
2020,Ford,f-150,lariat,6,gasoline,166621,,,26750,6,,False
2023,Ford,f-150,xlt,6,gasoline,43828,,,50250,3,,False
2021,Ford,f-150,lariat,6,gasoline,52776,,,44500,5,,False
2022,Ford,f-150,lariat,6,gasoline,59062,,,46250,4,,False
2023,Ford,f-150,xlt,6,gasoline,47062,,,46000,3,,False
2023,Ford,f-150,lariat,6,gasoline,84621,,,47750,3,,False
2022,Ford,f-150,xlt,6,gasoline,29258,,,50200,4,,False
2022,Ford,f-150,xlt,6,gasoline,83656,,,42000,4,,False
2020,Ford,f-150,no_mention,6,gasoline,92006,,,34600,6,,False
2023,Ford,f-150,lariat,6,gasoline,59651,,,55000,3,,False
2018,Ford,f-150,xlt,8,flex,131114,,,25500,8,,False
2018,Ford,f-150,lariat,8,flex,151046,,,27000,8,,False
2016,Ford,f-150,xlt,6,flex,187148,,,14000,10,,False
2022,Ford,f-150,tremor,6,gasoline,46257,,,55500,4,,False
2023,Ford,f-150,tremor,6,gasoline,35180,,,63500,3,,False
2021,Ford,f-150,tremor,6,gasoline,139119,,,38800,5,,False
2023,Ford,f-150,tremor,6,gasoline,43659,,,64400,3,,False
2018,Ford,f-150,xlt,6,flex,238365,,,10200,8,,False
2022,Ford,f-150,xlt,6,flex,195506,,,17900,4,,False
2015,Ford,f-150,lariat,8,flex,204766,,,16000,11,,False
2018,Ford,f-150,xlt,6,gasoline,109548,,,28000,8,,False
2018,Ford,f-150,lariat,6,gasoline,78184,,,34000,8,,False
2018,Ford,f-150,xlt,6,gasoline,84951,,,30000,8,,False
2017,Ford,f-150,lariat,6,gasoline,172427,,,24000,9,,False
2018,Ford,f-150,xlt,6,gasoline,129623,,,25200,8,,False
2021,Ford,f-150,xlt,8,flex,235190,,,19500,5,,False
2022,Ford,f-150,xlt,6,gasoline,68304,,,44400,4,,False
2013,Ford,f-150,xl,8,flex,173177,,,6700,13,,False
2019,Ford,f-150,xlt,6,flex,93164,,,19000,7,,False
2019,Ford,f-150,xl,6,flex,198341,,,5000,7,,False
2023,Ford,f-150,lariat,6,hybrid,82000,,,53000,3,,False
2023,Ford,f-150,xlt,6,hybrid,38696,,,47000,3,,False
2014,Ford,f-150,xlt,8,flex,123121,,,7200,12,,False
2016,Ford,f-150,lariat,8,flex,155519,,,23750,10,,False
2017,Ford,f-150,xlt,6,gasoline,223710,,,8700,9,,False
2011,Ford,f-150,xl,8,flex,186938,,,3100,15,,False
2011,Ford,f-150,xl,8,flex,148936,,,5500,15,,False
2011,Ford,f-150,xl,8,flex,151544,,,5500,15,,False
2011,Ford,f-150,xl,8,flex,203029,,,3500,15,,False
2022,Ford,f-150,lariat,6,gasoline,141651,,,41500,4,,False
2022,Ford,f-150,xlt,6,gasoline,163820,,,25400,4,,False
2022,Ford,f-150,xlt,6,gasoline,65746,,,45500,4,,False
2023,Ford,f-150,xlt,6,gasoline,55122,,,48000,3,,False
2022,Ford,f-150,lariat,6,hybrid,67403,,,50000,4,,False
2022,Ford,f-150,limited,6,hybrid,49581,,,65750,4,,False
2021,Ford,f-150,limited,6,hybrid,77469,,,54250,5,,False
2021,Ford,f-150,xlt,8,flex,98857,,,37100,5,,False
2022,Ford,f-150,xlt,8,flex,53801,,,49000,4,,False
2022,Ford,f-150,xlt,8,flex,111113,,,38400,4,,False
2021,Ford,f-150,xlt,8,flex,61389,,,45200,5,,False
2023,Ford,f-150,xlt,8,flex,29524,,,54100,3,,False
2022,Ford,f-150,lariat,8,flex,66736,,,54700,4,,False
2021,Ford,f-150,xlt,8,flex,46198,,,46750,5,,False
2022,Ford,f-150,xlt,8,flex,107808,,,41000,4,,False
2022,Ford,f-150,xlt,8,flex,60033,,,46200,4,,False
2021,Ford,f-150,xlt,6,gasoline,96328,,,32500,5,,False
2022,Ford,f-150,xlt,6,gasoline,137909,,,33800,4,,False
2022,Ford,f-150,lariat,6,gasoline,60152,,,49500,4,,False
2023,Ford,f-150,xlt,6,gasoline,44825,,,49250,3,,False
2021,Ford,f-150,xlt,6,flex,112159,,,24000,5,,False
2023,Ford,f-150,xlt,6,flex,96176,,,33500,3,,False
2023,Ford,f-150,xlt,6,flex,94940,,,33500,3,,False
2019,Ford,f-150,xlt,6,gasoline,150625,,,19000,7,,False
2018,Ford,f-150,lariat,6,gasoline,190653,,,22000,8,,False
2024,Ford,f-150,xlt,6,gasoline,29000,,,58500,2,,False
2024,Ford,f-150,xlt,6,gasoline,17656,,,58500,2,,False
2024,Ford,f-150,xlt,6,gasoline,27422,,,51250,2,,False
2024,Ford,f-150,king ranch,6,hybrid,10282,,,85200,2,,False
2019,Ford,f-150,xlt,6,gasoline,248039,,,10250,7,,False
2021,Ford,f-150,xlt,8,flex,108845,,,26400,5,,False
2018,Ford,f-150,xlt,8,flex,204015,,,4800,8,,False
2022,Ford,f-150,limited,6,gasoline,62529,,,64400,4,,False
2021,Ford,f-150,xlt,6,gasoline,106090,,,39500,5,,False
2022,Ford,f-150,lariat,6,gasoline,103009,,,47750,4,,False
2022,Ford,f-150,xlt,6,gasoline,114798,,,38000,4,,False
2023,Ford,f-150,lariat,6,gasoline,43994,,,57750,3,,False
2021,Ford,f-150,xlt,6,gasoline,232566,,,21800,5,,False
2022,Ford,f-150,lariat,6,gasoline,50518,,,55500,4,,False
2021,Ford,f-150,xlt,6,gasoline,43445,,,37000,5,,False
2022,Ford,f-150,xlt,6,gasoline,90412,,,39000,4,,False
2023,Ford,f-150,xlt,6,gasoline,21990,,,50250,3,,False
2018,Ford,f-150,no_mention,8,flex,180145,,,15500,8,,False
2023,Ford,f-150,lariat,6,gasoline,66751,,,57000,3,,False
2024,Ford,f-150,tremor,6,gasoline,32495,,,68000,2,,False
2022,Ford,f-150,no_mention,8,flex,72126,,,44000,4,,False
2011,Ford,f-150,no_mention,8,flex,210487,,,5200,15,,False
2013,Ford,f-150,no_mention,6,gasoline,139026,,,14800,13,,False
2013,Ford,f-150,no_mention,6,gasoline,189577,,,8500,13,,False
2023,Ford,f-150,lariat,8,flex,52383,,,57700,3,,False
2014,Ford,f-150,xlt,8,flex,127678,,,14600,12,,False
2017,Ford,f-150,no_mention,6,gasoline,177232,,,12000,9,,False
2017,Ford,f-150,no_mention,6,gasoline,144010,,,20100,9,,False
2021,Ford,f-150,no_mention,6,gasoline,247528,,,22700,5,,False
2018,Ford,f-150,no_mention,8,flex,222793,,,22500,8,,False
2022,Ford,f-150,no_mention,8,flex,66818,,,55700,4,,False
2020,Ford,f-150,no_mention,6,flex,143367,,,25400,6,,False
2022,Ford,f-150,no_mention,6,gasoline,31976,,,52600,4,,False
2023,Ford,f-150,xlt,8,flex,76750,,,47400,3,,False
2019,Ford,f-150,xlt,6,gasoline,230422,,,9900,7,,False
2021,Ford,f-150,lariat,6,gasoline,69548,,,45500,5,,False
2023,Ford,f-150,xlt,8,flex,33521,,,51800,3,,False
2021,Ford,f-150,xlt,6,gasoline,138851,,,29100,5,,False
2023,Ford,f-150,tremor,6,gasoline,36364,,,66700,3,,False
2016,Ford,f-150,xlt,6,gasoline,46197,,,29100,10,,False
2019,Ford,f-150,xlt,6,gasoline,183458,,,16200,7,,False
2022,Ford,f-150,lariat,6,gasoline,102565,,,44300,4,,False
2016,Ford,f-150,no_mention,8,flex,155213,,,16200,10,,False
2020,Ford,f-150,no_mention,8,flex,127680,,,29000,6,,False
2014,Ford,f-150,no_mention,8,flex,202561,,,4100,12,,False
2022,Ford,f-150,king ranch,6,gasoline,81541,,,61300,4,,False
2023,Ford,f-150,tremor,6,gasoline,37211,,,64200,3,,False
2019,Ford,f-150,no_mention,8,flex,165686,,,17400,7,,False
2019,Ford,f-150,no_mention,6,gasoline,112604,,,25000,7,,False
2020,Ford,f-150,xlt,6,gasoline,184791,,,16500,6,,False
2022,Ford,f-150,lariat,6,gasoline,98347,,,45500,4,,False
2023,Ford,f-150,lariat,6,gasoline,30511,,,51700,3,,False
2023,Ford,f-150,lariat,6,gasoline,44585,,,50250,3,,False
2022,Ford,f-150,lariat,6,gasoline,51977,,,42500,4,,False
2022,Ford,f-150,lariat,6,gasoline,66821,,,49300,4,,False
2023,Ford,f-150,lariat,6,gasoline,47151,,,52600,3,,False
2022,Ford,f-150,lariat,6,gasoline,44617,,,47500,4,,False
2023,Ford,f-150,xlt,6,gasoline,28124,,,52000,3,,False
2023,Ford,f-150,xlt,6,gasoline,25820,,,43250,3,,False
2022,Ford,f-150,xlt,6,gasoline,48753,,,37700,4,,False
2023,Ford,f-150,xlt,6,gasoline,39859,,,44200,3,,False
2023,Ford,f-150,lariat,6,gasoline,47822,,,49900,3,,False
2023,Ford,f-150,xlt,6,gasoline,37509,,,48000,3,,False
2021,Ford,f-150,xl,6,gasoline,74432,,,23200,5,,False
2023,Ford,f-150,lariat,6,gasoline,45701,,,48900,3,,False
2022,Ford,f-150,lariat,6,gasoline,115849,,,37700,4,,False
2019,Ford,f-150,xl,6,gasoline,83309,,,31200,7,,False
2020,Ford,f-150,xlt,6,gasoline,186911,,,17500,6,,False
2019,Ford,f-150,xlt,6,gasoline,173806,,,14800,7,,False
2020,Ford,f-150,lariat,8,flex,64558,,,39700,6,,False
2018,Ford,f-150,xlt,8,flex,109947,,,25800,8,,False
2022,Ford,f-150,tremor,6,gasoline,56390,,,54200,4,,False
2023,Ford,f-150,tremor,6,gasoline,37057,,,63600,3,,False
2018,Ford,f-150,xlt,6,flex,112001,,,23500,8,,False
2018,Ford,f-150,xl,6,flex,203360,,,7100,8,,False
2020,Ford,f-150,xlt,6,flex,177502,,,10600,6,,False
2015,Ford,f-150,xlt,8,flex,94027,,,15750,11,,False
2017,Ford,f-150,xlt,6,gasoline,167704,,,13500,9,,False
2022,Ford,f-150,xlt,8,flex,157973,,,33000,4,,False
2022,Ford,f-150,platinum,6,gasoline,182623,,,34700,4,,False
2022,Ford,f-150,xlt,6,gasoline,44816,,,38750,4,,False
2015,Ford,f-150,xlt,8,flex,234473,,,9500,11,,False
2013,Ford,f-150,xlt,8,flex,176869,,,10000,13,,False
2014,Ford,f-150,xlt,8,flex,299331,,,3000,12,,False
2014,Ford,f-150,xlt,8,flex,176672,,,9100,12,,False
2013,Ford,f-150,xlt,8,flex,129398,,,10000,13,,False
2021,Ford,f-150,platinum,6,hybrid,158826,,,26900,5,,False
2022,Ford,f-150,lariat,6,hybrid,77193,,,35900,4,,False
2023,Ford,f-150,lariat,6,hybrid,101857,,,42100,3,,False
2023,Ford,f-150,lariat,6,hybrid,31142,,,57400,3,,False
2022,Ford,f-150,platinum,6,hybrid,85060,,,50400,4,,False
2021,Ford,f-150,xlt,8,flex,88639,,,32700,5,,False
2021,Ford,f-150,xlt,8,flex,59948,,,29500,5,,False
2018,Ford,f-150,xlt,8,flex,176489,,,3000,8,,False
2022,Ford,f-150,lariat,8,flex,72929,,,49600,4,,False
2021,Ford,f-150,xlt,8,flex,177215,,,23800,5,,False
2019,Ford,f-150,xlt,8,flex,84989,,,26000,7,,False
2021,Ford,f-150,lariat,8,flex,94273,,,49000,5,,False
2023,Ford,f-150,xlt,8,flex,50739,,,42250,3,,False
2023,Ford,f-150,lariat,6,gasoline,37975,,,48400,3,,False
2023,Ford,f-150,lariat,6,gasoline,39844,,,49500,3,,False
2023,Ford,f-150,lariat,6,gasoline,50210,,,52000,3,,False
2024,Ford,f-150,xlt,6,gasoline,8380,,,63500,2,,False
2024,Ford,f-150,xlt,6,gasoline,11061,,,66250,2,,False
2018,Ford,f-150,xlt,6,flex,159850,,,16000,8,,False
2021,Ford,f-150,xl,6,flex,115649,,,26000,5,,False
2019,Ford,f-150,xlt,6,flex,198095,,,11000,7,,False
2021,Ford,f-150,lariat,6,diesel,114323,,,36400,5,,False
2019,Ford,f-150,xlt,6,gasoline,174185,,,19100,7,,False
2020,Ford,f-150,xlt,6,gasoline,185201,,,18700,6,,False
2020,Ford,f-150,xlt,6,gasoline,177228,,,18900,6,,False
2018,Ford,f-150,xlt,6,gasoline,163069,,,19500,8,,False
2024,Ford,f-150,xlt,8,gasoline,24760,,,54600,2,,False
2024,Ford,f-150,xlt,6,gasoline,20911,,,52500,2,,False
2024,Ford,f-150,xlt,6,gasoline,14443,,,56000,2,,False
2024,Ford,f-150,xlt,6,hybrid,14220,,,70600,2,,False
2024,Ford,f-150,lariat,6,gasoline,13425,,,73600,2,,False
2024,Ford,f-150,lariat,6,gasoline,34049,,,67250,2,,False
2024,Ford,f-150,lariat,6,hybrid,21561,,,78500,2,,False
2023,Ford,f-150,xlt,6,gasoline,95823,,,32000,3,,False
2023,Ford,f-150,xlt,6,gasoline,97160,,,32500,3,,False
2013,Ford,f-150,xlt,8,flex,40868,,,14500,13,,False
2022,Ford,f-150,lariat,6,gasoline,69967,,,52000,4,,False
2023,Ford,f-150,lariat,6,gasoline,18378,,,63500,3,,False
2022,Ford,f-150,xlt,6,gasoline,113435,,,25000,4,,False
2022,Ford,f-150,xlt,6,gasoline,47140,,,37200,4,,False
2021,Ford,f-150,xlt,6,gasoline,61866,,,26500,5,,False
2023,Ford,f-150,xlt,6,gasoline,121844,,,38000,3,,False
2023,Ford,f-150,xlt,6,gasoline,85110,,,41900,3,,False
2021,Ford,f-150,xlt,6,gasoline,91879,,,37800,5,,False
2022,Ford,f-150,xlt,6,gasoline,117010,,,34200,4,,False
2023,Ford,f-150,xlt,6,gasoline,41173,,,51500,3,,False
2023,Ford,f-150,xlt,6,gasoline,28324,,,49750,3,,False
2022,Ford,f-150,xlt,6,gasoline,52426,,,40500,4,,False
2023,Ford,f-150,xlt,6,gasoline,16478,,,40100,3,,False
2021,Ford,f-150,xlt,6,gasoline,68313,,,30100,5,,False
2017,Ford,f-150,xlt,6,gasoline,156174,,,19800,9,,False
2017,Ford,f-150,raptor,6,gasoline,153000,,,42000,9,,False
2020,Ford,f-150,no_mention,8,flex,135703,,,23700,6,,False
2013,Ford,f-150,no_mention,8,flex,248293,,,3500,13,,False
2016,Ford,f-150,no_mention,8,flex,199928,,,14000,10,,False
2017,Ford,f-150,no_mention,6,flex,205000,,,9100,9,,False
2018,Ford,f-150,no_mention,8,flex,178272,,,20100,8,,False
2022,Ford,f-150,lariat,6,gasoline,64505,,,44500,4,,False
2024,Ford,f-150,xlt,8,gasoline,28664,,,54000,2,,False
2019,Ford,f-150,no_mention,6,gasoline,125266,,,25200,7,,False
2020,Ford,f-150,no_mention,6,gasoline,107038,,,36500,6,,False
2016,Ford,f-150,no_mention,8,flex,272650,,,13800,10,,False
2023,Ford,f-150,no_mention,6,hybrid,151057,,,32100,3,,False
2018,Ford,f-150,xlt,8,flex,187900,,,11100,8,,False
2014,Ford,f-150,no_mention,6,gasoline,275220,,,8100,12,,False
2020,Ford,f-150,no_mention,6,gasoline,129708,,,32500,6,,False
2017,Ford,f-150,no_mention,8,flex,147838,,,21000,9,,False
2016,Ford,f-150,lariat,8,flex,192958,,,19000,10,,False
2020,Ford,f-150,xlt,6,gasoline,240648,,,14500,6,,False
2018,Ford,f-150,no_mention,6,gasoline,98280,,,28500,8,,False
2022,Ford,f-150,no_mention,6,hybrid,76941,,,44100,4,,False
2024,Ford,f-150,xlt,6,gasoline,15000,,,57000,2,,False
2018,Ford,f-150,lariat,6,gasoline,133674,,,28000,8,,False
2014,Ford,f-150,no_mention,6,gasoline,205000,,,12200,12,,False
2011,Ford,f-150,no_mention,6,gasoline,248069,,,6000,15,,False
2017,Ford,f-150,xlt,6,gasoline,222216,,,15500,9,,False
2014,Ford,f-150,xlt,6,gasoline,223856,,,9000,12,,False
2021,Ford,f-150,xlt,6,flex,204859,,,17500,5,,False
2022,Ford,f-150,no_mention,6,hybrid,100961,,,40200,4,,False
2013,Ford,f-150,no_mention,6,gasoline,191013,,,11800,13,,False
2024,Ford,f-150,xlt,6,gasoline,44570,,,51800,2,,False
2019,Ford,f-150,xlt,6,flex,194989,,,17200,7,,False
2018,Ford,f-150,no_mention,6,gasoline,174097,,,17200,8,,False
2016,Ford,f-150,xlt,6,flex,126596,,,18300,10,,False
2022,Ford,f-150,no_mention,6,gasoline,69867,,,48800,4,,False
2024,Ford,f-150,no_mention,6,gasoline,20300,,,52500,2,,False
2022,Ford,f-150,xlt,6,gasoline,61600,,,44100,4,,False
2022,Ford,f-150,no_mention,6,gasoline,38095,,,41100,4,,False
2018,Ford,f-150,no_mention,6,gasoline,174901,,,27700,8,,False
2023,Ford,f-150,lariat,6,gasoline,113144,,,39400,3,,False
2020,Ford,f-150,lariat,6,gasoline,156855,,,23000,6,,False
2020,Ford,f-150,xlt,8,flex,123848,,,19700,6,,False
2020,Ford,f-150,xlt,8,flex,191475,,,11400,6,,False
2017,Ford,f-150,xlt,8,flex,242073,,,12200,9,,False
2021,Ford,f-150,xlt,6,gasoline,61520,,,33600,5,,False
2014,Ford,f-150,fx4,8,flex,212335,,,6600,12,,False
2020,Ford,f-150,xlt,6,gasoline,218984,,,5200,6,,False
2018,Ford,f-150,xlt,8,flex,210884,,,9700,8,,False
2018,Ford,f-150,xlt,8,flex,135104,,,18500,8,,False
2022,Ford,f-150,xlt,8,flex,101040,,,30500,4,,False
2019,Ford,f-150,xlt,6,gasoline,238091,,,12500,7,,False
2016,Ford,f-150,xlt,6,gasoline,142091,,,13400,10,,False
2014,Ford,f-150,fx4,6,gasoline,193987,,,11000,12,,False
2019,Ford,f-150,xlt,6,gasoline,204988,,,12800,7,,False
2018,Ford,f-150,xlt,8,flex,101267,,,18500,8,,False
2022,Ford,f-150,xlt,6,gasoline,183344,,,20600,4,,False
2023,Ford,f-150,xlt,6,gasoline,34726,,,47500,3,,False
2022,Ford,f-150,xlt,6,gasoline,99438,,,39000,4,,False
2019,Ford,f-150,no_mention,6,gasoline,147219,,,32500,7,,False
2017,Ford,f-150,no_mention,8,flex,172773,,,19000,9,,False
2019,Ford,f-150,lariat,6,gasoline,130515,,,35600,7,,False
2023,Ford,f-150,no_mention,6,gasoline,67456,,,55000,3,,False
2021,Ford,f-150,xlt,6,gasoline,99910,,,36200,5,,False
2021,Ford,f-150,no_mention,6,hybrid,52811,,,50500,5,,False
2014,Ford,f-150,no_mention,6,gasoline,146279,,,9100,12,,False
2016,Ford,f-150,no_mention,8,flex,107696,,,19400,10,,False
2021,Ford,f-150,lariat,8,flex,127859,,,43200,5,,False
2021,Ford,f-150,no_mention,8,flex,90681,,,35000,5,,False
2022,Ford,f-150,lariat,6,gasoline,117039,,,50100,4,,False
2016,Ford,f-150,no_mention,6,gasoline,295252,,,7700,10,,False
2022,Ford,f-150,no_mention,6,gasoline,76410,,,45000,4,,False
2021,Ford,f-150,xlt,6,gasoline,89716,,,35000,5,,False
2020,Ford,f-150,xlt,6,gasoline,15832,,,36900,6,,False
2022,Ford,f-150,xlt,6,gasoline,25160,,,47200,4,,False
2020,Ford,f-150,xlt,6,gasoline,171168,,,20000,6,,False
2021,Ford,f-150,lariat,6,gasoline,61435,,,41800,5,,False
2021,Ford,f-150,lariat,6,gasoline,156222,,,32000,5,,False
2022,Ford,f-150,lariat,6,gasoline,81133,,,46750,4,,False
2020,Ford,f-150,xlt,6,gasoline,129866,,,25100,6,,False
2019,Ford,f-150,lariat,8,flex,71610,,,43250,7,,False
2018,Ford,f-150,xlt,8,flex,158402,,,17800,8,,False
2018,Ford,f-150,xlt,8,flex,157903,,,19500,8,,False
2023,Ford,f-150,tremor,6,gasoline,16206,,,70500,3,,False
2021,Ford,f-150,tremor,6,gasoline,76130,,,58000,5,,False
2023,Ford,f-150,tremor,6,gasoline,40193,,,68000,3,,False
2023,Ford,f-150,tremor,6,gasoline,31050,,,68000,3,,False
2016,Ford,f-150,xlt,6,flex,169550,,,15800,10,,False
2023,Ford,f-150,tremor,6,gasoline,33922,,,67900,3,,False
2020,Ford,f-150,xlt,6,flex,129912,,,24400,6,,False
2016,Ford,f-150,xlt,8,flex,232150,,,15400,10,,False
2016,Ford,f-150,platinum,8,flex,255071,,,17250,10,,False
2017,Ford,f-150,xlt,8,flex,203519,,,17500,9,,False
2016,Ford,f-150,xlt,6,gasoline,162815,,,17750,10,,False
2017,Ford,f-150,xlt,6,gasoline,211086,,,10750,9,,False
2022,Ford,f-150,xlt,6,gasoline,99579,,,36500,4,,False
2018,Ford,f-150,xl,6,flex,258039,,,3500,8,,False
2018,Ford,f-150,xlt,6,flex,14105,,,25500,8,,False
2023,Ford,f-150,lariat,6,hybrid,21625,,,64000,3,,False
2014,Ford,f-150,xlt,8,flex,160103,,,5300,12,,False
2022,Ford,f-150,xlt,6,gasoline,76362,,,42900,4,,False
2021,Ford,f-150,lariat,6,hybrid,102690,,,40300,5,,False
2023,Ford,f-150,lariat,6,hybrid,48562,,,60250,3,,False
2022,Ford,f-150,lariat,6,hybrid,67086,,,53000,4,,False
2022,Ford,f-150,platinum,6,hybrid,76536,,,58750,4,,False
2022,Ford,f-150,xlt,8,flex,34614,,,38000,4,,False
2023,Ford,f-150,xlt,8,flex,39713,,,44300,3,,False
2019,Ford,f-150,xlt,8,flex,213514,,,18250,7,,False
2021,Ford,f-150,xlt,8,flex,110122,,,37800,5,,False
2021,Ford,f-150,xlt,8,flex,81897,,,40000,5,,False
2023,Ford,f-150,xlt,8,flex,38320,,,44250,3,,False
2021,Ford,f-150,lariat,6,gasoline,242224,,,24000,5,,False
2024,Ford,f-150,no_mention,6,gasoline,22648,,,49750,2,,False
2019,Ford,f-150,xlt,8,flex,149992,,,17500,7,,False
2019,Ford,f-150,xlt,6,flex,115663,,,26300,7,,False
2019,Ford,f-150,xlt,6,flex,112098,,,25500,7,,False
2014,Ford,f-150,xlt,6,flex,142379,,,8050,12,,False
2022,Ford,f-150,xlt,6,gasoline,53064,,,35000,4,,False
2020,Ford,f-150,lariat,6,gasoline,149673,,,18200,6,,False
2018,Ford,f-150,xlt,6,gasoline,267141,,,7500,8,,False
2020,Ford,f-150,xlt,6,gasoline,49420,,,40200,6,,False
2019,Ford,f-150,xlt,6,gasoline,118820,,,28250,7,,False
2014,Ford,f-150,xlt,6,gasoline,249892,,,8100,12,,False
2013,Ford,f-150,fx4,6,gasoline,138229,,,12500,13,,False
2013,Ford,f-150,xlt,6,gasoline,260135,,,5200,13,,False
2015,Ford,f-150,xlt,8,flex,192374,,,12000,11,,False
2023,Ford,f-150,xlt,6,gasoline,52382,,,42000,3,,False
2023,Ford,f-150,xlt,6,gasoline,91858,,,38900,3,,False
2023,Ford,f-150,xlt,6,gasoline,15081,,,50500,3,,False
2021,Ford,f-150,xlt,6,gasoline,93359,,,40250,5,,False
2023,Ford,f-150,xlt,6,gasoline,67049,,,42800,3,,False
2021,Ford,f-150,lariat,6,gasoline,121722,,,35700,5,,False
2022,Ford,f-150,xlt,6,flex,166851,,,21000,4,,False
2020,Ford,f-150,no_mention,6,gasoline,156412,,,26600,6,,False
2023,Ford,f-150,xlt,6,gasoline,54834,,,42900,3,,False
2015,Ford,f-150,no_mention,6,gasoline,135078,,,24200,11,,False
2022,Ford,f-150,xlt,6,gasoline,181450,,,25400,4,,False
2016,Ford,f-150,no_mention,6,gasoline,104972,,,21700,10,,False
2022,Ford,f-150,xlt,6,gasoline,42969,,,46500,4,,False
2016,Ford,f-150,no_mention,6,gasoline,143566,,,17300,10,,False
2020,Ford,f-150,no_mention,6,gasoline,78417,,,31600,6,,False
2017,Ford,f-150,limited,6,gasoline,136030,,,31900,9,,False
2024,Ford,f-150,xlt,6,gasoline,35412,,,57600,2,,False
2020,Ford,f-150,no_mention,6,gasoline,156492,,,28100,6,,False
2019,Ford,f-150,no_mention,6,gasoline,109751,,,26200,7,,False
2024,Ford,f-150,no_mention,6,gasoline,19507,,,53000,2,,False
2019,Ford,f-150,no_mention,6,gasoline,175078,,,22500,7,,False
2020,Ford,f-150,xlt,6,gasoline,72142,,,33300,6,,False
2022,Ford,f-150,xlt,6,gasoline,87812,,,39750,4,,False
2023,Ford,f-150,lariat,6,gasoline,87457,,,47500,3,,False
2023,Ford,f-150,xlt,6,gasoline,47058,,,46750,3,,False
2023,Ford,f-150,lariat,6,gasoline,30622,,,54300,3,,False
2022,Ford,f-150,lariat,6,gasoline,75799,,,48000,4,,False
2023,Ford,f-150,xlt,6,gasoline,22831,,,49500,3,,False
2022,Ford,f-150,lariat,6,gasoline,68500,,,50400,4,,False
2023,Ford,f-150,xlt,6,gasoline,27877,,,45200,3,,False
2023,Ford,f-150,lariat,6,gasoline,48929,,,54400,3,,False
2019,Ford,f-150,xlt,6,gasoline,132573,,,26250,7,,False
2023,Ford,f-150,lariat,6,gasoline,35954,,,60100,3,,False
2023,Ford,f-150,lariat,6,gasoline,29654,,,58400,3,,False
2020,Ford,f-150,xlt,8,flex,120228,,,24500,6,,False
2020,Ford,f-150,lariat,8,flex,74594,,,37000,6,,False
2018,Ford,f-150,lariat,8,flex,145333,,,28000,8,,False
2023,Ford,f-150,tremor,6,gasoline,60854,,,64750,3,,False
2023,Ford,f-150,tremor,6,gasoline,35391,,,66000,3,,False
2022,Ford,f-150,tremor,6,gasoline,59597,,,56100,4,,False
2023,Ford,f-150,tremor,6,gasoline,32652,,,67000,3,,False
2022,Ford,f-150,tremor,6,gasoline,63630,,,58750,4,,False
2019,Ford,f-150,xlt,6,flex,137598,,,22000,7,,False
2018,Ford,f-150,xlt,6,flex,134640,,,22800,8,,False
2021,Ford,f-150,xlt,6,flex,108737,,,30000,5,,False
2020,Ford,f-150,xlt,6,flex,220947,,,18500,6,,False
2020,Ford,f-150,xlt,6,flex,160950,,,19500,6,,False
2016,Ford,f-150,xlt,8,flex,151139,,,20400,10,,False
2015,Ford,f-150,xlt,8,flex,195661,,,16400,11,,False
2018,Ford,f-150,limited,6,gasoline,141692,,,35500,8,,False
2011,Ford,f-150,harley-davidson,8,flex,100212,,,23250,15,,False
2021,Ford,f-150,lariat,6,gasoline,111570,,,32200,5,,False
2021,Ford,f-150,limited,6,hybrid,30440,,,68750,5,,False
2023,Ford,f-150,xlt,6,hybrid,50920,,,41400,3,,False
2016,Ford,f-150,xlt,8,flex,157061,,,15600,10,,False
2022,Ford,f-150,xlt,6,gasoline,21406,,,48000,4,,False
2022,Ford,f-150,xlt,6,gasoline,61676,,,39000,4,,False
2022,Ford,f-150,lariat,6,gasoline,93125,,,45250,4,,False
2022,Ford,f-150,xlt,6,gasoline,110980,,,27500,4,,False
2023,Ford,f-150,lariat,6,gasoline,118859,,,48250,3,,False
2022,Ford,f-150,xlt,6,gasoline,81999,,,35500,4,,False
2022,Ford,f-150,xlt,6,gasoline,118273,,,37750,4,,False
2023,Ford,f-150,xlt,6,gasoline,106499,,,42000,3,,False
2023,Ford,f-150,no_mention,6,gasoline,33523,,,51000,3,,False
2022,Ford,f-150,lariat,6,hybrid,67397,,,51500,4,,False
2021,Ford,f-150,lariat,6,hybrid,190396,,,34000,5,,False
2021,Ford,f-150,lariat,6,hybrid,96797,,,41800,5,,False
2021,Ford,f-150,xl,8,flex,144643,,,24250,5,,False
2022,Ford,f-150,xlt,8,flex,144611,,,34500,4,,False
2022,Ford,f-150,platinum,8,flex,56013,,,58500,4,,False
2019,Ford,f-150,xlt,8,flex,43742,,,31000,7,,False
2022,Ford,f-150,xlt,8,flex,86292,,,44200,4,,False
2023,Ford,f-150,xlt,8,flex,127654,,,38000,3,,False
2021,Ford,f-150,xlt,8,flex,70177,,,41000,5,,False
2022,Ford,f-150,xlt,8,flex,127267,,,33800,4,,False
2021,Ford,f-150,xlt,8,flex,205895,,,22600,5,,False
2022,Ford,f-150,xlt,8,flex,47257,,,50000,4,,False
2023,Ford,f-150,xlt,8,flex,34487,,,44250,3,,False
2021,Ford,f-150,xlt,6,gasoline,37729,,,41500,5,,False
2022,Ford,f-150,xlt,6,gasoline,64006,,,45000,4,,False
2024,Ford,f-150,no_mention,6,gasoline,12461,,,51600,2,,False
2024,Ford,f-150,xlt,6,gasoline,23702,,,55100,2,,False
2013,Ford,f-150,xlt,6,flex,171085,,,4400,13,,False
2023,Ford,f-150,xlt,6,gasoline,60321,,,34000,3,,False
2018,Ford,f-150,lariat,6,diesel,119815,,,21500,8,,False
2020,Ford,f-150,lariat,6,gasoline,166706,,,31000,6,,False
2018,Ford,f-150,lariat,8,flex,198150,,,21800,8,,False
2024,Ford,f-150,xlt,6,gasoline,30059,,,57000,2,,False
2024,Ford,f-150,xlt,6,hybrid,31456,,,58400,2,,False
2024,Ford,f-150,tremor,6,gasoline,18582,,,76000,2,,False
2023,Ford,f-150,xlt,6,gasoline,118111,,,27000,3,,False
2021,Ford,f-150,xlt,6,gasoline,138616,,,28800,5,,False
2023,Ford,f-150,xlt,6,gasoline,28326,,,50750,3,,False
2023,Ford,f-150,lariat,6,gasoline,60474,,,58000,3,,False
2022,Ford,f-150,lariat,6,gasoline,64707,,,54100,4,,False
2023,Ford,f-150,platinum,6,gasoline,68730,,,65750,3,,False
2023,Ford,f-150,xlt,6,gasoline,88636,,,43100,3,,False
2021,Ford,f-150,lariat,6,gasoline,94319,,,42000,5,,False
2023,Ford,f-150,xlt,6,gasoline,20962,,,47500,3,,False
2022,Ford,f-150,xlt,6,gasoline,62012,,,46000,4,,False
2022,Ford,f-150,xlt,6,gasoline,77923,,,43250,4,,False
2023,Ford,f-150,lariat,6,gasoline,43382,,,59500,3,,False
2023,Ford,f-150,lariat,6,gasoline,26080,,,57250,3,,False
2023,Ford,f-150,xlt,6,gasoline,26440,,,51100,3,,False
2022,Ford,f-150,xlt,6,gasoline,83543,,,43300,4,,False
2015,Ford,f-150,no_mention,6,gasoline,267651,,,5500,11,,False
2023,Ford,f-150,no_mention,6,gasoline,32563,,,60200,3,,False
2017,Ford,f-150,lariat,6,gasoline,187347,,,17200,9,,False
2017,Ford,f-150,no_mention,8,flex,70500,,,29300,9,,False
2022,Ford,f-150,xlt,6,gasoline,44295,,,44000,4,,False
2022,Ford,f-150,lariat,6,gasoline,83400,,,46800,4,,False
2016,Ford,f-150,no_mention,8,flex,209084,,,17600,10,,False
2022,Ford,f-150,no_mention,6,gasoline,105418,,,44700,4,,False
2021,Ford,f-150,no_mention,6,gasoline,180624,,,30100,5,,False
2018,Ford,f-150,no_mention,8,flex,130781,,,27100,8,,False
2023,Ford,f-150,no_mention,6,hybrid,42752,,,68300,3,,False
2018,Ford,f-150,no_mention,6,gasoline,186987,,,22500,8,,False
2021,Ford,f-150,lariat,6,gasoline,198966,,,19600,5,,False
2022,Ford,f-150,lariat,6,gasoline,54439,,,48200,4,,False
2019,Ford,f-150,xlt,6,gasoline,168542,,,15250,7,,False
2023,Ford,f-150,lariat,6,gasoline,60699,,,48500,3,,False
2023,Ford,f-150,lariat,6,gasoline,53195,,,31750,3,,False
2023,Ford,f-150,lariat,6,gasoline,43383,,,55500,3,,False
2021,Ford,f-150,lariat,6,gasoline,49452,,,44400,5,,False
2021,Ford,f-150,lariat,6,gasoline,77447,,,26000,5,,False
2023,Ford,f-150,lariat,6,gasoline,30151,,,55000,3,,False
2019,Ford,f-150,xlt,6,gasoline,126278,,,27500,7,,False
2022,Ford,f-150,lariat,6,gasoline,64411,,,44600,4,,False
2023,Ford,f-150,xlt,6,gasoline,18114,,,45000,3,,False
2023,Ford,f-150,xlt,6,gasoline,44032,,,46800,3,,False
2023,Ford,f-150,lariat,6,gasoline,65341,,,48800,3,,False
2019,Ford,f-150,xlt,6,gasoline,65487,,,32500,7,,False
2021,Ford,f-150,lariat,6,gasoline,173181,,,27300,5,,False
2021,Ford,f-150,xlt,6,gasoline,124490,,,26200,5,,False
2023,Ford,f-150,xl,6,gasoline,14313,,,42000,3,,False
2019,Ford,f-150,xlt,6,gasoline,196879,,,18900,7,,False
2023,Ford,f-150,lariat,6,gasoline,24737,,,56250,3,,False
2022,Ford,f-150,xlt,6,gasoline,77620,,,25200,4,,False
2023,Ford,f-150,lariat,6,gasoline,56988,,,52750,3,,False
2020,Ford,f-150,lariat,6,gasoline,130561,,,26000,6,,False
2022,Ford,f-150,lariat,6,gasoline,47102,,,34200,4,,False
2022,Ford,f-150,xlt,6,gasoline,210197,,,21100,4,,False
2019,Ford,f-150,lariat,6,gasoline,167765,,,24600,7,,False
2018,Ford,f-150,xlt,8,flex,183521,,,19100,8,,False
2023,Ford,f-150,tremor,6,gasoline,71946,,,58700,3,,False
2020,Ford,f-150,xlt,6,flex,152715,,,22000,6,,False
2015,Ford,f-150,xlt,8,flex,213234,,,9600,11,,False
2017,Ford,f-150,xlt,8,flex,203744,,,15700,9,,False
2018,Ford,f-150,xlt,6,gasoline,75670,,,20400,8,,False
2022,Ford,f-150,xlt,6,gasoline,77469,,,25000,4,,False
2016,Ford,f-150,xlt,8,flex,167402,,,14500,10,,False
2023,Ford,f-150,xlt,6,hybrid,34449,,,48000,3,,False
2022,Ford,f-150,xlt,6,hybrid,79254,,,38800,4,,False
2022,Ford,f-150,lariat,6,hybrid,77299,,,45000,4,,False
2013,Ford,f-150,xlt,8,flex,147275,,,7600,13,,False
2012,Ford,f-150,xlt,8,flex,79647,,,12000,14,,False
2023,Ford,f-150,xlt,6,gasoline,19443,,,49800,3,,False
2023,Ford,f-150,lariat,6,gasoline,70229,,,49750,3,,False
2023,Ford,f-150,lariat,6,hybrid,112573,,,42200,3,,False
2021,Ford,f-150,xlt,6,hybrid,54928,,,28800,5,,False
2022,Ford,f-150,xlt,6,hybrid,95180,,,35800,4,,False
2021,Ford,f-150,xlt,8,flex,67270,,,28600,5,,False
2019,Ford,f-150,xlt,8,flex,153351,,,23000,7,,False
2022,Ford,f-150,xlt,8,flex,76034,,,34250,4,,False
2022,Ford,f-150,xlt,8,flex,92788,,,41600,4,,False
2020,Ford,f-150,xlt,8,flex,187891,,,19000,6,,False
2021,Ford,f-150,lariat,8,flex,96658,,,46000,5,,False
2022,Ford,f-150,no_mention,8,flex,101654,,,41000,4,,False
2021,Ford,f-150,xlt,8,flex,85237,,,31400,5,,False
2023,Ford,f-150,no_mention,6,gasoline,28094,,,43500,3,,False
2023,Ford,f-150,lariat,6,gasoline,43507,,,54500,3,,False
2019,Ford,f-150,xlt,6,gasoline,132270,,,23000,7,,False
2021,Ford,f-150,xlt,6,gasoline,91814,,,28000,5,,False
2024,Ford,f-150,xlt,6,gasoline,14984,,,53000,2,,False
2020,Ford,f-150,xlt,6,diesel,89287,,,25800,6,,False
2020,Ford,f-150,xlt,6,gasoline,63241,,,26250,6,,False
2016,Ford,f-150,xlt,6,gasoline,179326,,,12500,10,,False
2014,Ford,f-150,xlt,6,gasoline,243248,,,4300,12,,False
2024,Ford,f-150,xlt,6,gasoline,36431,,,51250,2,,False
2024,Ford,f-150,xlt,6,gasoline,28956,,,56500,2,,False
2024,Ford,f-150,xlt,6,gasoline,17623,,,55400,2,,False
2024,Ford,f-150,xlt,6,gasoline,15216,,,59250,2,,False
2024,Ford,f-150,xlt,6,hybrid,28640,,,60000,2,,False
2024,Ford,f-150,lariat,6,gasoline,35141,,,69000,2,,False
2024,Ford,f-150,lariat,6,hybrid,12107,,,71500,2,,False
2024,Ford,f-150,platinum,6,hybrid,32947,,,91000,2,,False
2021,Ford,f-150,xlt,8,flex,88852,,,29600,5,,False
2022,Ford,f-150,lariat,6,gasoline,164843,,,36500,4,,False
2022,Ford,f-150,xlt,6,gasoline,19080,,,43100,4,,False
2022,Ford,f-150,xlt,6,gasoline,146717,,,25600,4,,False
2023,Ford,f-150,xlt,6,gasoline,22536,,,46300,3,,False
2022,Ford,f-150,lariat,6,gasoline,85006,,,48000,4,,False
2022,Ford,f-150,xlt,6,gasoline,20146,,,35400,4,,False
2022,Ford,f-150,xlt,6,gasoline,92288,,,37200,4,,False
2022,Ford,f-150,xlt,6,gasoline,51377,,,42200,4,,False
2022,Ford,f-150,xlt,6,gasoline,59958,,,44400,4,,False
2022,Ford,f-150,lariat,6,gasoline,49047,,,55000,4,,False
2022,Ford,f-150,lariat,6,gasoline,49411,,,57250,4,,False
2023,Ford,f-150,lariat,6,gasoline,68299,,,49400,3,,False
2017,Ford,f-150,no_mention,8,flex,171754,,,23200,9,,False
2022,Ford,f-150,platinum,8,flex,101278,,,39600,4,,False
2017,Ford,f-150,no_mention,6,gasoline,167307,,,20300,9,,False
2018,Ford,f-150,no_mention,8,flex,290599,,,8500,8,,False
2018,Ford,f-150,no_mention,6,gasoline,239989,,,15200,8,,False
2020,Ford,f-150,raptor,6,gasoline,198050,,,39000,6,,False
2022,Ford,f-150,no_mention,6,gasoline,58629,,,43500,4,,False
2024,Ford,f-150,no_mention,6,gasoline,29434,,,47500,2,,False
2015,Ford,f-150,no_mention,6,gasoline,167281,,,16200,11,,False
2023,Ford,f-150,tremor,6,gasoline,55737,,,59000,3,,False
2011,Ford,f-150,no_mention,8,flex,293908,,,3600,15,,False
2021,Ford,f-150,no_mention,8,flex,85198,,,45500,5,,False
2023,Ford,f-150,no_mention,8,flex,17817,,,46100,3,,False
2020,Ford,f-150,xlt,6,gasoline,217030,,,18200,6,,False
2021,Ford,f-150,lariat,6,gasoline,73190,,,45800,5,,False
2020,Ford,f-150,no_mention,6,gasoline,146869,,,28900,6,,False
2019,Ford,f-150,xlt,6,gasoline,144349,,,29600,7,,False
2014,Ford,f-150,no_mention,6,gasoline,220308,,,8700,12,,False
2019,Ford,f-150,no_mention,6,gasoline,148891,,,24700,7,,False
2023,Ford,f-150,no_mention,6,gasoline,50526,,,65100,3,,False
2012,Ford,f-150,no_mention,6,gasoline,127228,,,3800,14,,False
2022,Ford,f-150,lariat,8,flex,87698,,,47100,4,,False
2022,Ford,f-150,no_mention,6,gasoline,113304,,,36900,4,,False
2022,Ford,f-150,no_mention,8,flex,45591,,,61200,4,,False
2022,Ford,f-150,xlt,6,gasoline,62275,,,42000,4,,False
2018,Ford,f-150,xlt,6,gasoline,145887,,,21500,8,,False
2020,Ford,f-150,lariat,6,gasoline,105922,,,38350,6,,False
2023,Ford,f-150,lariat,6,gasoline,79839,,,56000,3,,False
2021,Ford,f-150,xlt,6,gasoline,194261,,,22350,5,,False
2017,Ford,f-150,no_mention,6,gasoline,188000,,,21000,9,,False
2020,Ford,f-150,no_mention,6,gasoline,81640,,,32200,6,,False
2019,Ford,f-150,no_mention,6,gasoline,208904,,,16000,7,,False
2018,Ford,f-150,no_mention,6,gasoline,149467,,,19700,8,,False
2017,Ford,f-150,no_mention,8,flex,273454,,,10500,9,,False
2022,Ford,f-150,xlt,6,gasoline,58441,,,46000,4,,False
2021,Ford,f-150,no_mention,8,flex,145200,,,29300,5,,False
2016,Ford,f-150,lariat,6,gasoline,225519,,,16750,10,,False
2019,Ford,f-150,xlt,6,gasoline,144499,,,18900,7,,False
2019,Ford,f-150,xlt,6,gasoline,158544,,,22600,7,,False
2019,Ford,f-150,xlt,6,gasoline,161449,,,23500,7,,False
2019,Ford,f-150,xlt,6,gasoline,213736,,,19000,7,,False
2024,Ford,f-150,xlt,6,gasoline,49550,,,49500,2,,False
2021,Ford,f-150,no_mention,6,gasoline,57108,,,44500,5,,False
2016,Ford,f-150,no_mention,6,gasoline,80941,,,32100,10,,False
2017,Ford,f-150,no_mention,6,gasoline,112883,,,15100,9,,False
2013,Ford,f-150,no_mention,6,gasoline,191759,,,9100,13,,False
2017,Ford,f-150,no_mention,6,gasoline,187322,,,20000,9,,False
2023,Ford,f-150,no_mention,6,gasoline,83564,,,55300,3,,False
2017,Ford,f-150,no_mention,6,gasoline,168489,,,15000,9,,False
2016,Ford,f-150,no_mention,8,flex,179365,,,15700,10,,False
2020,Ford,f-150,lariat,8,flex,122473,,,34400,6,,False
2024,Ford,f-150,xlt,6,gasoline,22458,,,50000,2,,False
2021,Ford,f-150,lariat,6,gasoline,99619,,,39100,5,,False
2021,Ford,f-150,xlt,6,gasoline,81140,,,34000,5,,False
2018,Ford,f-150,xlt,6,gasoline,170766,,,16200,8,,False
2023,Ford,f-150,xlt,6,gasoline,46942,,,49500,3,,False
2019,Ford,f-150,platinum,6,gasoline,145974,,,33500,7,,False
2023,Ford,f-150,lariat,6,gasoline,70489,,,60000,3,,False
2020,Ford,f-150,xlt,6,flex,170501,,,17700,6,,False
2018,Ford,f-150,xlt,6,gasoline,220015,,,6200,8,,False
2015,Ford,f-150,xlt,6,gasoline,167337,,,10000,11,,False
2017,Ford,f-150,xl,6,gasoline,180021,,,15000,9,,False
2017,Ford,f-150,xlt,6,gasoline,199693,,,5000,9,,False
2023,Ford,f-150,platinum,6,hybrid,71723,,,61500,3,,False
2022,Ford,f-150,xlt,8,flex,143789,,,31400,4,,False
2018,Ford,f-150,xlt,6,gasoline,207170,,,10500,8,,False
2016,Ford,f-150,xlt,6,flex,84233,,,14500,10,,False
2016,Ford,f-150,xlt,6,gasoline,136345,,,5000,10,,False
2020,Ford,f-150,xlt,6,gasoline,149395,,,23600,6,,False
2013,Ford,f-150,no_mention,6,gasoline,214000,,,12250,13,,False
2013,Ford,f-150,xlt,6,gasoline,206295,,,7300,13,,False
2019,Ford,f-150,xlt,8,flex,161120,,,7400,7,,False
2023,Ford,f-150,lariat,6,gasoline,191714,,,32000,3,,False
2016,Ford,f-150,no_mention,8,flex,283348,,,10700,10,,False
2023,Ford,f-150,no_mention,8,flex,59926,,,44200,3,,False
2013,Ford,f-150,fx4,6,gasoline,246285,,,5900,13,,False
2022,Ford,f-150,xlt,8,flex,57187,,,46600,4,,False
2018,Ford,f-150,no_mention,6,gasoline,198587,,,14300,8,,False
2023,Ford,f-150,no_mention,6,hybrid,23560,,,52500,3,,False
2023,Ford,f-150,no_mention,6,gasoline,55278,,,48500,3,,False
2023,Ford,f-150,no_mention,6,gasoline,37845,,,46200,3,,False
2019,Ford,f-150,no_mention,8,flex,53999,,,38900,7,,False
2018,Ford,f-150,no_mention,6,gasoline,144254,,,16500,8,,False
2022,Ford,f-150,no_mention,8,flex,81251,,,41500,4,,False
2024,Ford,f-150,king ranch,6,gasoline,40640,,,77700,2,,False
2019,Ford,f-150,limited,6,gasoline,77014,,,42100,7,,False
2024,Ford,f-150,lariat,6,gasoline,78600,,,60300,2,,False
2016,Ford,f-150,no_mention,6,gasoline,130819,,,19200,10,,False
2015,Ford,f-150,xlt,6,gasoline,200323,,,14200,11,,False
2016,Ford,f-150,xlt,6,gasoline,228475,,,12200,10,,False
2024,Ford,f-150,tremor,6,gasoline,15341,,,69200,2,,False
2018,Ford,f-150,no_mention,6,gasoline,102999,,,27500,8,,False
2021,Ford,f-150,lariat,6,gasoline,79750,,,42400,5,,False
2021,Ford,f-150,limited,6,hybrid,68325,,,54000,5,,False
2018,Ford,f-150,lariat,8,flex,138719,,,29700,8,,False
2015,Ford,f-150,no_mention,6,gasoline,204766,,,17200,11,,False
2015,Ford,f-150,xlt,6,gasoline,160324,,,12000,11,,False
2019,Ford,f-150,xlt,6,gasoline,224904,,,16700,7,,False
2022,Ford,f-150,no_mention,6,gasoline,66670,,,43000,4,,False
2023,Ford,f-150,lariat,6,gasoline,54814,,,56000,3,,False
2020,Ford,f-150,lariat,6,gasoline,181182,,,24900,6,,False
2017,Ford,f-150,xlt,6,gasoline,214967,,,10200,9,,False
2020,Ford,f-150,xlt,6,gasoline,221531,,,12500,6,,False
2021,Ford,f-150,xlt,6,gasoline,44196,,,33250,5,,False
2022,Ford,f-150,xlt,6,gasoline,69213,,,41700,4,,False
2020,Ford,f-150,xlt,6,gasoline,59573,,,41000,6,,False
2021,Ford,f-150,lariat,6,gasoline,62286,,,48500,5,,False
2022,Ford,f-150,xlt,6,gasoline,77810,,,33500,4,,False
2020,Ford,f-150,xl,6,gasoline,154803,,,20800,6,,False
2022,Ford,f-150,lariat,6,gasoline,61290,,,49500,4,,False
2021,Ford,f-150,xlt,6,gasoline,92696,,,41750,5,,False
2021,Ford,f-150,no_mention,6,gasoline,138323,,,28000,5,,False
2019,Ford,f-150,lariat,6,gasoline,233411,,,19500,7,,False
2020,Ford,f-150,xlt,6,gasoline,262131,,,14800,6,,False
2019,Ford,f-150,xlt,6,gasoline,242264,,,5600,7,,False
2020,Ford,f-150,xlt,6,gasoline,127079,,,28000,6,,False
2019,Ford,f-150,xlt,8,flex,105931,,,31000,7,,False
2020,Ford,f-150,xlt,8,flex,130630,,,29000,6,,False
2020,Ford,f-150,xlt,8,flex,211846,,,16600,6,,False
2020,Ford,f-150,xlt,6,flex,133577,,,24750,6,,False
2021,Ford,f-150,xlt,6,flex,242170,,,18200,5,,False
2016,Ford,f-150,xlt,8,flex,247280,,,14300,10,,False
2019,Ford,f-150,limited,6,gasoline,119903,,,37000,7,,False
2017,Ford,f-150,xlt,6,gasoline,230908,,,13000,9,,False
2016,Ford,f-150,xlt,6,gasoline,165402,,,18000,10,,False
2015,Ford,f-150,lariat,6,gasoline,170086,,,23250,11,,False
2017,Ford,f-150,xlt,6,gasoline,145466,,,21200,9,,False
2017,Ford,f-150,xlt,6,gasoline,170029,,,21000,9,,False
2020,Ford,f-150,xlt,8,flex,209941,,,18200,6,,False
2018,Ford,f-150,xlt,6,gasoline,159428,,,18750,8,,False
2014,Ford,f-150,xlt,6,gasoline,193508,,,3000,12,,False
2013,Ford,f-150,xl,6,flex,47812,,,7100,13,,False
2014,Ford,f-150,xlt,8,flex,221457,,,10200,12,,False
2014,Ford,f-150,no_mention,8,flex,283584,,,7200,12,,False
2014,Ford,f-150,fx4,8,flex,136868,,,10800,12,,False
2022,Ford,f-150,xlt,6,gasoline,75761,,,35800,4,,False
2023,Ford,f-150,platinum,6,hybrid,58434,,,66250,3,,False
2022,Ford,f-150,limited,6,hybrid,66514,,,59500,4,,False
2022,Ford,f-150,xlt,8,flex,53098,,,44000,4,,False
2019,Ford,f-150,xlt,8,flex,117276,,,24900,7,,False
2022,Ford,f-150,xlt,8,flex,86290,,,41200,4,,False
2023,Ford,f-150,xlt,8,flex,29237,,,53800,3,,False
2021,Ford,f-150,xlt,8,flex,211081,,,21750,5,,False
2022,Ford,f-150,xlt,8,flex,84874,,,38500,4,,False
2022,Ford,f-150,xlt,8,flex,10420,,,44200,4,,False
2019,Ford,f-150,xlt,8,flex,138648,,,25500,7,,False
2023,Ford,f-150,xlt,8,flex,14757,,,47000,3,,False
2021,Ford,f-150,xlt,6,gasoline,48155,,,39800,5,,False
2024,Ford,f-150,no_mention,6,gasoline,22228,,,47200,2,,False
2024,Ford,f-150,xlt,6,gasoline,15973,,,54500,2,,False
2024,Ford,f-150,xlt,6,gasoline,12121,,,58750,2,,False
2024,Ford,f-150,xlt,6,gasoline,22640,,,55500,2,,False
2019,Ford,f-150,xlt,8,flex,161228,,,20500,7,,False
2019,Ford,f-150,xlt,6,flex,163701,,,16100,7,,False
2015,Ford,f-150,xlt,6,gasoline,232058,,,6100,11,,False
2019,Ford,f-150,xlt,6,gasoline,123215,,,22900,7,,False
2018,Ford,f-150,xlt,8,flex,109170,,,12000,8,,False
2014,Ford,f-150,fx4,6,gasoline,247462,,,5800,12,,False
2020,Ford,f-150,raptor,6,gasoline,85036,,,60500,6,,False
2024,Ford,f-150,xlt,6,gasoline,14209,,,55600,2,,False
2024,Ford,f-150,xlt,6,gasoline,29425,,,57750,2,,False
2024,Ford,f-150,xlt,6,hybrid,110339,,,44250,2,,False
2024,Ford,f-150,lariat,8,gasoline,18304,,,73000,2,,False
2024,Ford,f-150,lariat,6,hybrid,19936,,,72750,2,,False
2022,Ford,f-150,xlt,6,gasoline,224843,,,17250,4,,False
2021,Ford,f-150,xlt,6,gasoline,75349,,,40600,5,,False
2022,Ford,f-150,xlt,6,gasoline,71761,,,40250,4,,False
2023,Ford,f-150,xlt,6,gasoline,77493,,,40000,3,,False
2023,Ford,f-150,xlt,6,gasoline,26027,,,47200,3,,False
2022,Ford,f-150,xlt,6,gasoline,19430,,,50000,4,,False
2023,Ford,f-150,xlt,6,gasoline,46068,,,48000,3,,False
2023,Ford,f-150,xlt,6,gasoline,46012,,,47000,3,,False
2023,Ford,f-150,xlt,6,gasoline,43195,,,45500,3,,False
2019,Ford,f-150,no_mention,6,gasoline,175013,,,21700,7,,False
2020,Ford,f-150,no_mention,6,gasoline,182650,,,21000,6,,False
2018,Ford,f-150,xlt,8,flex,69378,,,30200,8,,False
2020,Ford,f-150,xlt,6,gasoline,171122,,,19300,6,,False
2022,Ford,f-150,no_mention,6,gasoline,64967,,,46000,4,,False
2020,Ford,f-150,no_mention,8,flex,109895,,,30500,6,,False
2022,Ford,f-150,lariat,6,hybrid,82251,,,48700,4,,False
2020,Ford,f-150,no_mention,8,flex,64657,,,24200,6,,False
2022,Ford,f-150,no_mention,8,flex,47100,,,45600,4,,False
2019,Ford,f-150,no_mention,8,flex,63000,,,30000,7,,False
2019,Ford,f-150,no_mention,8,flex,159183,,,17000,7,,False
2019,Ford,f-150,no_mention,6,gasoline,203866,,,16500,7,,False
2010,Ford,f-150,no_mention,8,flex,273961,,,3100,16,,False
2015,Ford,f-150,no_mention,6,gasoline,237396,,,14800,11,,False
2016,Ford,f-150,no_mention,8,flex,225059,,,7200,10,,False
2014,Ford,f-150,no_mention,8,flex,274370,,,6000,12,,False
2018,Ford,f-150,no_mention,6,gasoline,120555,,,27600,8,,False
2018,Ford,f-150,no_mention,8,flex,162462,,,22500,8,,False
2011,Ford,f-150,no_mention,8,flex,209968,,,3400,15,,False
2024,Ford,f-150,lariat,6,gasoline,41402,,,67600,2,,False
2024,Ford,f-150,tremor,6,gasoline,30246,,,64800,2,,False
2023,Ford,f-150,lariat,6,gasoline,73192,,,54300,3,,False
2023,Ford,f-150,lariat,6,gasoline,27645,,,62500,3,,False
2021,Ford,f-150,xlt,8,flex,52707,,,42100,5,,False
2012,Ford,f-150,no_mention,8,flex,139624,,,11200,14,,False
2022,Ford,f-150,lariat,6,gasoline,110857,,,44900,4,,False
2022,Ford,f-150,xlt,6,gasoline,56682,,,44000,4,,False
2022,Ford,f-150,xlt,6,gasoline,86020,,,42000,4,,False
2019,Ford,f-150,xl,6,gasoline,130082,,,26300,7,,False
2021,Ford,f-150,xlt,6,gasoline,228382,,,20300,5,,False
2022,Ford,f-150,xlt,6,gasoline,49195,,,44800,4,,False
2021,Ford,f-150,lariat,6,gasoline,33214,,,47100,5,,False
2021,Ford,f-150,xlt,6,gasoline,95736,,,35100,5,,False
2021,Ford,f-150,lariat,6,gasoline,40479,,,42600,5,,False
2022,Ford,f-150,lariat,6,gasoline,64275,,,48000,4,,False
2023,Ford,f-150,lariat,6,gasoline,44416,,,57000,3,,False
2023,Ford,f-150,xlt,6,gasoline,68582,,,46750,3,,False
2023,Ford,f-150,lariat,6,gasoline,53311,,,55700,3,,False
2020,Ford,f-150,xlt,6,gasoline,145024,,,22000,6,,False
2020,Ford,f-150,xlt,6,gasoline,155595,,,19600,6,,False
2020,Ford,f-150,lariat,8,flex,92251,,,42000,6,,False
2018,Ford,f-150,xlt,8,flex,207099,,,18250,8,,False
2023,Ford,f-150,tremor,6,gasoline,20300,,,67750,3,,False
2023,Ford,f-150,tremor,6,gasoline,27109,,,67000,3,,False
2023,Ford,f-150,tremor,6,gasoline,44732,,,67800,3,,False
2021,Ford,f-150,xlt,6,flex,66695,,,33100,5,,False
2019,Ford,f-150,xlt,6,flex,125685,,,27250,7,,False
2021,Ford,f-150,xlt,6,flex,102402,,,27000,5,,False
2016,Ford,f-150,xlt,8,flex,161522,,,19250,10,,False
2016,Ford,f-150,xlt,8,flex,215810,,,16000,10,,False
2017,Ford,f-150,platinum,6,gasoline,161568,,,24500,9,,False
2019,Ford,f-150,xl,6,gasoline,91587,,,27200,7,,False
2022,Ford,mustang,no_mention,0,electric,61403,,,24100,4,,False
2008,Ford,edge,limited,6,gasoline,216893,,,4700,18,,False
2020,Ford,f-150,no_mention,6,gasoline,162056,,,17500,6,,False
2022,Ford,edge,no_mention,4,gasoline,105981,,,19000,4,,False
2022,Ford,edge,no_mention,4,gasoline,32999,,,26400,4,,False
2021,Ford,edge,no_mention,6,gasoline,96110,,,25000,5,,False
2020,Ford,explorer,xlt,4,gasoline,104003,,,23200,6,,False
2022,Ford,f-150,no_mention,8,flex,47536,,,38500,4,,False
2019,Ford,f-350,no_mention,8,flex,124750,,,19400,7,,False
2024,Ford,expedition,no_mention,6,gasoline,82425,,,40200,2,,False
2016,Ford,explorer,limited,6,gasoline,192442,,,7100,10,,False
2018,Ford,escape,no_mention,4,gasoline,102799,,,9700,8,,False
2023,Ford,escape,no_mention,3,gasoline,82877,,,18700,3,,False
2022,Ford,f-150,no_mention,8,flex,172915,,,35300,4,,False
2021,Ford,f-150,no_mention,6,gasoline,205152,,,22000,5,,False
2018,Ford,f-150,no_mention,6,gasoline,167000,,,17500,8,,False
2017,Ford,transit,no_mention,6,gasoline,119773,,,20000,9,,False
2018,Ford,escape,no_mention,4,gasoline,131912,,,4500,8,,False
2017,Ford,escape,no_mention,4,gasoline,192050,,,5000,9,,False
2017,Ford,explorer,platinum,6,gasoline,178797,,,8500,9,,False
2019,Ford,f-150,no_mention,8,flex,155412,,,19000,7,,False
2016,Ford,f-150,no_mention,6,gasoline,240213,,,9800,10,,False
2023,Ford,mustang,no_mention,8,gasoline,45012,,,41500,3,,False
2018,Ford,mustang,no_mention,4,gasoline,79286,,,18000,8,,False
2024,Ford,f-250,platinum,8,diesel,19375,,,94600,2,,False
2020,Ford,escape,no_mention,4,hybrid,69700,,,17500,6,,False
2020,Ford,f-150,xlt,6,gasoline,97654,,,26800,6,,False
2020,Ford,f-150,no_mention,8,flex,181673,,,16700,6,,False
2023,Ford,f-150,no_mention,6,hybrid,129906,,,30500,3,,False
2022,Ford,f-150,no_mention,6,gasoline,107218,,,26200,4,,False
2018,Ford,f-150,no_mention,8,flex,119850,,,29300,8,,False
2017,Ford,escape,no_mention,4,gasoline,93391,,,10600,9,,False
2018,Ford,expedition,limited,6,gasoline,167092,,,22000,8,,False
2019,Ford,f-150,lariat,6,gasoline,196753,,,18100,7,,False
2023,Ford,bronco,no_mention,6,gasoline,26043,,,46000,3,,False
2021,Ford,f-150,no_mention,8,flex,136110,,,31900,5,,False
2012,Ford,escape,xlt,6,flex,195814,,,3000,14,,False
2016,Ford,f-150,no_mention,6,gasoline,137412,,,16700,10,,False
2018,Ford,f-150,no_mention,6,gasoline,262541,,,15100,8,,False
2016,Ford,f-150,no_mention,6,gasoline,45055,,,19900,10,,False
2017,Ford,f-150,no_mention,6,gasoline,283354,,,7000,9,,False
2021,Ford,expedition,limited,6,gasoline,157893,,,32500,5,,False
2024,Ford,f-150,xlt,8,gasoline,58547,,,44500,2,,False
2019,Ford,f-150,no_mention,8,flex,139924,,,23000,7,,False
2021,Ford,f-150,no_mention,6,gasoline,135537,,,27700,5,,False
2018,Ford,escape,no_mention,4,gasoline,155180,,,7000,8,,False
2013,Ford,f-150,no_mention,6,gasoline,193891,,,7400,13,,False
2012,Ford,f-150,no_mention,8,flex,222101,,,7100,14,,False
2015,Ford,escape,no_mention,4,gasoline,151858,,,5900,11,,False
2019,Ford,edge,no_mention,6,gasoline,250490,,,6000,7,,False
2019,Ford,f-150,no_mention,6,gasoline,163625,,,17000,7,,False
2023,Ford,f-150,no_mention,0,electric,34346,,,60000,3,,False
2022,Ford,f-150,xlt,6,gasoline,63082,,,33000,4,,False
2023,Ford,explorer,limited,4,gasoline,62604,,,34000,3,,False
2017,Ford,escape,no_mention,4,gasoline,173232,,,4500,9,,False
2021,Ford,f-250,no_mention,8,flex,32502,,,48900,5,,False
2014,Ford,f-150,no_mention,8,flex,134335,,,8000,12,,False
2011,Ford,escape,limited,6,flex,114739,,,3900,15,,False
2022,Ford,f-550,xlt,8,diesel,63180,,,62000,4,,False
2022,Ford,transit,xlt,6,flex,64298,,,48000,4,,False
2023,Ford,bronco,no_mention,3,gasoline,82158,,,21000,3,,False
2022,Ford,escape,no_mention,4,gasoline,93227,,,16000,4,,False
2020,Ford,f-150,xlt,6,flex,286559,,,10000,6,,False
2020,Ford,ecosport,no_mention,4,gasoline,99189,,,13100,6,,False
2017,Ford,fusion,platinum,4,gasoline,196500,,,8000,9,,False
2016,Ford,f-150,xlt,8,flex,187431,,,16500,10,,False
2018,Ford,escape,no_mention,4,gasoline,148682,,,3200,8,,False
2018,Ford,transit,no_mention,6,flex,189563,,,9900,8,,False
2022,Ford,f-150,lariat,6,gasoline,69504,,,44900,4,,False
2022,Ford,f-250,no_mention,8,diesel,44876,,,53300,4,,False
2019,Ford,f-150,no_mention,8,flex,158904,,,17500,7,,False
2014,Ford,explorer,xlt,6,gasoline,169406,,,4000,12,,False
2017,Ford,edge,no_mention,4,gasoline,100759,,,5500,9,,False
2023,Ford,f-150,no_mention,8,flex,54651,,,46500,3,,False
2015,Ford,f-150,xlt,6,gasoline,199233,,,13300,11,,False
2020,Ford,f-150,no_mention,6,gasoline,120857,,,27600,6,,False
2020,Ford,escape,no_mention,4,hybrid,114053,,,16700,6,,False
2024,Ford,edge,no_mention,6,gasoline,34617,,,38100,2,,False
2015,Ford,f-150,lariat,6,gasoline,187334,,,18500,11,,False
2017,Ford,escape,no_mention,4,gasoline,129861,,,4300,9,,False
2020,Ford,f-150,no_mention,6,flex,116181,,,26300,6,,False
2019,Ford,ecosport,no_mention,4,gasoline,69291,,,11800,7,,False
2020,Ford,f-150,no_mention,6,gasoline,101179,,,35000,6,,False
2018,Ford,edge,no_mention,4,gasoline,91512,,,17400,8,,False
2016,Ford,f-150,no_mention,6,gasoline,252125,,,9800,10,,False
2010,Ford,f-350,no_mention,10,gasoline,252014,,,4600,16,,False
2023,Ford,f-150,no_mention,6,gasoline,95468,,,53800,3,,False
2014,Ford,explorer,xlt,4,gasoline,179587,,,4000,12,,False
2015,Ford,focus,no_mention,4,flex,99346,,,4800,11,,False
2018,Ford,f-150,xl,6,gasoline,232058,,,10400,8,,False
2022,Ford,escape,no_mention,4,hybrid,91123,,,21100,4,,False
2020,Ford,escape,no_mention,3,gasoline,164039,,,6000,6,,False
2023,Ford,f-350,platinum,8,diesel,47029,,,72000,3,,False
2017,Ford,mustang,no_mention,8,gasoline,75755,,,20000,9,,False
2023,Ford,f-150,no_mention,6,gasoline,90037,,,56600,3,,False
2023,Ford,f-150,no_mention,6,gasoline,54445,,,46100,3,,False
2022,Ford,explorer,xlt,4,gasoline,64532,,,34000,4,,False
2020,Ford,edge,no_mention,4,gasoline,87326,,,21900,6,,False
2023,Ford,bronco,no_mention,3,gasoline,50006,,,27500,3,,False
2023,Ford,escape,no_mention,3,gasoline,45120,,,26900,3,,False
2023,Ford,explorer,limited,4,gasoline,84634,,,36900,3,,False
2019,Ford,edge,no_mention,4,gasoline,82096,,,17500,7,,False
2023,Ford,f-150,no_mention,0,electric,32359,,,52000,3,,False
2019,Ford,edge,no_mention,4,gasoline,38877,,,17500,7,,False
2017,Ford,transit,no_mention,6,flex,189500,,,11000,9,,False
2020,Ford,explorer,limited,4,gasoline,175506,,,11400,6,,False
2018,Ford,escape,no_mention,4,gasoline,186404,,,5400,8,,False
2019,Ford,edge,no_mention,4,gasoline,142647,,,9200,7,,False
2024,Ford,f-150,platinum,6,gasoline,24773,,,77500,2,,False
2018,Ford,escape,no_mention,4,gasoline,92391,,,9500,8,,False
2017,Ford,escape,no_mention,4,gasoline,132895,,,9500,9,,False
2020,Ford,f-250,no_mention,8,diesel,79550,,,58300,6,,False
2023,Ford,f-150,no_mention,6,gasoline,48450,,,62500,3,,False
2022,Ford,bronco,no_mention,4,gasoline,59111,,,27500,4,,False
2019,Ford,f-250,no_mention,8,flex,78142,,,36200,7,,False
2019,Ford,explorer,platinum,6,gasoline,159568,,,19000,7,,False
2023,Ford,f-150,no_mention,6,gasoline,50090,,,47000,3,,False
2020,Ford,f-150,lariat,6,gasoline,58765,,,39900,6,,False
2015,Ford,focus,no_mention,4,flex,114136,,,3500,11,,False
2018,Ford,f-150,no_mention,6,gasoline,196929,,,17100,8,,False
2010,Ford,escape,xlt,6,flex,194198,,,3100,16,,False
2016,Ford,f-150,no_mention,6,gasoline,288099,,,9500,10,,False
2019,Ford,explorer,limited,6,gasoline,82344,,,26500,7,,False
2023,Ford,mustang,no_mention,0,electric,68049,,,24200,3,,False
2023,Ford,explorer,limited,4,gasoline,99955,,,30000,3,,False
2018,Ford,f-150,xlt,6,gasoline,196156,,,15800,8,,False
2016,Ford,f-150,no_mention,6,gasoline,206133,,,8600,10,,False
2024,Ford,mustang,no_mention,8,gasoline,27709,,,51500,2,,False
2015,Ford,explorer,xlt,6,gasoline,148487,,,7500,11,,False
2015,Ford,f-150,xlt,8,flex,194945,,,13200,11,,False
2006,Ford,f-350,no_mention,8,gasoline,187933,,,7000,20,,False
2017,Ford,escape,no_mention,4,gasoline,139793,,,6000,9,,False
2013,Ford,escape,no_mention,4,gasoline,105727,,,3500,13,,False
2022,Ford,f-150,no_mention,6,gasoline,67969,,,43500,4,,False
2022,Ford,transit,no_mention,6,flex,59778,,,40100,4,,False
2017,Ford,f-150,no_mention,8,flex,63832,,,26000,9,,False
2014,Ford,explorer,limited,6,gasoline,179517,,,6200,12,,False
2017,Ford,f-150,no_mention,6,gasoline,262469,,,9500,9,,False
2017,Ford,f-150,no_mention,6,flex,177332,,,10000,9,,False
2011,Ford,f-150,xlt,8,flex,248113,,,3600,15,,False
2018,Ford,escape,no_mention,4,gasoline,113430,,,5600,8,,False
2016,Ford,f-150,no_mention,6,gasoline,217801,,,10000,10,,False
2017,Ford,fusion,no_mention,4,gasoline,206794,,,6400,9,,False
2019,Ford,f-350,no_mention,8,diesel,247250,,,40500,7,,False
2013,Ford,f-150,no_mention,8,flex,169473,,,10500,13,,False
2015,Ford,fiesta,no_mention,4,gasoline,27204,,,4100,11,,False
2015,Ford,focus,no_mention,4,flex,92685,,,3500,11,,False
2018,Ford,focus,no_mention,3,gasoline,98902,,,5700,8,,False
2016,Ford,mustang,no_mention,8,gasoline,47755,,,55000,10,,False
2021,Ford,f-350,lariat,8,diesel,113431,,,58500,5,,False
2020,Ford,escape,no_mention,3,gasoline,91769,,,8500,6,,False
2022,Ford,f-250,no_mention,8,diesel,112018,,,47000,4,,False
2014,Ford,fusion,no_mention,4,gasoline,110649,,,5000,12,,False
2018,Ford,f-150,no_mention,8,flex,245798,,,17500,8,,False
2022,Ford,f-350,no_mention,8,flex,93952,,,33000,4,,False
2016,Ford,edge,no_mention,6,gasoline,124394,,,11400,10,,False
2016,Ford,edge,no_mention,6,gasoline,150920,,,10100,10,,False
2022,Ford,bronco,no_mention,4,gasoline,101140,,,31000,4,,False
2020,Ford,explorer,no_mention,6,gasoline,178497,,,18000,6,,False
2023,Ford,bronco,no_mention,6,gasoline,47931,,,56400,3,,False
2024,Ford,edge,no_mention,6,gasoline,49979,,,37500,2,,False
2018,Ford,transit,no_mention,6,flex,298987,,,8500,8,,False
2017,Ford,flex,limited,6,gasoline,209300,,,4300,9,,False
2021,Ford,escape,no_mention,3,gasoline,103220,,,13600,5,,False
2014,Ford,escape,no_mention,4,gasoline,257750,,,4100,12,,False
2017,Ford,escape,no_mention,4,gasoline,186292,,,7000,9,,False
2005,Ford,f-150,no_mention,8,gasoline,149711,,,4500,21,,False
2021,Ford,f-150,no_mention,8,flex,166042,,,20500,5,,False
2016,Ford,explorer,platinum,6,gasoline,144613,,,13500,10,,False
2021,Ford,f-150,no_mention,6,hybrid,105892,,,51500,5,,False
2021,Ford,bronco,no_mention,4,gasoline,88944,,,23400,5,,False
2014,Ford,edge,limited,6,gasoline,157806,,,3300,12,,False
2019,Ford,f-150,no_mention,8,flex,147222,,,22600,7,,False
2017,Ford,escape,no_mention,4,gasoline,179819,,,6700,9,,False
2020,Ford,f-150,lariat,6,gasoline,131903,,,25600,6,,False
2016,Ford,focus,no_mention,4,flex,108792,,,3900,10,,False
2016,Ford,f-150,xlt,6,flex,279608,,,8200,10,,False
2017,Ford,f-150,no_mention,6,gasoline,240021,,,7200,9,,False
2023,Ford,f-150,no_mention,6,gasoline,49172,,,45600,3,,False
2020,Ford,escape,no_mention,3,gasoline,86752,,,11300,6,,False
2025,Ford,f-150,tremor,6,gasoline,15008,,,69000,1,,False
2017,Ford,escape,no_mention,4,gasoline,173643,,,3800,9,,False
2017,Ford,edge,no_mention,4,gasoline,173077,,,6400,9,,False
2019,Ford,f-150,xlt,8,flex,155226,,,20700,7,,False
2023,Ford,f-150,no_mention,6,gasoline,52963,,,39200,3,,False
2016,Ford,flex,limited,6,gasoline,172978,,,4500,10,,False
2015,Ford,f-150,lariat,6,gasoline,275723,,,8500,11,,False
2019,Ford,ecosport,no_mention,3,gasoline,196804,,,5600,7,,False
2018,Ford,f-150,lariat,8,flex,175676,,,19500,8,,False
2019,Ford,f-150,no_mention,6,flex,125069,,,16800,7,,False
2017,Ford,f-150,no_mention,6,gasoline,199409,,,16700,9,,False
2018,Ford,f-150,no_mention,6,flex,231189,,,11500,8,,False
2018,Ford,transit,no_mention,6,flex,165200,,,9500,8,,False
2008,Ford,f-350,no_mention,8,diesel,289541,,,6000,18,,False
2020,Ford,escape,no_mention,3,gasoline,57314,,,20500,6,,False
2011,Ford,f-150,no_mention,6,gasoline,154604,,,7200,15,,False
2015,Ford,transit,no_mention,6,flex,262766,,,6300,11,,False
2017,Ford,escape,no_mention,4,gasoline,82680,,,7900,9,,False
2022,Ford,f-150,lariat,6,gasoline,72442,,,44000,4,,False
2018,Ford,f-150,raptor,6,gasoline,172287,,,35800,8,,False
2020,Ford,escape,no_mention,3,gasoline,68561,,,18700,6,,False
2015,Ford,f-150,no_mention,8,flex,139155,,,16500,11,,False
2015,Ford,f-150,no_mention,6,gasoline,143621,,,14000,11,,False
2018,Ford,explorer,no_mention,6,gasoline,55183,,,19100,8,,False
2023,Ford,transit,no_mention,0,electric,29499,,,26000,3,,False
2022,Ford,maverick,no_mention,4,gasoline,96302,,,23500,4,,False
2023,Ford,mustang,no_mention,0,electric,71540,,,23500,3,,False
2014,Ford,escape,no_mention,4,gasoline,173723,,,4700,12,,False
2014,Ford,explorer,xlt,6,gasoline,186419,,,7000,12,,False
2011,Ford,edge,limited,6,gasoline,208870,,,3000,15,,False
2011,Ford,escape,limited,6,flex,189243,,,5300,15,,False
2010,Ford,f-150,xlt,8,flex,246757,,,3200,16,,False
2015,Ford,f-150,no_mention,8,flex,98070,,,15900,11,,False
2013,Ford,focus,no_mention,4,flex,135098,,,3800,13,,False
2021,Ford,f-150,lariat,8,flex,103932,,,38100,5,,False
2018,Ford,transit,no_mention,6,gasoline,160025,,,11700,8,,False
2020,Ford,escape,no_mention,3,gasoline,141464,,,9300,6,,False
2016,Ford,explorer,xlt,4,gasoline,255349,,,4200,10,,False
2023,Ford,f-150,no_mention,6,gasoline,44753,,,46500,3,,False
2018,Ford,focus,no_mention,4,flex,141689,,,4900,8,,False
2021,Ford,f-150,no_mention,8,flex,159500,,,33000,5,,False
2013,Ford,escape,no_mention,4,gasoline,171664,,,6000,13,,False
2024,Ford,f-150,xlt,6,gasoline,47771,,,50700,2,,False
2018,Ford,f-150,lariat,6,gasoline,179386,,,18200,8,,False
2021,Ford,ranger,no_mention,4,gasoline,61716,,,31800,5,,False
2022,Ford,escape,no_mention,4,gasoline,62621,,,22500,4,,False
2018,Ford,f-150,lariat,8,flex,183861,,,20000,8,,False
2018,Ford,f-150,xlt,6,gasoline,186580,,,14200,8,,False
2017,Ford,escape,no_mention,4,gasoline,216175,,,3100,9,,False
2018,Ford,f-150,no_mention,6,gasoline,75678,,,24700,8,,False
2021,Ford,escape,no_mention,3,gasoline,36990,,,21000,5,,False
2018,Ford,f-150,no_mention,8,flex,77785,,,26800,8,,False
2017,Ford,fusion,no_mention,6,gasoline,184378,,,7800,9,,False
2017,Ford,fusion,no_mention,4,gasoline,124108,,,8200,9,,False
2021,Ford,escape,no_mention,3,gasoline,67257,,,16200,5,,False
2022,Ford,bronco,no_mention,4,gasoline,51383,,,45000,4,,False
2012,Ford,taurus,no_mention,6,gasoline,150571,,,3300,14,,False
2023,Ford,escape,no_mention,3,gasoline,60464,,,19800,3,,False
2019,Ford,f-150,no_mention,8,flex,242720,,,12300,7,,False
2017,Ford,f-150,xlt,8,flex,218141,,,10600,9,,False
2018,Ford,escape,no_mention,4,gasoline,65673,,,12500,8,,False
2015,Ford,explorer,no_mention,6,gasoline,103402,,,13300,11,,False
2018,Ford,escape,no_mention,4,gasoline,117895,,,8000,8,,False
2009,Ford,mustang,no_mention,8,gasoline,107216,,,6200,17,,False
2015,Ford,escape,no_mention,4,gasoline,195676,,,4200,11,,False
2019,Ford,escape,no_mention,4,gasoline,79009,,,15100,7,,False
2007,Ford,ranger,no_mention,6,gasoline,177172,,,7600,19,,False
2018,Ford,f-150,no_mention,6,gasoline,151285,,,17200,8,,False
2017,Ford,escape,no_mention,4,gasoline,100881,,,6200,9,,False
2021,Ford,f-150,no_mention,6,hybrid,149961,,,33700,5,,False
2018,Ford,f-150,xlt,6,gasoline,129342,,,20500,8,,False
2019,Ford,edge,no_mention,4,gasoline,93089,,,17100,7,,False
2019,Ford,f-150,no_mention,6,gasoline,96988,,,26100,7,,False
2019,Ford,f-150,lariat,6,gasoline,217250,,,14000,7,,False
2022,Ford,explorer,xlt,4,gasoline,94138,,,26000,4,,False
2019,Ford,f-150,xlt,6,gasoline,195408,,,12000,7,,False
2019,Ford,ecosport,no_mention,4,gasoline,91517,,,9500,7,,False
2024,Ford,mustang,no_mention,8,gasoline,15048,,,52000,2,,False
2022,Ford,f-150,no_mention,6,hybrid,74235,,,33400,4,,False
2021,Ford,f-150,xlt,8,flex,149143,,,30700,5,,False
2013,Ford,f-150,no_mention,8,flex,208360,,,9700,13,,False
2019,Ford,f-150,no_mention,8,flex,143430,,,23000,7,,False
2016,Ford,edge,no_mention,6,gasoline,224779,,,4000,10,,False
2023,Ford,bronco,no_mention,4,gasoline,68417,,,35000,3,,False
2015,Ford,f-150,no_mention,6,gasoline,206929,,,15900,11,,False
2019,Ford,ranger,no_mention,4,gasoline,60438,,,27300,7,,False
2013,Ford,f-350,no_mention,8,diesel,87234,,,15800,13,,False
2012,Ford,f-150,no_mention,6,gasoline,145554,,,9900,14,,False
2017,Ford,escape,no_mention,4,gasoline,100114,,,7800,9,,False
2019,Ford,f-150,no_mention,6,gasoline,112038,,,26000,7,,False
2018,Ford,f-150,no_mention,6,gasoline,185730,,,19600,8,,False
2018,Ford,f-150,xlt,8,flex,104560,,,22500,8,,False
2016,Ford,f-150,no_mention,8,flex,111523,,,23400,10,,False
2014,Ford,f-150,fx4,6,gasoline,150565,,,14100,12,,False
2022,Ford,f-250,no_mention,8,diesel,36399,,,77500,4,,False
2015,Ford,f-150,xlt,8,flex,201200,,,6600,11,,False
2021,Ford,escape,no_mention,3,gasoline,112923,,,14200,5,,False
2013,Ford,edge,no_mention,6,gasoline,150187,,,8000,13,,False
2020,Ford,f-150,xlt,6,gasoline,137876,,,21500,6,,False
2018,Ford,f-150,no_mention,8,flex,127871,,,21000,8,,False
2018,Ford,escape,no_mention,4,gasoline,98412,,,12500,8,,False
2022,Ford,f-150,no_mention,8,flex,54985,,,97500,4,,False
2010,Ford,ranger,no_mention,6,gasoline,238848,,,4200,16,,False
2019,Ford,f-150,no_mention,6,gasoline,135686,,,23000,7,,False
2016,Ford,f-150,no_mention,6,gasoline,227159,,,11400,10,,False
2023,Ford,f-150,no_mention,6,gasoline,11419,,,69100,3,,False
2011,Ford,escape,xlt,6,flex,153928,,,4600,15,,False
2013,Ford,flex,no_mention,6,gasoline,167423,,,5900,13,,False
2016,Ford,escape,no_mention,4,gasoline,116635,,,8600,10,,False
2022,Ford,f-350,platinum,8,diesel,98763,,,70000,4,,False
2013,Ford,explorer,limited,6,gasoline,195397,,,5400,13,,False
2025,Ford,expedition,platinum,6,gasoline,8650,,,90100,1,,False
2017,Ford,expedition,platinum,6,gasoline,169990,,,14500,9,,False
2013,Ford,flex,limited,6,gasoline,114865,,,8400,13,,False
2015,Ford,edge,no_mention,4,gasoline,174776,,,4400,11,,False
2015,Ford,explorer,no_mention,6,gasoline,173398,,,8500,11,,False
2018,Ford,transit,no_mention,6,flex,216713,,,9700,8,,False
2024,Ford,f-150,lariat,6,gasoline,27804,,,62100,2,,False
2018,Ford,f-150,xlt,8,flex,145996,,,23100,8,,False
2022,Ford,edge,no_mention,4,gasoline,63750,,,27500,4,,False
2017,Ford,transit,no_mention,6,flex,100175,,,7200,9,,False
2020,Ford,escape,no_mention,3,gasoline,162067,,,10000,6,,False
2025,Ford,bronco,no_mention,4,gasoline,10757,,,41000,1,,False
2025,Ford,f-150,xlt,6,gasoline,15900,,,54000,1,,False
2023,Ford,f-150,xlt,8,flex,52500,,,42000,3,,False
2019,Ford,transit,no_mention,6,flex,44601,,,25000,7,,False
2016,Ford,escape,no_mention,4,gasoline,111091,,,9200,10,,False
2015,Ford,escape,no_mention,4,gasoline,110640,,,7200,11,,False
2010,Ford,ranger,no_mention,6,gasoline,158126,,,13000,16,,False
2016,Ford,expedition,platinum,6,gasoline,183549,,,9200,10,,False
2017,Ford,focus,no_mention,3,gasoline,89606,,,7000,9,,False
2015,Ford,transit,xl,4,gasoline,178802,,,5200,11,,False
2024,Ford,bronco,no_mention,3,gasoline,17913,,,30500,2,,False
2022,Ford,edge,no_mention,6,gasoline,50070,,,28800,4,,False
1999,Ford,f-350,no_mention,10,gasoline,66042,,,3900,27,,False
2021,Ford,transit,no_mention,6,flex,131634,,,21500,5,,False
2017,Ford,f-150,xlt,8,flex,132554,,,21300,9,,False
2016,Ford,edge,no_mention,4,gasoline,156388,,,9800,10,,False
2022,Ford,f-150,xlt,6,gasoline,80979,,,37800,4,,False
2018,Ford,edge,no_mention,4,gasoline,148254,,,10500,8,,False
2023,Ford,mustang,no_mention,8,gasoline,7250,,,53000,3,,False
2021,Ford,mustang,no_mention,8,gasoline,39482,,,33500,5,,False
2015,Ford,escape,no_mention,4,gasoline,188112,,,3200,11,,False
2018,Ford,escape,no_mention,4,gasoline,90191,,,13400,8,,False
2019,Ford,mustang,no_mention,8,gasoline,38202,,,40100,7,,False
2023,Ford,bronco,no_mention,3,gasoline,48876,,,25000,3,,False
2023,Ford,edge,no_mention,4,gasoline,62049,,,25200,3,,False
2025,Ford,f-150,xlt,6,gasoline,16345,,,54400,1,,False
2014,Ford,escape,no_mention,4,gasoline,120339,,,5000,12,,False
2017,Ford,flex,limited,6,gasoline,204195,,,3000,9,,False
2013,Ford,explorer,limited,6,gasoline,215271,,,4200,13,,False
2016,Ford,transit,no_mention,6,gasoline,32455,,,25500,10,,False
2018,Ford,f-150,no_mention,6,gasoline,289025,,,4900,8,,False
2023,Ford,mustang,no_mention,8,gasoline,24404,,,45500,3,,False
2011,Ford,f-150,raptor,8,gasoline,282000,,,10100,15,,False
2014,Ford,escape,no_mention,4,gasoline,88597,,,8100,12,,False
2016,Ford,f-150,no_mention,6,gasoline,279329,,,9000,10,,False
2022,Ford,f-150,no_mention,6,gasoline,92528,,,36600,4,,False
2023,Ford,f-150,no_mention,6,gasoline,55407,,,61600,3,,False
2024,Ford,escape,platinum,4,gasoline,45079,,,27800,2,,False
2022,Ford,f-150,no_mention,8,flex,63257,,,42000,4,,False
2021,Ford,f-250,xlt,8,flex,17358,,,50800,5,,False
2023,Ford,edge,no_mention,4,gasoline,89215,,,23200,3,,False
2016,Ford,escape,no_mention,4,gasoline,143825,,,8400,10,,False
2025,Ford,f-250,platinum,8,diesel,26490,,,105300,1,,False
2011,Ford,escape,xlt,6,flex,165984,,,4500,15,,False
2018,Ford,f-150,no_mention,6,gasoline,140391,,,20200,8,,False
2010,Ford,escape,xlt,4,gasoline,180868,,,3300,16,,False
2024,Ford,f-150,tremor,6,gasoline,30328,,,61400,2,,False
2019,Ford,escape,no_mention,4,gasoline,101390,,,9000,7,,False
2016,Ford,focus,no_mention,4,flex,115199,,,3000,10,,False
2019,Ford,edge,no_mention,4,gasoline,52969,,,19200,7,,False
2017,Ford,f-150,no_mention,6,gasoline,188836,,,12200,9,,False
2022,Ford,explorer,no_mention,4,gasoline,100749,,,30600,4,,False
2023,Ford,escape,platinum,4,gasoline,47320,,,27100,3,,False
2017,Ford,edge,no_mention,4,gasoline,89961,,,11000,9,,False
2022,Ford,bronco,no_mention,4,gasoline,72048,,,23000,4,,False
2018,Ford,fusion,no_mention,4,gasoline,142974,,,6600,8,,False
2014,Ford,escape,no_mention,4,gasoline,166050,,,3300,12,,False
2023,Ford,explorer,no_mention,4,gasoline,44837,,,37500,3,,False
2024,Ford,bronco,no_mention,3,gasoline,30908,,,28500,2,,False
2021,Ford,f-150,no_mention,6,gasoline,88706,,,36400,5,,False
2024,Ford,edge,no_mention,4,gasoline,52412,,,27600,2,,False
2016,Ford,f-150,xlt,6,flex,221565,,,8000,10,,False
2024,Ford,f-350,no_mention,8,flex,50421,,,45600,2,,False
2021,Ford,f-150,no_mention,6,gasoline,62918,,,32500,5,,False
2022,Ford,f-150,lariat,6,gasoline,69929,,,47000,4,,False
2017,Ford,expedition,platinum,6,gasoline,164953,,,17500,9,,False
2022,Ford,f-350,no_mention,8,diesel,98389,,,65400,4,,False
2014,Ford,escape,no_mention,4,gasoline,183550,,,4100,12,,False
2021,Ford,f-150,xlt,8,flex,193048,,,27700,5,,False
2013,Ford,f-150,fx4,8,flex,176859,,,10500,13,,False
2020,Ford,f-150,no_mention,8,flex,118517,,,26300,6,,False
2017,Ford,f-150,no_mention,6,gasoline,174312,,,18200,9,,False
2019,Ford,f-150,no_mention,8,flex,102847,,,26500,7,,False
2019,Ford,escape,no_mention,4,gasoline,73234,,,15900,7,,False
2019,Ford,f-150,no_mention,8,flex,134065,,,20500,7,,False
2023,Ford,f-150,no_mention,6,gasoline,63951,,,52700,3,,False
2019,Ford,explorer,xlt,6,gasoline,124950,,,17400,7,,False
2021,Ford,ranger,no_mention,4,gasoline,89465,,,33700,5,,False
2017,Ford,escape,no_mention,4,gasoline,186408,,,5400,9,,False
2016,Ford,explorer,limited,6,gasoline,241454,,,5400,10,,False
2018,Ford,edge,no_mention,6,gasoline,134476,,,11200,8,,False
2015,Ford,f-150,xlt,6,flex,294856,,,6000,11,,False
2018,Ford,f-150,no_mention,8,flex,145128,,,21200,8,,False
2020,Ford,explorer,xlt,4,gasoline,95533,,,24500,6,,False
2016,Ford,f-150,no_mention,8,flex,189999,,,13000,10,,False
2018,Ford,explorer,xlt,6,gasoline,158153,,,14300,8,,False
2023,Ford,bronco,raptor,6,gasoline,43034,,,77000,3,,False
2021,Ford,f-150,no_mention,8,flex,170698,,,23000,5,,False
2015,Ford,escape,no_mention,4,gasoline,179806,,,6300,11,,False
2019,Ford,escape,no_mention,4,gasoline,115021,,,9200,7,,False
2023,Ford,f-150,raptor,6,gasoline,74505,,,78500,3,,False
2014,Ford,f-150,fx4,8,flex,292842,,,4400,12,,False
2016,Ford,f-150,lariat,6,gasoline,197873,,,17300,10,,False
2012,Ford,f-150,no_mention,6,gasoline,267762,,,6400,14,,False
2019,Ford,mustang,no_mention,8,gasoline,71431,,,32800,7,,False
2017,Ford,escape,no_mention,4,gasoline,217556,,,3700,9,,False
2023,Ford,f-150,tremor,6,gasoline,91946,,,57000,3,,False
2021,Ford,escape,no_mention,3,gasoline,107434,,,17200,5,,False
2017,Ford,explorer,xlt,6,gasoline,200950,,,6400,9,,False
2021,Ford,transit,xlt,4,gasoline,85782,,,19600,5,,False
2018,Ford,escape,no_mention,4,gasoline,142267,,,3700,8,,False
2018,Ford,f-150,xlt,8,flex,218094,,,11000,8,,False
2017,Ford,f-150,no_mention,6,gasoline,163019,,,18800,9,,False
2020,Ford,f-150,lariat,6,gasoline,137619,,,25500,6,,False
2025,Ford,bronco,no_mention,3,gasoline,31605,,,30000,1,,False
2022,Ford,f-450,no_mention,8,diesel,149925,,,48750,4,,False
2009,Ford,f-150,fx4,8,flex,106128,,,6500,17,,False
2017,Ford,escape,no_mention,4,gasoline,163150,,,7600,9,,False
2018,Ford,fusion,platinum,4,hybrid,150607,,,8100,8,,False
2013,Ford,escape,no_mention,4,gasoline,129032,,,3500,13,,False
2022,Ford,edge,no_mention,4,gasoline,84561,,,22500,4,,False
2018,Ford,escape,no_mention,4,gasoline,179110,,,3800,8,,False
2023,Ford,f-150,lariat,8,flex,65371,,,58000,3,,False
2023,Ford,f-150,tremor,6,gasoline,70467,,,50000,3,,False
2024,Ford,f-150,xlt,6,gasoline,26722,,,51000,2,,False
2016,Ford,f-150,no_mention,6,gasoline,223603,,,13500,10,,False
1989,Ford,mustang,no_mention,4,gasoline,73942,,,3500,37,,False
2011,Ford,f-150,no_mention,6,gasoline,285263,,,3800,15,,False
2018,Ford,f-250,platinum,8,diesel,137425,,,45100,8,,False
2013,Ford,edge,no_mention,6,gasoline,158932,,,3200,13,,False
2021,Ford,f-350,lariat,8,diesel,98977,,,59800,5,,False
2023,Ford,bronco,no_mention,3,gasoline,17214,,,24200,3,,False
2021,Ford,f-150,xlt,6,flex,218010,,,17000,5,,False
2019,Ford,edge,no_mention,4,gasoline,78804,,,14600,7,,False
2023,Ford,explorer,no_mention,4,gasoline,56516,,,38000,3,,False
2019,Ford,f-150,limited,6,gasoline,173790,,,28600,7,,False
2022,Ford,f-150,no_mention,6,hybrid,161600,,,39000,4,,False
2022,Ford,transit,no_mention,6,flex,45166,,,55100,4,,False
2018,Ford,f-150,no_mention,6,diesel,118401,,,22000,8,,False
2021,Ford,expedition,platinum,6,gasoline,127373,,,41500,5,,False
2022,Ford,f-150,king ranch,6,gasoline,203321,,,21000,4,,False
2019,Ford,edge,no_mention,6,gasoline,107369,,,13200,7,,False
2020,Ford,transit,no_mention,6,gasoline,147858,,,21300,6,,False
2021,Ford,f-150,no_mention,6,gasoline,88327,,,32600,5,,False
2022,Ford,mustang,no_mention,4,gasoline,36427,,,24500,4,,False
2022,Ford,f-150,no_mention,6,hybrid,94349,,,50600,4,,False
2021,Ford,edge,no_mention,4,gasoline,120614,,,15000,5,,False
2024,Ford,f-150,no_mention,6,gasoline,59277,,,42600,2,,False
2018,Ford,fusion,platinum,4,hybrid,150485,,,5700,8,,False
2019,Ford,escape,no_mention,4,gasoline,118294,,,9400,7,,False
2023,Ford,f-150,no_mention,6,gasoline,71919,,,38800,3,,False
2023,Ford,f-150,no_mention,6,gasoline,29268,,,47000,3,,False
2018,Ford,f-150,platinum,6,gasoline,74834,,,29100,8,,False
2022,Ford,f-150,no_mention,8,flex,87200,,,36200,4,,False
2018,Ford,f-150,xlt,6,gasoline,185943,,,18500,8,,False
2016,Ford,fusion,no_mention,4,gasoline,147018,,,5800,10,,False
2017,Ford,f-350,platinum,8,diesel,139500,,,53500,9,,False
2020,Ford,escape,no_mention,3,gasoline,142498,,,14000,6,,False
2016,Ford,focus,no_mention,0,electric,63888,,,4500,10,,False
2024,Ford,bronco,no_mention,4,gasoline,15137,,,49000,2,,False
2016,Ford,f-150,lariat,8,flex,177212,,,20600,10,,False
2013,Ford,edge,limited,6,gasoline,211188,,,3000,13,,False
2022,Ford,f-150,no_mention,6,gasoline,87599,,,46500,4,,False
2025,Ford,f-150,tremor,8,gasoline,15002,,,70100,1,,False
2022,Ford,explorer,no_mention,4,gasoline,136608,,,27000,4,,False
2025,Ford,f-150,xlt,6,gasoline,10900,,,55000,1,,False
2013,Ford,edge,no_mention,6,gasoline,175000,,,3200,13,,False
2016,Ford,fusion,no_mention,4,gasoline,113511,,,7200,10,,False
2012,Ford,edge,limited,6,gasoline,187330,,,3300,14,,False
2020,Ford,f-150,no_mention,8,flex,109670,,,28000,6,,False
2024,Ford,f-150,lariat,6,hybrid,43927,,,61000,2,,False
2023,Ford,escape,no_mention,3,gasoline,62439,,,23700,3,,False
2020,Ford,edge,no_mention,4,gasoline,46741,,,22000,6,,False
2016,Ford,escape,no_mention,4,gasoline,205662,,,5400,10,,False
2014,Ford,fusion,no_mention,4,gasoline,165830,,,4500,12,,False
2016,Ford,f-150,no_mention,8,flex,79147,,,27500,10,,False
2019,Ford,transit,no_mention,6,gasoline,125307,,,26800,7,,False
2018,Ford,f-150,no_mention,6,gasoline,253918,,,11000,8,,False
2023,Ford,f-150,no_mention,6,hybrid,71003,,,52100,3,,False
2021,Ford,f-150,xlt,6,gasoline,66023,,,32600,5,,False
2024,Ford,f-150,lariat,6,hybrid,39539,,,62100,2,,False
2023,Ford,edge,no_mention,4,gasoline,76691,,,19400,3,,False
2017,Ford,f-150,no_mention,6,gasoline,169248,,,11500,9,,False
2017,Ford,fusion,no_mention,4,gasoline,149387,,,7000,9,,False
2013,Ford,f-150,no_mention,6,gasoline,115925,,,6700,13,,False
2013,Ford,edge,no_mention,6,gasoline,139809,,,4100,13,,False
2018,Ford,explorer,xlt,6,gasoline,238189,,,7000,8,,False
2019,Ford,f-150,no_mention,6,gasoline,94448,,,21000,7,,False
2019,Ford,f-150,no_mention,8,flex,195814,,,13100,7,,False
2018,Ford,explorer,no_mention,6,gasoline,181190,,,11600,8,,False
2016,Ford,explorer,xlt,6,gasoline,174423,,,10800,10,,False
2022,Ford,f-150,no_mention,6,gasoline,81138,,,41700,4,,False
2021,Ford,f-150,xlt,6,gasoline,98478,,,30400,5,,False
2015,Ford,f-150,xlt,6,flex,150082,,,14800,11,,False
2020,Ford,expedition,limited,6,gasoline,115610,,,37000,6,,False
2016,Ford,f-250,lariat,8,diesel,159059,,,30500,10,,False
2017,Ford,fusion,no_mention,4,gasoline,95274,,,8700,9,,False
2019,Ford,expedition,platinum,6,gasoline,92494,,,38000,7,,False
2022,Ford,f-150,no_mention,6,gasoline,65885,,,38000,4,,False
2014,Ford,escape,no_mention,4,gasoline,147258,,,3600,12,,False
2017,Ford,escape,no_mention,4,gasoline,139659,,,7700,9,,False
2017,Ford,f-150,no_mention,6,gasoline,203074,,,11100,9,,False
2018,Ford,f-150,no_mention,8,flex,138808,,,21700,8,,False
2025,Ford,escape,platinum,4,gasoline,7880,,,32600,1,,False
2016,Ford,focus,no_mention,4,flex,75573,,,6400,10,,False
2016,Ford,explorer,no_mention,6,gasoline,124112,,,14500,10,,False
2018,Ford,escape,no_mention,4,gasoline,172690,,,5300,8,,False
2021,Ford,explorer,no_mention,6,gasoline,108629,,,33300,5,,False
2020,Ford,ecosport,no_mention,4,gasoline,49873,,,15500,6,,False
2021,Ford,f-150,no_mention,8,flex,126922,,,20100,5,,False
2023,Ford,expedition,platinum,6,gasoline,64929,,,68800,3,,False
2024,Ford,escape,no_mention,3,gasoline,19348,,,26000,2,,False
2019,Ford,f-150,lariat,6,gasoline,253909,,,14000,7,,False
2013,Ford,f-150,no_mention,8,flex,276679,,,5900,13,,False
2015,Ford,focus,no_mention,4,flex,51614,,,4300,11,,False
2023,Ford,bronco,no_mention,3,gasoline,39196,,,25000,3,,False
2020,Ford,f-150,no_mention,6,gasoline,84248,,,32700,6,,False
2013,Ford,escape,no_mention,4,gasoline,190719,,,3100,13,,False
2012,Ford,fusion,no_mention,6,flex,92322,,,3500,14,,False
2023,Ford,f-150,xlt,6,hybrid,96405,,,41000,3,,False
2013,Ford,escape,no_mention,4,gasoline,75376,,,4900,13,,False
2016,Ford,edge,no_mention,4,gasoline,195628,,,6200,10,,False
2019,Ford,f-250,lariat,8,diesel,62590,,,60400,7,,False
2024,Ford,f-150,xlt,6,gasoline,39032,,,49800,2,,False
2019,Ford,f-150,no_mention,6,gasoline,226067,,,8200,7,,False
2020,Ford,ecosport,no_mention,3,gasoline,91361,,,13600,6,,False
2014,Ford,f-150,no_mention,6,gasoline,248004,,,5300,12,,False
2019,Ford,escape,no_mention,4,gasoline,117602,,,11800,7,,False
2022,Ford,f-150,raptor,6,gasoline,79534,,,73100,4,,False
2018,Ford,f-150,xlt,8,flex,126247,,,21600,8,,False
2013,Ford,edge,limited,6,gasoline,168306,,,3800,13,,False
2023,Ford,f-150,lariat,6,gasoline,66730,,,48900,3,,False
2022,Ford,f-150,no_mention,6,hybrid,88965,,,39500,4,,False
2023,Ford,explorer,no_mention,6,gasoline,63930,,,45500,3,,False
2020,Ford,ranger,no_mention,4,gasoline,140015,,,19900,6,,False
2013,Ford,escape,no_mention,4,gasoline,117865,,,5000,13,,False
2023,Ford,mustang,no_mention,4,gasoline,8298,,,34000,3,,False
2019,Ford,escape,no_mention,4,gasoline,201824,,,6500,7,,False
2021,Ford,bronco,no_mention,3,gasoline,101324,,,21000,5,,False
2024,Ford,f-150,lariat,6,hybrid,25338,,,66000,2,,False
2020,Ford,transit,no_mention,6,flex,78740,,,26900,6,,False
2014,Ford,mustang,no_mention,6,gasoline,105131,,,8500,12,,False
2022,Ford,f-350,no_mention,8,diesel,112047,,,72600,4,,False
2014,Ford,escape,no_mention,4,gasoline,126448,,,5000,12,,False
2019,Ford,f-150,no_mention,8,flex,195436,,,16800,7,,False
2017,Ford,f-150,no_mention,6,gasoline,126144,,,22800,9,,False
2018,Ford,escape,no_mention,4,gasoline,136465,,,7700,8,,False
2021,Ford,explorer,no_mention,6,gasoline,48180,,,35500,5,,False
2017,Ford,f-150,no_mention,8,flex,139103,,,22400,9,,False
2016,Ford,f-150,no_mention,6,gasoline,183514,,,15100,10,,False
2011,Ford,edge,limited,6,gasoline,209917,,,4400,15,,False
2017,Ford,expedition,platinum,6,gasoline,296521,,,6000,9,,False
2014,Ford,explorer,limited,6,gasoline,115897,,,7500,12,,False
2017,Ford,f-250,no_mention,8,flex,146939,,,19900,9,,False
2021,Ford,f-150,lariat,6,gasoline,82351,,,37800,5,,False
2023,Ford,explorer,no_mention,6,gasoline,50695,,,47500,3,,False
2017,Ford,fusion,no_mention,4,gasoline,128904,,,7400,9,,False
2020,Ford,explorer,xlt,4,gasoline,89269,,,24200,6,,False
2017,Ford,explorer,no_mention,6,gasoline,130568,,,10000,9,,False
2014,Ford,focus,no_mention,4,flex,119665,,,3000,12,,False
2021,Ford,escape,no_mention,4,hybrid,82500,,,17500,5,,False
2023,Ford,edge,no_mention,4,gasoline,60344,,,24600,3,,False
2021,Ford,f-150,no_mention,6,gasoline,133150,,,37000,5,,False
2017,Ford,f-150,no_mention,6,gasoline,65847,,,15400,9,,False
2024,Ford,f-150,xlt,8,gasoline,52845,,,51800,2,,False
2014,Ford,escape,no_mention,4,gasoline,209440,,,3700,12,,False
2016,Ford,mustang,no_mention,8,gasoline,10919,,,85000,10,,False
2022,Ford,transit,xlt,6,flex,55600,,,57000,4,,False
2019,Ford,explorer,xlt,6,gasoline,106778,,,26000,7,,False
2025,Ford,f-250,king ranch,8,diesel,12200,,,108000,1,,False
2015,Ford,focus,no_mention,4,flex,91640,,,3400,11,,False
2024,Ford,edge,no_mention,4,gasoline,10783,,,34500,2,,False
2011,Ford,escape,limited,6,flex,109838,,,7000,15,,False
2019,Ford,edge,no_mention,4,gasoline,170800,,,12000,7,,False
2019,Ford,f-250,no_mention,8,diesel,80408,,,47500,7,,False
2018,Ford,transit,no_mention,6,flex,227150,,,5100,8,,False
2020,Ford,f-150,xlt,6,gasoline,171796,,,21200,6,,False
2021,Ford,explorer,xlt,4,gasoline,127059,,,25000,5,,False
2018,Ford,f-150,no_mention,8,flex,204373,,,15300,8,,False
2019,Ford,ecosport,no_mention,4,gasoline,66250,,,12000,7,,False
2022,Ford,f-150,no_mention,6,gasoline,45905,,,46000,4,,False
2020,Ford,ranger,lariat,4,gasoline,70910,,,31200,6,,False
2017,Ford,escape,no_mention,4,gasoline,137315,,,6800,9,,False
2015,Ford,edge,no_mention,4,gasoline,148142,,,3000,11,,False
2018,Ford,edge,no_mention,6,gasoline,145266,,,8400,8,,False
2023,Ford,f-150,no_mention,8,flex,61520,,,55700,3,,False
2017,Ford,explorer,no_mention,6,gasoline,176513,,,9100,9,,False
2017,Ford,escape,no_mention,4,gasoline,176745,,,4400,9,,False
2018,Ford,edge,no_mention,4,gasoline,162462,,,8600,8,,False
2016,Ford,f-150,no_mention,6,flex,124834,,,12500,10,,False
2012,Ford,fusion,no_mention,6,flex,149601,,,4400,14,,False
2016,Ford,fiesta,no_mention,4,gasoline,140997,,,4000,10,,False
2016,Ford,f-150,no_mention,6,gasoline,145765,,,15000,10,,False
2016,Ford,escape,no_mention,4,gasoline,113440,,,6200,10,,False
2021,Ford,f-250,xlt,8,gasoline,139834,,,32000,5,,False
2019,Ford,edge,no_mention,6,gasoline,159670,,,13200,7,,False
2023,Ford,ranger,no_mention,4,gasoline,50161,,,35200,3,,False
2022,Ford,bronco,no_mention,6,gasoline,56355,,,32700,4,,False
2018,Ford,edge,no_mention,6,gasoline,139000,,,11600,8,,False
2022,Ford,f-350,no_mention,8,diesel,72780,,,66000,4,,False
2013,Ford,edge,no_mention,6,gasoline,190572,,,3700,13,,False
2022,Ford,f-150,no_mention,8,flex,124448,,,31000,4,,False
2020,Ford,f-150,no_mention,8,flex,218252,,,12900,6,,False
2019,Ford,f-150,no_mention,8,flex,234505,,,11900,7,,False
2008,Ford,f-150,no_mention,8,flex,220463,,,5200,18,,False
2013,Ford,escape,no_mention,4,gasoline,150528,,,6400,13,,False
2022,Ford,f-150,lariat,6,gasoline,66842,,,39500,4,,False
2014,Ford,escape,no_mention,4,gasoline,162451,,,3000,12,,False
2017,Ford,f-150,no_mention,6,gasoline,259227,,,6500,9,,False
2023,Ford,f-150,no_mention,6,gasoline,49670,,,42500,3,,False
2019,Ford,edge,no_mention,4,gasoline,137523,,,9700,7,,False
2023,Ford,f-150,xlt,6,gasoline,44964,,,46100,3,,False
2013,Ford,f-150,no_mention,6,gasoline,145525,,,10900,13,,False
2019,Ford,f-150,no_mention,6,gasoline,248306,,,10800,7,,False
2018,Ford,f-250,no_mention,8,diesel,142137,,,45400,8,,False
2017,Ford,transit,no_mention,6,flex,172300,,,13900,9,,False
2020,Ford,f-150,no_mention,8,flex,151736,,,20900,6,,False
2023,Ford,f-150,no_mention,0,electric,143171,,,43100,3,,False
2021,Ford,bronco,no_mention,4,gasoline,74688,,,35100,5,,False
2023,Ford,edge,no_mention,4,gasoline,68224,,,27700,3,,False
2024,Ford,mustang,no_mention,8,gasoline,42737,,,42000,2,,False
2011,Ford,escape,xlt,4,gasoline,229766,,,3100,15,,False
2019,Ford,f-150,lariat,6,gasoline,148256,,,26800,7,,False
2017,Ford,escape,no_mention,4,gasoline,178705,,,7400,9,,False
2018,Ford,f-150,xlt,8,flex,139193,,,19200,8,,False
2025,Ford,escape,platinum,4,gasoline,18598,,,31500,1,,False
2023,Ford,explorer,xlt,4,gasoline,112915,,,30000,3,,False
2021,Ford,explorer,no_mention,6,gasoline,34516,,,42000,5,,False
2022,Ford,f-150,xlt,6,gasoline,74318,,,34300,4,,False
2016,Ford,f-150,lariat,6,gasoline,130947,,,20000,10,,False
2018,Ford,f-150,king ranch,8,flex,132850,,,18900,8,,False
2018,Ford,f-150,no_mention,6,gasoline,223697,,,12200,8,,False
2018,Ford,escape,no_mention,4,gasoline,140240,,,5800,8,,False
2024,Ford,f-150,tremor,6,gasoline,13343,,,62000,2,,False
2020,Ford,mustang,no_mention,8,gasoline,91580,,,27700,6,,False
2019,Ford,escape,no_mention,4,gasoline,147149,,,5800,7,,False
2023,Ford,edge,no_mention,4,gasoline,77654,,,25000,3,,False
2020,Ford,edge,no_mention,4,gasoline,98469,,,14500,6,,False
2021,Ford,escape,no_mention,3,gasoline,85463,,,16900,5,,False
2021,Ford,explorer,limited,6,hybrid,117250,,,28500,5,,False
2023,Ford,f-150,xlt,6,gasoline,58592,,,44500,3,,False
2022,Ford,f-150,xlt,6,gasoline,68417,,,42500,4,,False
2018,Ford,edge,no_mention,4,gasoline,143251,,,11000,8,,False
2014,Ford,f-150,no_mention,8,flex,209735,,,6000,12,,False
2021,Ford,f-150,raptor,6,gasoline,33281,,,71000,5,,False
2013,Ford,escape,no_mention,4,gasoline,99142,,,6000,13,,False
2016,Ford,f-150,xlt,6,gasoline,219396,,,7000,10,,False
2021,Ford,expedition,king ranch,6,gasoline,93011,,,52400,5,,False
2011,Ford,ranger,no_mention,6,gasoline,143428,,,8700,15,,False
2017,Ford,transit,xl,4,gasoline,250719,,,5500,9,,False
2020,Ford,transit,xl,4,flex,107480,,,17100,6,,False
2016,Ford,mustang,no_mention,8,gasoline,63595,,,28000,10,,False
2018,Ford,transit,no_mention,5,diesel,176007,,,10400,8,,False
2023,Ford,f-350,xlt,8,gasoline,42549,,,53300,3,,False
2021,Ford,f-250,xlt,8,flex,49437,,,47800,5,,False
2022,Ford,f-150,xlt,6,gasoline,66485,,,35400,4,,False
2023,Ford,f-350,xlt,8,gasoline,42159,,,53300,3,,False
2023,Ford,explorer,no_mention,6,gasoline,30000,,,49800,3,,False
2017,Ford,escape,no_mention,4,gasoline,201809,,,4200,9,,False
2021,Ford,escape,no_mention,3,gasoline,55854,,,19100,5,,False
2011,Ford,f-150,no_mention,6,gasoline,195760,,,9000,15,,False
2021,Ford,expedition,limited,6,gasoline,190950,,,27000,5,,False
2014,Ford,f-150,fx4,6,gasoline,178345,,,7200,12,,False
2014,Ford,escape,no_mention,4,gasoline,162789,,,4100,12,,False
2017,Ford,f-150,no_mention,6,gasoline,294115,,,6500,9,,False
2017,Ford,explorer,limited,6,gasoline,77553,,,17900,9,,False
2016,Ford,focus,no_mention,4,flex,22972,,,9000,10,,False
2019,Ford,f-150,no_mention,8,flex,112372,,,24000,7,,False
2016,Ford,f-150,no_mention,6,gasoline,178214,,,16500,10,,False
2024,Ford,bronco,no_mention,3,gasoline,11596,,,29400,2,,False
2023,Ford,bronco,no_mention,6,gasoline,30520,,,49000,3,,False
2013,Ford,f-150,no_mention,8,flex,240797,,,10000,13,,False
2024,Ford,f-150,xlt,6,gasoline,50873,,,46400,2,,False
2021,Ford,f-150,limited,6,hybrid,58491,,,54500,5,,False
2018,Ford,explorer,xlt,6,gasoline,126368,,,11500,8,,False
2022,Ford,f-150,no_mention,6,gasoline,205000,,,15900,4,,False
2022,Ford,f-150,no_mention,6,gasoline,169350,,,22500,4,,False
2019,Ford,f-150,no_mention,6,gasoline,290340,,,12000,7,,False
2013,Ford,edge,no_mention,6,gasoline,125165,,,7500,13,,False
2023,Ford,f-450,platinum,8,diesel,33407,,,111000,3,,False
2016,Ford,edge,no_mention,4,gasoline,170100,,,4400,10,,False
2022,Ford,f-150,lariat,0,electric,59298,,,36500,4,,False
2021,Ford,edge,no_mention,4,gasoline,164282,,,18500,5,,False
2016,Ford,f-150,xlt,8,flex,148836,,,21900,10,,False
2023,Ford,bronco,no_mention,6,gasoline,32568,,,59700,3,,False
2014,Ford,escape,no_mention,4,gasoline,132399,,,3300,12,,False
2024,Ford,mustang,no_mention,0,electric,28383,,,31500,2,,False
2018,Ford,f-150,xlt,6,gasoline,271600,,,8300,8,,False
2018,Ford,explorer,xlt,6,gasoline,161878,,,14200,8,,False
2021,Ford,f-150,no_mention,6,gasoline,104250,,,31000,5,,False
2023,Ford,f-150,no_mention,6,gasoline,46990,,,44800,3,,False
2022,Ford,escape,no_mention,4,gasoline,25831,,,22400,4,,False
2017,Ford,fusion,no_mention,4,gasoline,129457,,,8500,9,,False
2021,Ford,ranger,no_mention,4,gasoline,157462,,,24000,5,,False
2024,Ford,bronco,no_mention,6,gasoline,24120,,,55000,2,,False
2016,Ford,f-150,no_mention,8,flex,227438,,,8000,10,,False
2014,Ford,edge,no_mention,6,gasoline,195501,,,3700,12,,False
2024,Ford,mustang,no_mention,8,gasoline,8327,,,56000,2,,False
2018,Ford,f-150,no_mention,8,flex,187069,,,12200,8,,False
2012,Ford,fusion,no_mention,6,flex,161333,,,4500,14,,False
2020,Ford,f-150,no_mention,8,flex,155467,,,24500,6,,False
2019,Ford,flex,limited,6,gasoline,134351,,,13000,7,,False
2021,Ford,f-150,lariat,8,flex,150939,,,34000,5,,False
2015,Ford,focus,no_mention,4,flex,103389,,,4500,11,,False
2011,Ford,f-150,no_mention,6,gasoline,187472,,,7400,15,,False
2015,Ford,transit,no_mention,6,flex,270418,,,4000,11,,False
2017,Ford,escape,no_mention,4,gasoline,143419,,,4000,9,,False
2017,Ford,escape,no_mention,4,gasoline,57123,,,11000,9,,False
2012,Ford,f-150,raptor,8,gasoline,221010,,,14000,14,,False
2018,Ford,f-150,no_mention,8,flex,226280,,,9000,8,,False
2016,Ford,explorer,limited,6,gasoline,238652,,,4400,10,,False
2020,Ford,f-150,xlt,6,gasoline,79504,,,21700,6,,False
2023,Ford,f-150,lariat,6,gasoline,78423,,,59000,3,,False
2018,Ford,fusion,no_mention,4,gasoline,180672,,,5800,8,,False
2024,Ford,f-350,lariat,8,diesel,20079,,,92000,2,,False
2019,Ford,mustang,no_mention,8,gasoline,30049,,,30100,7,,False
2016,Ford,transit,no_mention,5,diesel,262831,,,4000,10,,False
2017,Ford,f-150,platinum,6,gasoline,151390,,,24700,9,,False
2015,Ford,explorer,no_mention,6,gasoline,184340,,,6900,11,,False
2022,Ford,f-150,xlt,6,gasoline,93551,,,33000,4,,False
2022,Ford,f-150,lariat,6,gasoline,26700,,,43000,4,,False
2025,Ford,f-150,xlt,6,gasoline,7709,,,50000,1,,False
2023,Ford,f-150,no_mention,0,electric,54296,,,46200,3,,False
2017,Ford,f-150,no_mention,6,gasoline,230039,,,6700,9,,False
2014,Ford,fiesta,no_mention,4,gasoline,138000,,,5800,12,,False
2018,Ford,f-150,no_mention,6,gasoline,287783,,,7500,8,,False
2022,Ford,edge,no_mention,4,gasoline,85808,,,17800,4,,False
2025,Ford,f-150,xlt,6,gasoline,15860,,,55000,1,,False
2024,Ford,edge,no_mention,4,gasoline,48153,,,30900,2,,False
2024,Ford,edge,no_mention,4,gasoline,45203,,,32000,2,,False
2018,Ford,edge,no_mention,4,gasoline,86807,,,12100,8,,False
2017,Ford,mustang,no_mention,6,gasoline,167500,,,10300,9,,False
2023,Ford,f-150,no_mention,6,gasoline,112770,,,37000,3,,False
2022,Ford,f-250,lariat,8,gasoline,90725,,,58100,4,,False
2022,Ford,edge,no_mention,6,gasoline,71119,,,30000,4,,False
2018,Ford,fusion,no_mention,4,hybrid,107299,,,8500,8,,False
2020,Ford,f-150,xlt,6,flex,211730,,,13100,6,,False
2016,Ford,edge,no_mention,6,gasoline,188533,,,6000,10,,False
2022,Ford,maverick,no_mention,4,gasoline,91949,,,27300,4,,False
2017,Ford,explorer,xlt,6,gasoline,209723,,,6600,9,,False
2018,Ford,edge,no_mention,6,gasoline,154152,,,9500,8,,False
2017,Ford,edge,no_mention,6,gasoline,123946,,,12000,9,,False
2021,Ford,mustang,no_mention,0,electric,117199,,,22000,5,,False
2016,Ford,mustang,no_mention,8,gasoline,110043,,,24500,10,,False
2017,Ford,flex,no_mention,6,gasoline,230188,,,3500,9,,False
2023,Ford,f-150,no_mention,8,flex,88383,,,35500,3,,False
2017,Ford,expedition,limited,6,gasoline,181214,,,12000,9,,False
2018,Ford,expedition,limited,6,gasoline,180632,,,19800,8,,False
2017,Ford,explorer,limited,6,gasoline,136932,,,14800,9,,False
2010,Ford,f-150,no_mention,8,flex,167061,,,12700,16,,False
2018,Ford,f-150,xlt,6,gasoline,172212,,,16000,8,,False
2022,Ford,bronco,no_mention,3,gasoline,124993,,,18000,4,,False
2015,Ford,f-150,xlt,6,gasoline,123633,,,14900,11,,False
2018,Ford,expedition,platinum,6,gasoline,224221,,,20000,8,,False
2018,Ford,edge,no_mention,4,gasoline,102064,,,11000,8,,False
2010,Ford,f-150,no_mention,8,flex,178139,,,6600,16,,False
2018,Ford,mustang,no_mention,8,gasoline,26178,,,28500,8,,False
2011,Ford,f-150,no_mention,6,gasoline,129030,,,7500,15,,False
2013,Ford,flex,no_mention,6,gasoline,139981,,,5900,13,,False
2017,Ford,fusion,no_mention,4,gasoline,213831,,,4600,9,,False
2021,Ford,escape,no_mention,3,gasoline,106359,,,15900,5,,False
2018,Ford,f-150,no_mention,6,gasoline,263005,,,13600,8,,False
2021,Ford,escape,no_mention,3,gasoline,107525,,,18100,5,,False
2018,Ford,escape,no_mention,4,gasoline,156170,,,8000,8,,False
2010,Ford,f-150,no_mention,8,flex,115532,,,9000,16,,False
2017,Ford,explorer,xlt,6,gasoline,217306,,,5600,9,,False
2017,Ford,escape,no_mention,4,gasoline,144871,,,5800,9,,False
2008,Ford,edge,limited,6,gasoline,203995,,,3500,18,,False
2014,Ford,f-150,no_mention,8,flex,210148,,,13700,12,,False
2017,Ford,edge,no_mention,6,gasoline,147072,,,10500,9,,False
2016,Ford,edge,no_mention,6,gasoline,195530,,,6800,10,,False
2022,Ford,explorer,no_mention,6,gasoline,51450,,,42200,4,,False
2013,Ford,f-150,no_mention,8,flex,241217,,,6800,13,,False
2011,Ford,f-150,no_mention,8,flex,283128,,,4600,15,,False
2018,Ford,escape,no_mention,4,gasoline,81709,,,9000,8,,False
2023,Ford,bronco,no_mention,3,gasoline,23720,,,26300,3,,False
2017,Ford,explorer,xlt,6,gasoline,165034,,,8900,9,,False
2021,Ford,f-150,lariat,6,gasoline,73085,,,35800,5,,False
2018,Ford,flex,no_mention,6,gasoline,154341,,,9600,8,,False
2015,Ford,escape,no_mention,4,gasoline,166167,,,3700,11,,False
2013,Ford,f-150,fx4,6,gasoline,203551,,,3900,13,,False
2020,Ford,transit,no_mention,6,flex,286380,,,8400,6,,False
2018,Ford,f-150,no_mention,8,flex,225642,,,10800,8,,False
2015,Ford,edge,no_mention,6,gasoline,152735,,,8300,11,,False
2024,Ford,mustang,no_mention,8,gasoline,7030,,,54200,2,,False
2023,Ford,mustang,no_mention,8,gasoline,8859,,,40100,3,,False
2017,Ford,escape,no_mention,4,gasoline,73926,,,8400,9,,False
2019,Ford,mustang,no_mention,8,gasoline,93010,,,30000,7,,False
2023,Ford,f-150,no_mention,0,electric,57080,,,42900,3,,False
2013,Ford,edge,no_mention,6,gasoline,196890,,,3200,13,,False
2024,Ford,f-150,xlt,6,gasoline,28563,,,55000,2,,False
2023,Ford,explorer,limited,6,hybrid,31712,,,44000,3,,False
2015,Ford,f-150,no_mention,6,gasoline,143778,,,12700,11,,False
2018,Ford,escape,no_mention,4,gasoline,169957,,,5700,8,,False
2022,Ford,expedition,no_mention,6,gasoline,127882,,,45000,4,,False
2021,Ford,f-150,xlt,8,flex,193014,,,25800,5,,False
2023,Ford,f-150,no_mention,8,flex,88843,,,51100,3,,False
2021,Ford,f-150,xlt,6,gasoline,166320,,,28000,5,,False
2015,Ford,taurus,limited,6,flex,202046,,,3100,11,,False
2016,Ford,f-150,no_mention,6,gasoline,125817,,,25000,10,,False
2015,Ford,escape,no_mention,4,gasoline,268659,,,3800,11,,False
2017,Ford,escape,no_mention,4,gasoline,163932,,,9900,9,,False
2023,Ford,transit,no_mention,6,gasoline,119343,,,38800,3,,False
2020,Ford,escape,no_mention,3,gasoline,198183,,,5600,6,,False
2022,Ford,edge,no_mention,6,gasoline,67687,,,28000,4,,False
2019,Ford,transit,no_mention,6,flex,239367,,,10800,7,,False
2018,Ford,f-150,no_mention,6,gasoline,149717,,,23100,8,,False
2019,Ford,edge,no_mention,4,gasoline,169784,,,10300,7,,False
2016,Ford,f-150,xlt,8,flex,237116,,,13000,10,,False
2020,Ford,f-150,limited,6,gasoline,129618,,,34500,6,,False
2015,Ford,fusion,no_mention,4,gasoline,194601,,,3800,11,,False
2019,Ford,f-150,lariat,6,gasoline,240799,,,13700,7,,False
2017,Ford,f-150,no_mention,6,gasoline,175090,,,17000,9,,False
2016,Ford,explorer,no_mention,6,gasoline,182343,,,5600,10,,False
2018,Ford,f-150,no_mention,8,flex,210344,,,14500,8,,False
2018,Ford,f-150,no_mention,8,flex,173318,,,21000,8,,False
2014,Ford,f-150,xlt,6,gasoline,137500,,,16600,12,,False
2014,Ford,escape,no_mention,4,gasoline,177179,,,3400,12,,False
2016,Ford,escape,no_mention,4,gasoline,174800,,,4500,10,,False
2025,Ford,f-150,tremor,6,gasoline,27200,,,67300,1,,False
2021,Ford,f-350,limited,8,diesel,140074,,,55000,5,,False
2023,Ford,f-150,raptor,6,gasoline,18922,,,91200,3,,False
2024,Ford,escape,no_mention,4,hybrid,58181,,,28200,2,,False
2013,Ford,mustang,no_mention,6,gasoline,108879,,,9000,13,,False
2022,Ford,f-150,xlt,6,gasoline,90879,,,34000,4,,False
2019,Ford,ecosport,no_mention,4,gasoline,83291,,,14700,7,,False
2020,Ford,f-150,xlt,6,gasoline,112650,,,27600,6,,False
2023,Ford,f-150,no_mention,0,electric,42937,,,43600,3,,False
2022,Ford,edge,no_mention,4,gasoline,28399,,,30500,4,,False
2022,Ford,f-150,no_mention,6,gasoline,67254,,,54000,4,,False
2020,Ford,fusion,no_mention,4,hybrid,135725,,,15800,6,,False
2015,Ford,f-150,no_mention,6,gasoline,254180,,,7900,11,,False
2014,Ford,escape,no_mention,4,gasoline,128654,,,5100,12,,False
2018,Ford,focus,no_mention,4,flex,142002,,,5500,8,,False
2015,Ford,fusion,no_mention,4,gasoline,108577,,,3000,11,,False
2019,Ford,e-series,no_mention,10,gasoline,199793,,,11800,7,,False
2024,Ford,f-150,no_mention,0,electric,15046,,,45600,2,,False
2013,Ford,escape,no_mention,4,gasoline,71944,,,4200,13,,False
2016,Ford,f-150,xlt,8,flex,164920,,,16200,10,,False
2014,Ford,escape,no_mention,4,gasoline,165237,,,3800,12,,False
2021,Ford,explorer,platinum,6,gasoline,81303,,,32800,5,,False
2022,Ford,explorer,xlt,4,gasoline,34432,,,33400,4,,False
2023,Ford,bronco,no_mention,6,gasoline,57930,,,48000,3,,False
2015,Ford,edge,no_mention,6,gasoline,216056,,,3300,11,,False
2017,Ford,f-150,xl,6,flex,142438,,,14500,9,,False
2014,Ford,transit,xlt,4,gasoline,227680,,,4400,12,,False
2017,Ford,f-150,no_mention,6,gasoline,199300,,,15200,9,,False
2013,Ford,f-150,no_mention,6,gasoline,185735,,,11500,13,,False
2021,Ford,f-150,no_mention,8,flex,172523,,,35200,5,,False
2022,Ford,escape,no_mention,4,hybrid,82507,,,19300,4,,False
2016,Ford,explorer,no_mention,6,gasoline,188688,,,8600,10,,False
2018,Ford,escape,no_mention,4,gasoline,111986,,,12300,8,,False
2023,Ford,f-150,no_mention,0,electric,105012,,,42000,3,,False
2013,Ford,f-150,xlt,6,gasoline,226074,,,5000,13,,False
2011,Ford,escape,xlt,6,flex,156310,,,3500,15,,False
2017,Ford,escape,no_mention,4,gasoline,128073,,,10300,9,,False
2022,Ford,f-150,xlt,6,gasoline,37852,,,45500,4,,False
2018,Ford,escape,no_mention,4,gasoline,145210,,,8000,8,,False
2010,Ford,f-150,no_mention,8,flex,223757,,,5000,16,,False
2020,Ford,mustang,no_mention,8,gasoline,47950,,,43000,6,,False
2024,Ford,f-150,no_mention,0,electric,18600,,,56500,2,,False
2022,Ford,f-350,platinum,8,diesel,115574,,,67000,4,,False
2020,Ford,explorer,xlt,4,gasoline,98307,,,23700,6,,False
2018,Ford,escape,no_mention,4,gasoline,125629,,,13600,8,,False
2020,Ford,f-150,no_mention,6,gasoline,171488,,,22000,6,,False
2019,Ford,f-150,no_mention,6,gasoline,147520,,,28500,7,,False
2020,Ford,f-250,xlt,8,flex,86351,,,35300,6,,False
2019,Ford,f-150,no_mention,6,gasoline,153793,,,23100,7,,False
2023,Ford,escape,no_mention,3,gasoline,41782,,,25000,3,,False
2024,Ford,f-150,xlt,6,gasoline,24572,,,59500,2,,False
2014,Ford,edge,limited,6,gasoline,141550,,,9000,12,,False
2010,Ford,f-150,no_mention,8,flex,201479,,,5200,16,,False
2024,Ford,f-150,lariat,6,hybrid,42601,,,61000,2,,False
2013,Ford,escape,no_mention,4,gasoline,128632,,,5500,13,,False
2015,Ford,escape,no_mention,4,gasoline,229397,,,3200,11,,False
2022,Ford,explorer,no_mention,4,gasoline,52847,,,37100,4,,False
2017,Ford,f-150,no_mention,6,flex,222927,,,6000,9,,False
2017,Ford,escape,no_mention,4,gasoline,196773,,,4600,9,,False
2022,Ford,edge,no_mention,6,gasoline,53257,,,29000,4,,False
2023,Ford,f-150,tremor,6,gasoline,61092,,,58500,3,,False
2020,Ford,ecosport,no_mention,4,gasoline,7985,,,16900,6,,False
2020,Ford,transit,no_mention,6,flex,243172,,,7600,6,,False
2025,Ford,maverick,xlt,4,gasoline,19346,,,37600,1,,False
2022,Ford,mustang,no_mention,0,electric,77674,,,29000,4,,False
2016,Ford,f-150,xlt,6,gasoline,231410,,,15100,10,,False
2019,Ford,explorer,xlt,4,gasoline,169955,,,13200,7,,False
2019,Ford,explorer,no_mention,6,gasoline,214749,,,11800,7,,False
2019,Ford,f-350,no_mention,8,diesel,246768,,,36900,7,,False
2018,Ford,explorer,no_mention,6,gasoline,179049,,,13500,8,,False
2015,Ford,f-150,no_mention,6,gasoline,180298,,,9100,11,,False
2017,Ford,edge,no_mention,6,gasoline,216693,,,12000,9,,False
2013,Ford,fusion,no_mention,4,gasoline,133736,,,3800,13,,False
2021,Ford,bronco,no_mention,3,gasoline,135872,,,15000,5,,False
2022,Ford,edge,no_mention,6,gasoline,42280,,,28200,4,,False
2018,Ford,f-150,platinum,6,diesel,145497,,,15300,8,,False
2017,Ford,explorer,no_mention,6,gasoline,125900,,,17100,9,,False
2024,Ford,f-150,no_mention,6,gasoline,15160,,,46200,2,,False
2014,Ford,fusion,no_mention,4,gasoline,59379,,,10400,12,,False
2021,Ford,f-150,no_mention,6,hybrid,141737,,,30400,5,,False
2014,Ford,edge,no_mention,6,gasoline,164863,,,3700,12,,False
2024,Ford,f-150,no_mention,6,gasoline,19780,,,47100,2,,False
2019,Ford,e-series,no_mention,8,flex,228389,,,7000,7,,False
2018,Ford,f-150,no_mention,6,gasoline,229313,,,14500,8,,False
2014,Ford,f-150,no_mention,6,flex,147343,,,10200,12,,False
2021,Ford,ranger,no_mention,4,gasoline,120411,,,29400,5,,False
2024,Ford,f-150,tremor,6,gasoline,36014,,,65000,2,,False
2024,Ford,f-150,xl,6,gasoline,29620,,,37500,2,,False
2023,Ford,explorer,no_mention,6,gasoline,80439,,,43000,3,,False
2017,Ford,fusion,no_mention,4,gasoline,264817,,,3700,9,,False
2010,Ford,f-150,no_mention,8,flex,239055,,,5500,16,,False
2018,Ford,escape,no_mention,4,gasoline,147963,,,8700,8,,False
2023,Ford,bronco,limited,4,gasoline,24612,,,33300,3,,False
2018,Ford,f-150,no_mention,6,diesel,264574,,,20400,8,,False
2025,Ford,bronco,no_mention,4,gasoline,13565,,,52700,1,,False
2022,Ford,ranger,no_mention,4,gasoline,131401,,,23000,4,,False
2022,Ford,bronco,no_mention,4,gasoline,65219,,,39000,4,,False
2019,Ford,ecosport,no_mention,3,gasoline,80202,,,8500,7,,False
2017,Ford,escape,no_mention,4,gasoline,134218,,,5400,9,,False
2021,Ford,explorer,no_mention,6,gasoline,159335,,,26100,5,,False
2025,Ford,f-150,xlt,6,gasoline,26559,,,52600,1,,False
2024,Ford,f-150,xlt,8,gasoline,43226,,,55000,2,,False
2024,Ford,f-150,no_mention,6,gasoline,44499,,,42200,2,,False
2022,Ford,explorer,limited,4,gasoline,75144,,,21000,4,,False
2024,Ford,f-150,xlt,6,gasoline,15289,,,52600,2,,False
2021,Ford,explorer,no_mention,6,gasoline,106683,,,25000,5,,False
2017,Ford,explorer,xlt,6,gasoline,280477,,,5300,9,,False
2021,Ford,edge,no_mention,4,gasoline,70172,,,18300,5,,False
2022,Ford,f-150,no_mention,6,gasoline,176100,,,20700,4,,False
2018,Ford,f-150,no_mention,8,flex,246529,,,14500,8,,False
2024,Ford,mustang,no_mention,8,gasoline,23115,,,51500,2,,False
2014,Ford,escape,no_mention,4,gasoline,159935,,,4800,12,,False
2022,Ford,escape,no_mention,4,hybrid,64142,,,25700,4,,False
2017,Ford,f-150,raptor,6,gasoline,105828,,,41900,9,,False
2013,Ford,edge,no_mention,6,gasoline,187562,,,4400,13,,False
2014,Ford,explorer,xlt,6,gasoline,173037,,,7200,12,,False
2020,Ford,ecosport,no_mention,3,gasoline,42877,,,14000,6,,False
2022,Ford,mustang,no_mention,8,gasoline,38639,,,42000,4,,False
2017,Ford,edge,no_mention,6,gasoline,195624,,,4000,9,,False
2016,Ford,focus,no_mention,4,flex,100383,,,6100,10,,False
2022,Ford,f-150,no_mention,0,electric,87900,,,40000,4,,False
2018,Ford,f-150,platinum,6,gasoline,161493,,,26100,8,,False
2012,Ford,focus,no_mention,4,flex,106417,,,3200,14,,False
2017,Ford,f-150,no_mention,8,flex,201905,,,10500,9,,False
2022,Ford,escape,no_mention,4,hybrid,63937,,,20200,4,,False
2019,Ford,f-150,lariat,6,gasoline,116379,,,27500,7,,False
2018,Ford,escape,no_mention,4,gasoline,135042,,,10000,8,,False
2017,Ford,mustang,no_mention,8,gasoline,35202,,,32000,9,,False
2022,Ford,ranger,no_mention,4,gasoline,71392,,,35000,4,,False
2023,Ford,f-150,no_mention,6,gasoline,34697,,,50200,3,,False
2019,Ford,escape,no_mention,4,gasoline,106351,,,10700,7,,False
2014,Ford,escape,no_mention,4,gasoline,44028,,,6600,12,,False
2017,Ford,f-150,no_mention,6,gasoline,189479,,,13500,9,,False
2023,Ford,ranger,xlt,4,gasoline,43275,,,36200,3,,False
2018,Ford,mustang,no_mention,8,gasoline,92172,,,26500,8,,False
2019,Ford,explorer,limited,4,gasoline,132229,,,18800,7,,False
2015,Ford,edge,no_mention,6,gasoline,215413,,,6200,11,,False
2018,Ford,f-150,no_mention,6,gasoline,168007,,,11800,8,,False
2017,Ford,f-150,no_mention,8,flex,182801,,,15500,9,,False
2022,Ford,f-150,no_mention,6,gasoline,57978,,,42300,4,,False
2018,Ford,escape,no_mention,4,gasoline,122849,,,12600,8,,False
2017,Ford,transit,no_mention,6,flex,218352,,,11000,9,,False
2015,Ford,escape,no_mention,4,gasoline,94338,,,5800,11,,False
2015,Ford,escape,no_mention,4,gasoline,134439,,,6000,11,,False
2015,Ford,f-250,xlt,8,diesel,244253,,,14300,11,,False
2025,Ford,explorer,no_mention,6,gasoline,20399,,,58300,1,,False
2017,Ford,explorer,platinum,6,gasoline,53300,,,22500,9,,False
2019,Ford,edge,no_mention,4,gasoline,81952,,,13000,7,,False
2021,Ford,f-150,platinum,6,hybrid,59441,,,53200,5,,False
2022,Ford,bronco,no_mention,3,gasoline,39145,,,24000,4,,False
2015,Ford,transit,no_mention,6,flex,206628,,,6600,11,,False
2022,Ford,maverick,lariat,4,gasoline,37941,,,28700,4,,False
2024,Ford,f-150,no_mention,6,gasoline,24532,,,45500,2,,False
2016,Ford,escape,no_mention,4,gasoline,143697,,,5300,10,,False
2025,Ford,explorer,no_mention,6,gasoline,13613,,,60500,1,,False
2017,Ford,escape,no_mention,4,gasoline,110212,,,12100,9,,False
2024,Ford,edge,no_mention,4,gasoline,68034,,,30500,2,,False
2022,Ford,f-250,no_mention,8,flex,40028,,,45100,4,,False
2020,Ford,transit,xlt,4,flex,237133,,,6800,6,,False
2021,Ford,edge,no_mention,4,gasoline,44466,,,24500,5,,False
2016,Ford,f-150,no_mention,6,flex,79183,,,19300,10,,False
2024,Ford,f-150,lariat,6,gasoline,29144,,,58500,2,,False
2024,Ford,edge,no_mention,4,gasoline,64065,,,30700,2,,False
2014,Ford,f-150,no_mention,8,flex,144620,,,3100,12,,False
2018,Ford,f-150,no_mention,8,flex,192566,,,14000,8,,False
2022,Ford,f-150,xlt,8,flex,49272,,,44200,4,,False
2022,Ford,explorer,no_mention,6,gasoline,33157,,,47300,4,,False
2015,Ford,f-250,no_mention,8,flex,157313,,,14400,11,,False
2001,Ford,f-150,no_mention,8,gasoline,53702,,,29500,25,,False
2021,Ford,f-150,xlt,6,gasoline,167282,,,25100,5,,False
2023,Ford,f-150,no_mention,6,gasoline,71114,,,38000,3,,False
2022,Ford,f-150,xl,6,gasoline,92413,,,28300,4,,False
2014,Ford,explorer,limited,6,gasoline,145733,,,4900,12,,False
2019,Ford,f-150,no_mention,6,gasoline,119715,,,14000,7,,False
2016,Ford,fusion,no_mention,4,gasoline,140575,,,5000,10,,False
2020,Ford,expedition,limited,6,gasoline,169550,,,28000,6,,False
2023,Ford,f-150,xlt,8,flex,98068,,,34100,3,,False
2023,Ford,f-150,xlt,6,gasoline,37002,,,46500,3,,False
2014,Ford,f-150,no_mention,6,flex,92449,,,11900,12,,False
2022,Ford,explorer,no_mention,6,gasoline,56000,,,43000,4,,False
2022,Ford,f-150,no_mention,6,gasoline,35000,,,52000,4,,False
2021,Ford,f-150,no_mention,6,gasoline,53586,,,39000,5,,False
2013,Ford,focus,no_mention,4,flex,152758,,,3300,13,,False
2020,Ford,fusion,no_mention,4,hybrid,150470,,,7300,6,,False
2022,Ford,maverick,no_mention,4,gasoline,79587,,,25300,4,,False
2022,Ford,f-150,no_mention,8,flex,142224,,,27000,4,,False
2018,Ford,edge,no_mention,4,gasoline,111480,,,12500,8,,False
2022,Ford,bronco,no_mention,6,gasoline,71500,,,41100,4,,False
2024,Ford,f-150,xlt,6,gasoline,17075,,,50300,2,,False
2013,Ford,escape,no_mention,4,gasoline,100482,,,4200,13,,False
2022,Ford,f-350,xl,8,flex,81893,,,33200,4,,False
2011,Ford,f-150,xlt,6,gasoline,236898,,,3000,15,,False
2018,Ford,f-150,no_mention,6,gasoline,222968,,,12100,8,,False
2023,Ford,f-150,no_mention,6,gasoline,60497,,,53500,3,,False
2024,Ford,f-150,xlt,6,gasoline,37169,,,52000,2,,False
2018,Ford,escape,no_mention,4,gasoline,117557,,,13300,8,,False
2020,Ford,f-150,xlt,6,gasoline,205336,,,18500,6,,False
2016,Ford,edge,no_mention,6,gasoline,198620,,,5000,10,,False
2008,Ford,ranger,no_mention,6,gasoline,165155,,,3700,18,,False
2017,Ford,escape,no_mention,4,gasoline,130691,,,9600,9,,False
2018,Ford,edge,no_mention,4,gasoline,192690,,,5200,8,,False
2018,Ford,escape,no_mention,4,gasoline,73449,,,8800,8,,False
2019,Ford,f-150,no_mention,8,flex,241925,,,12500,7,,False
2017,Ford,escape,no_mention,4,gasoline,174440,,,4000,9,,False
2016,Ford,edge,no_mention,6,gasoline,223884,,,5600,10,,False
2017,Ford,escape,no_mention,4,gasoline,85215,,,12100,9,,False
2023,Ford,f-150,no_mention,6,gasoline,68309,,,45600,3,,False
2024,Ford,f-150,xlt,6,gasoline,50850,,,46100,2,,False
2018,Ford,f-150,no_mention,6,gasoline,229230,,,10500,8,,False
2019,Ford,transit,no_mention,6,flex,116973,,,16500,7,,False
2022,Ford,f-150,no_mention,6,hybrid,133411,,,46000,4,,False
2023,Ford,f-150,no_mention,6,gasoline,61759,,,45000,3,,False
2017,Ford,explorer,platinum,6,gasoline,178024,,,11500,9,,False
2019,Ford,edge,no_mention,6,gasoline,154097,,,13500,7,,False
2023,Ford,f-150,no_mention,6,gasoline,71078,,,60800,3,,False
2018,Ford,explorer,no_mention,6,gasoline,162487,,,12500,8,,False
2014,Ford,focus,no_mention,4,flex,82413,,,4200,12,,False
2016,Ford,transit,no_mention,6,gasoline,111104,,,18000,10,,False
2012,Ford,fusion,no_mention,6,flex,77603,,,4100,14,,False
2018,Ford,f-250,no_mention,8,diesel,176755,,,26400,8,,False
2022,Ford,f-150,xlt,6,gasoline,88280,,,30100,4,,False
2016,Ford,f-350,no_mention,8,flex,194784,,,6800,10,,False
2023,Ford,f-150,lariat,6,gasoline,51450,,,53100,3,,False
2017,Ford,escape,no_mention,4,gasoline,123806,,,8700,9,,False
2015,Ford,f-150,xlt,6,flex,261940,,,7700,11,,False
2024,Ford,f-150,lariat,6,hybrid,37076,,,63400,2,,False
2017,Ford,f-150,no_mention,6,flex,200361,,,12700,9,,False
2019,Ford,escape,no_mention,4,gasoline,77781,,,12900,7,,False
2012,Ford,f-250,no_mention,8,flex,288141,,,3700,14,,False
2023,Ford,f-150,no_mention,6,hybrid,46514,,,47900,3,,False
2016,Ford,f-150,no_mention,8,flex,274396,,,5000,10,,False
2019,Ford,escape,no_mention,4,gasoline,135123,,,12100,7,,False
2020,Ford,transit,no_mention,6,flex,75924,,,29700,6,,False
2018,Ford,f-150,raptor,6,gasoline,195715,,,34200,8,,False
2013,Ford,edge,no_mention,6,gasoline,189638,,,5900,13,,False
2018,Ford,f-150,no_mention,8,flex,138854,,,20500,8,,False
2022,Ford,f-150,xlt,6,gasoline,55285,,,34000,4,,False
2015,Ford,f-150,no_mention,6,gasoline,242622,,,5900,11,,False
2014,Ford,f-250,no_mention,8,flex,285140,,,8200,12,,False
2018,Ford,explorer,no_mention,6,gasoline,132831,,,15300,8,,False
2021,Ford,escape,no_mention,4,hybrid,110871,,,17400,5,,False
2022,Ford,f-350,xlt,8,diesel,76382,,,50200,4,,False
2020,Ford,f-150,no_mention,6,flex,105719,,,25500,6,,False
2022,Ford,f-250,xl,8,flex,60523,,,42100,4,,False
2017,Ford,f-150,no_mention,6,gasoline,213372,,,17600,9,,False
2023,Ford,f-150,no_mention,6,gasoline,139481,,,32000,3,,False
2019,Ford,f-350,no_mention,8,flex,62070,,,22000,7,,False
2021,Ford,bronco,no_mention,3,gasoline,119117,,,17500,5,,False
2017,Ford,escape,no_mention,4,gasoline,122463,,,9200,9,,False
2016,Ford,focus,no_mention,4,flex,140557,,,4500,10,,False
2019,Ford,f-150,lariat,6,gasoline,99214,,,32200,7,,False
2020,Ford,f-150,xlt,6,gasoline,168631,,,16300,6,,False
2017,Ford,escape,no_mention,4,gasoline,176485,,,5900,9,,False
2023,Ford,escape,no_mention,4,hybrid,66932,,,23000,3,,False
2017,Ford,f-250,no_mention,8,flex,253116,,,17300,9,,False
2023,Ford,f-150,tremor,8,flex,51395,,,64000,3,,False
2011,Ford,edge,limited,6,gasoline,133291,,,4500,15,,False
2019,Ford,explorer,no_mention,6,gasoline,133148,,,17300,7,,False
2013,Ford,explorer,limited,6,gasoline,188607,,,5900,13,,False
2020,Ford,ranger,xlt,4,gasoline,65560,,,30900,6,,False
2018,Ford,f-150,xlt,6,gasoline,103509,,,22000,8,,False
2020,Ford,edge,no_mention,4,gasoline,122667,,,14500,6,,False
2020,Ford,escape,no_mention,4,gasoline,189110,,,11000,6,,False
2011,Ford,ranger,no_mention,6,gasoline,144595,,,7500,15,,False
2017,Ford,escape,no_mention,4,gasoline,138808,,,4500,9,,False
2022,Ford,f-150,no_mention,6,hybrid,60538,,,50000,4,,False
2019,Ford,f-150,platinum,8,flex,264083,,,10500,7,,False
2022,Ford,f-350,lariat,8,flex,64854,,,55500,4,,False
2016,Ford,escape,no_mention,4,gasoline,159112,,,4100,10,,False
2015,Ford,escape,no_mention,4,gasoline,125737,,,3900,11,,False
2023,Ford,escape,no_mention,4,hybrid,46871,,,25200,3,,False
2022,Ford,explorer,no_mention,4,gasoline,50091,,,38300,4,,False
2013,Ford,f-150,fx4,6,gasoline,174910,,,11500,13,,False
2021,Ford,bronco,no_mention,4,gasoline,74264,,,33500,5,,False
2018,Ford,f-150,xlt,6,gasoline,198150,,,10800,8,,False
2017,Ford,escape,no_mention,4,gasoline,252640,,,4000,9,,False
2012,Ford,f-150,no_mention,8,flex,196221,,,5000,14,,False
2020,Ford,escape,no_mention,4,gasoline,151894,,,11200,6,,False
2021,Ford,f-150,no_mention,6,gasoline,103424,,,27700,5,,False
2022,Ford,f-150,xlt,6,gasoline,116179,,,32800,4,,False
2019,Ford,f-150,lariat,6,gasoline,138800,,,30000,7,,False
2017,Ford,f-250,no_mention,8,flex,150694,,,21500,9,,False
2021,Ford,escape,no_mention,4,hybrid,296479,,,4300,5,,False
2021,Ford,f-150,no_mention,6,gasoline,99122,,,34700,5,,False
2019,Ford,f-350,no_mention,8,diesel,226297,,,40000,7,,False
2021,Ford,f-150,no_mention,6,hybrid,112380,,,47500,5,,False
2016,Ford,escape,no_mention,4,gasoline,186082,,,6600,10,,False
2023,Ford,explorer,no_mention,4,gasoline,35912,,,40800,3,,False
2013,Ford,f-150,limited,6,gasoline,139401,,,16500,13,,False
2020,Ford,f-150,xlt,8,flex,118525,,,28500,6,,False
2019,Ford,transit,xl,4,gasoline,214513,,,5800,7,,False
2023,Ford,explorer,limited,6,hybrid,78139,,,39100,3,,False
2015,Ford,escape,no_mention,4,gasoline,142348,,,5500,11,,False
2015,Ford,escape,no_mention,4,gasoline,159641,,,3100,11,,False
2015,Ford,edge,no_mention,6,gasoline,122403,,,11300,11,,False
2019,Ford,f-150,xlt,8,flex,279965,,,9700,7,,False
2024,Ford,mustang,no_mention,8,gasoline,6762,,,67000,2,,False
2013,Ford,transit,xlt,4,gasoline,42559,,,8100,13,,False
2016,Ford,explorer,platinum,6,gasoline,159058,,,12600,10,,False
2020,Ford,escape,no_mention,3,gasoline,192247,,,6000,6,,False
2023,Ford,ranger,xlt,4,gasoline,34929,,,37500,3,,False
2015,Ford,escape,no_mention,4,gasoline,151778,,,4800,11,,False
2017,Ford,f-350,no_mention,8,diesel,276635,,,30000,9,,False
2021,Ford,ranger,no_mention,4,gasoline,107436,,,21500,5,,False
2016,Ford,explorer,limited,6,gasoline,215625,,,6800,10,,False
2024,Ford,mustang,no_mention,4,gasoline,9675,,,36000,2,,False
2015,Ford,escape,no_mention,4,gasoline,41671,,,10000,11,,False
2011,Ford,expedition,limited,8,gasoline,181555,,,3500,15,,False
2014,Ford,flex,no_mention,6,gasoline,189494,,,3800,12,,False
2010,Ford,escape,limited,6,flex,136255,,,7100,16,,False
2017,Ford,f-150,platinum,6,gasoline,188783,,,16500,9,,False
2024,Ford,mustang,no_mention,8,gasoline,13748,,,50200,2,,False
2019,Ford,edge,no_mention,4,gasoline,98301,,,12100,7,,False
2015,Ford,explorer,xlt,6,gasoline,208657,,,4000,11,,False
2017,Ford,focus,no_mention,4,flex,96262,,,5300,9,,False
2014,Ford,f-150,xlt,8,flex,165256,,,11800,12,,False
2023,Ford,f-150,lariat,6,gasoline,43010,,,53200,3,,False
2023,Ford,f-150,lariat,8,flex,66566,,,54700,3,,False
2013,Ford,escape,no_mention,4,gasoline,174679,,,3500,13,,False
2019,Ford,escape,no_mention,4,gasoline,115279,,,12500,7,,False
2019,Ford,edge,no_mention,4,gasoline,84870,,,17300,7,,False
2021,Ford,escape,no_mention,3,gasoline,104170,,,14900,5,,False
2023,Ford,f-350,xl,8,gasoline,29601,,,48500,3,,False
2018,Ford,escape,no_mention,4,gasoline,110072,,,9100,8,,False
2024,Ford,mustang,no_mention,4,gasoline,15344,,,33500,2,,False
2013,Ford,edge,limited,6,gasoline,217250,,,4200,13,,False
2017,Ford,expedition,limited,6,gasoline,154686,,,11500,9,,False
2018,Ford,edge,no_mention,6,gasoline,138149,,,13000,8,,False
2021,Ford,f-150,xlt,6,gasoline,154022,,,22100,5,,False
2018,Ford,edge,no_mention,4,gasoline,95899,,,7000,8,,False
2017,Ford,f-350,no_mention,8,diesel,214731,,,46000,9,,False
2011,Ford,edge,limited,6,gasoline,211804,,,4300,15,,False
2024,Ford,escape,no_mention,4,hybrid,56809,,,26600,2,,False
2018,Ford,edge,no_mention,6,gasoline,260498,,,3300,8,,False
2024,Ford,f-350,no_mention,8,diesel,49650,,,73000,2,,False
2016,Ford,taurus,no_mention,6,gasoline,70227,,,22500,10,,False
2017,Ford,edge,no_mention,6,gasoline,255972,,,4500,9,,False
2023,Ford,escape,no_mention,3,gasoline,83494,,,18000,3,,False
2017,Ford,escape,no_mention,4,gasoline,164378,,,4000,9,,False
2020,Ford,f-150,no_mention,6,gasoline,143529,,,24700,6,,False
2013,Ford,explorer,no_mention,6,gasoline,267588,,,3400,13,,False
2019,Ford,explorer,xlt,4,gasoline,94441,,,17000,7,,False
2019,Ford,edge,no_mention,4,gasoline,123479,,,8500,7,,False
2018,Ford,explorer,no_mention,6,gasoline,200499,,,7900,8,,False
2013,Ford,f-150,no_mention,8,flex,251727,,,4200,13,,False
2016,Ford,focus,no_mention,4,flex,84280,,,5500,10,,False
2021,Ford,bronco,no_mention,3,gasoline,236075,,,8900,5,,False
2017,Ford,explorer,platinum,6,gasoline,234097,,,9600,9,,False
2018,Ford,f-150,xlt,6,gasoline,114660,,,20500,8,,False
2022,Ford,edge,no_mention,4,gasoline,52147,,,24000,4,,False
2019,Ford,escape,no_mention,4,gasoline,117784,,,14000,7,,False
2015,Ford,explorer,limited,6,gasoline,196504,,,6000,11,,False
2018,Ford,f-150,lariat,8,flex,144332,,,29600,8,,False
2019,Ford,edge,no_mention,4,gasoline,115209,,,15000,7,,False
2018,Ford,edge,no_mention,6,gasoline,98680,,,16500,8,,False
2019,Ford,edge,no_mention,6,gasoline,185763,,,11500,7,,False
2014,Ford,escape,no_mention,4,gasoline,81648,,,7700,12,,False
2022,Ford,escape,no_mention,4,hybrid,58614,,,25000,4,,False
2015,Ford,escape,no_mention,4,gasoline,137344,,,4800,11,,False
2016,Ford,f-150,no_mention,6,gasoline,256374,,,8000,10,,False
2019,Ford,escape,no_mention,4,gasoline,132696,,,6500,7,,False
2017,Ford,escape,no_mention,4,gasoline,153747,,,7800,9,,False
2012,Ford,f-150,no_mention,6,gasoline,295163,,,4700,14,,False
2019,Ford,mustang,no_mention,4,gasoline,57610,,,24000,7,,False
2023,Ford,bronco,no_mention,3,gasoline,42649,,,27800,3,,False
2015,Ford,f-550,no_mention,8,diesel,168138,,,22300,11,,False
2023,Ford,f-150,xlt,8,flex,81390,,,34800,3,,False
2022,Ford,f-150,tremor,6,gasoline,88732,,,46400,4,,False
2015,Ford,focus,no_mention,4,flex,126066,,,3300,11,,False
2019,Ford,f-150,xlt,8,flex,93149,,,28200,7,,False
2018,Ford,mustang,no_mention,4,gasoline,118500,,,16000,8,,False
2023,Ford,f-150,no_mention,6,gasoline,45542,,,41500,3,,False
2021,Ford,e-series,no_mention,8,gasoline,288260,,,4700,5,,False
2021,Ford,expedition,platinum,6,gasoline,219571,,,17000,5,,False
2022,Ford,f-150,no_mention,8,flex,79382,,,43800,4,,False
2014,Ford,fusion,no_mention,4,gasoline,207197,,,3000,12,,False
2022,Ford,edge,no_mention,4,gasoline,15652,,,26800,4,,False
2019,Ford,edge,no_mention,4,gasoline,138255,,,12200,7,,False
2024,Ford,f-150,lariat,6,gasoline,19862,,,67000,2,,False
2013,Ford,edge,no_mention,6,gasoline,135269,,,3000,13,,False
2024,Ford,edge,no_mention,4,gasoline,52284,,,33100,2,,False
2015,Ford,f-150,no_mention,6,gasoline,246427,,,8100,11,,False
2013,Ford,escape,no_mention,4,gasoline,151580,,,4000,13,,False
2022,Ford,f-150,no_mention,6,gasoline,17822,,,50000,4,,False
2014,Ford,f-150,no_mention,6,flex,273747,,,5600,12,,False
2016,Ford,f-250,xlt,8,flex,123907,,,17000,10,,False
2022,Ford,f-150,no_mention,6,gasoline,65698,,,41000,4,,False
2017,Ford,escape,no_mention,4,gasoline,178439,,,5900,9,,False
2019,Ford,f-150,no_mention,6,flex,213605,,,10900,7,,False
2022,Ford,f-150,lariat,6,gasoline,68402,,,45100,4,,False
2018,Ford,edge,no_mention,4,gasoline,112644,,,10900,8,,False
2021,Ford,f-150,xlt,6,gasoline,103589,,,33700,5,,False
2025,Ford,explorer,no_mention,6,gasoline,12882,,,61100,1,,False
2017,Ford,escape,no_mention,4,gasoline,194221,,,3000,9,,False
2020,Ford,f-150,xlt,8,flex,144278,,,23800,6,,False
2018,Ford,ecosport,no_mention,4,gasoline,54773,,,12500,8,,False
2021,Ford,ranger,no_mention,4,gasoline,86236,,,28000,5,,False
2017,Ford,escape,no_mention,4,gasoline,91067,,,12100,9,,False
2021,Ford,f-150,no_mention,6,gasoline,153653,,,23000,5,,False
2013,Ford,escape,no_mention,4,gasoline,138733,,,4900,13,,False
2017,Ford,escape,no_mention,4,gasoline,172939,,,3000,9,,False
2021,Ford,f-350,platinum,8,diesel,176606,,,44000,5,,False
2023,Ford,f-150,tremor,8,flex,69051,,,59000,3,,False
2016,Ford,edge,no_mention,6,gasoline,137142,,,11500,10,,False
2013,Ford,escape,no_mention,4,gasoline,147401,,,3000,13,,False
2016,Ford,explorer,xlt,6,gasoline,135972,,,10400,10,,False
2024,Ford,bronco,no_mention,4,gasoline,18229,,,54800,2,,False
2024,Ford,f-150,no_mention,6,gasoline,12175,,,48000,2,,False
2023,Ford,explorer,limited,4,gasoline,83526,,,37000,3,,False
2011,Ford,f-150,no_mention,8,flex,206536,,,6500,15,,False
2017,Ford,edge,no_mention,6,gasoline,99463,,,15800,9,,False
2017,Ford,escape,no_mention,4,gasoline,207824,,,5500,9,,False
2015,Ford,edge,no_mention,6,gasoline,175050,,,6000,11,,False
2014,Ford,flex,no_mention,6,gasoline,184972,,,6300,12,,False
2024,Ford,edge,no_mention,4,gasoline,51151,,,25500,2,,False
2018,Ford,edge,no_mention,4,gasoline,174143,,,11500,8,,False
2016,Ford,edge,no_mention,4,gasoline,136713,,,9400,10,,False
2007,Ford,ranger,no_mention,6,gasoline,177294,,,6900,19,,False
2020,Ford,explorer,xlt,4,gasoline,157733,,,23300,6,,False
2015,Ford,edge,no_mention,6,gasoline,181003,,,7500,11,,False
2006,Ford,f-350,no_mention,8,gasoline,80538,,,5100,20,,False
2016,Ford,f-150,no_mention,8,flex,236152,,,15000,10,,False
2018,Ford,explorer,xlt,6,gasoline,101855,,,10500,8,,False
2024,Ford,maverick,xlt,4,hybrid,43731,,,31200,2,,False
2018,Ford,escape,no_mention,4,gasoline,133841,,,11000,8,,False
2022,Ford,mustang,no_mention,0,electric,60936,,,23000,4,,False
2010,Ford,ranger,no_mention,6,gasoline,126934,,,6100,16,,False
2017,Ford,explorer,no_mention,6,gasoline,200605,,,9700,9,,False
2017,Ford,expedition,xlt,6,gasoline,217793,,,10400,9,,False
2013,Ford,explorer,limited,6,gasoline,267389,,,4000,13,,False
2012,Ford,edge,no_mention,6,gasoline,160424,,,4500,14,,False
2021,Ford,f-150,xlt,6,gasoline,57847,,,42000,5,,False
2025,Ford,explorer,platinum,4,gasoline,15082,,,56500,1,,False
2017,Ford,f-150,xlt,6,flex,128505,,,18100,9,,False
2021,Ford,f-150,xlt,6,gasoline,106241,,,29000,5,,False
2017,Ford,mustang,no_mention,4,gasoline,166691,,,7000,9,,False
2021,Ford,ranger,lariat,4,gasoline,51767,,,35500,5,,False
2022,Ford,f-150,lariat,6,gasoline,54427,,,46500,4,,False
2022,Ford,f-250,no_mention,8,flex,40096,,,47500,4,,False
2018,Ford,f-150,xlt,8,flex,168028,,,19100,8,,False
2023,Ford,f-150,xlt,6,gasoline,133480,,,30000,3,,False
2017,Ford,explorer,xlt,6,gasoline,124816,,,14100,9,,False
2017,Ford,explorer,limited,6,gasoline,289195,,,5000,9,,False
2021,Ford,f-150,no_mention,6,gasoline,173587,,,21200,5,,False
2016,Ford,fusion,no_mention,4,gasoline,183709,,,4600,10,,False
2024,Ford,escape,platinum,4,gasoline,23433,,,28500,2,,False
2022,Ford,bronco,no_mention,3,gasoline,30776,,,24000,4,,False
2023,Ford,bronco,no_mention,6,gasoline,8408,,,53600,3,,False
2014,Ford,mustang,no_mention,6,gasoline,74156,,,14000,12,,False
2018,Ford,explorer,xlt,6,gasoline,126441,,,16800,8,,False
2014,Ford,escape,no_mention,4,gasoline,197633,,,3700,12,,False
2016,Ford,f-150,lariat,6,gasoline,92407,,,22300,10,,False
2010,Ford,f-150,no_mention,8,flex,191736,,,6000,16,,False
2012,Ford,f-150,no_mention,6,gasoline,265503,,,3900,14,,False
2022,Ford,f-150,no_mention,6,gasoline,42688,,,32600,4,,False
2013,Ford,escape,no_mention,4,gasoline,105677,,,3400,13,,False
2014,Ford,escape,no_mention,4,gasoline,148167,,,5100,12,,False
2020,Ford,ranger,no_mention,4,gasoline,84628,,,29300,6,,False
2022,Ford,f-150,no_mention,6,gasoline,47592,,,43600,4,,False
2021,Ford,f-150,no_mention,6,gasoline,178001,,,14300,5,,False
2010,Ford,f-150,no_mention,8,gasoline,225623,,,3600,16,,False
2015,Ford,fusion,no_mention,4,gasoline,134106,,,5700,11,,False
2014,Ford,escape,no_mention,4,gasoline,91124,,,5300,12,,False
2023,Ford,f-550,xl,8,diesel,49224,,,78000,3,,False
2020,Ford,edge,no_mention,4,gasoline,105863,,,17000,6,,False
2024,Ford,f-150,xlt,8,gasoline,53607,,,53900,2,,False
2022,Ford,f-150,no_mention,6,gasoline,50444,,,28800,4,,False
2016,Ford,escape,no_mention,4,gasoline,114993,,,8800,10,,False
2022,Ford,bronco,no_mention,6,gasoline,43940,,,52800,4,,False
2018,Ford,transit,no_mention,6,flex,163590,,,10500,8,,False
2023,Ford,f-150,xlt,6,gasoline,50563,,,43800,3,,False
2018,Ford,f-150,lariat,6,gasoline,27875,,,36500,8,,False
2024,Ford,f-350,platinum,8,diesel,56414,,,86000,2,,False
2019,Ford,escape,no_mention,4,gasoline,209769,,,5100,7,,False
2019,Ford,ecosport,no_mention,4,gasoline,173414,,,4700,7,,False
2019,Ford,f-150,xlt,8,flex,105970,,,29500,7,,False
2020,Ford,ranger,lariat,4,gasoline,213218,,,13200,6,,False
2020,Ford,f-150,xlt,8,flex,221485,,,12300,6,,False
2021,Ford,f-150,limited,6,hybrid,145998,,,39500,5,,False
2025,Ford,f-450,king ranch,8,diesel,16661,,,90300,1,,False
2020,Ford,f-250,platinum,8,gasoline,291630,,,25500,6,,False
2018,Ford,edge,no_mention,4,gasoline,122056,,,12700,8,,False
2017,Ford,explorer,platinum,6,gasoline,134909,,,11700,9,,False
2016,Ford,escape,no_mention,4,gasoline,182663,,,4600,10,,False
2019,Ford,explorer,limited,6,gasoline,69465,,,27100,7,,False
2023,Ford,escape,platinum,4,gasoline,89771,,,24600,3,,False
2017,Ford,edge,no_mention,4,gasoline,194562,,,4400,9,,False
2023,Ford,edge,no_mention,6,gasoline,27388,,,36000,3,,False
2016,Ford,c-max,no_mention,4,hybrid,81000,,,7300,10,,False
2017,Ford,f-350,lariat,8,diesel,157278,,,45000,9,,False
2021,Ford,f-150,no_mention,8,flex,128250,,,30000,5,,False
2023,Ford,f-350,xlt,8,gasoline,39527,,,48500,3,,False
2022,Ford,f-350,lariat,8,diesel,78371,,,70500,4,,False
2017,Ford,f-250,lariat,8,diesel,65500,,,56300,9,,False
2023,Ford,f-150,no_mention,6,gasoline,57997,,,61600,3,,False
2019,Ford,f-150,lariat,6,gasoline,156361,,,23000,7,,False
2018,Ford,f-150,no_mention,6,gasoline,173398,,,15600,8,,False
2024,Ford,explorer,limited,4,gasoline,10708,,,44500,2,,False
2014,Ford,escape,no_mention,4,gasoline,158147,,,5200,12,,False
2012,Ford,f-150,no_mention,6,gasoline,245920,,,5100,14,,False
2024,Ford,mustang,no_mention,8,gasoline,10180,,,53000,2,,False
2022,Ford,f-150,no_mention,6,gasoline,64681,,,44800,4,,False
2023,Ford,ranger,no_mention,4,gasoline,54770,,,38500,3,,False
2008,Ford,escape,xlt,6,gasoline,91364,,,6200,18,,False
2010,Ford,expedition,limited,8,gasoline,173595,,,5000,16,,False
2023,Ford,f-150,no_mention,6,gasoline,36305,,,60200,3,,False
2018,Ford,f-150,no_mention,6,gasoline,130300,,,22800,8,,False
2018,Ford,escape,no_mention,4,gasoline,203987,,,6000,8,,False
2020,Ford,f-150,no_mention,8,flex,289139,,,6800,6,,False
2023,Ford,f-150,tremor,6,gasoline,98239,,,53000,3,,False
2014,Ford,fusion,no_mention,4,gasoline,186092,,,3700,12,,False
2021,Ford,f-150,lariat,6,hybrid,140631,,,35800,5,,False
2020,Ford,f-150,xlt,6,gasoline,93961,,,24000,6,,False
2022,Ford,f-150,xlt,6,gasoline,57664,,,46300,4,,False
2021,Ford,transit,no_mention,6,flex,257813,,,8700,5,,False
2023,Ford,escape,no_mention,4,hybrid,44223,,,26600,3,,False
2024,Ford,ranger,xlt,4,gasoline,13570,,,43300,2,,False
2022,Ford,f-150,no_mention,6,gasoline,83957,,,41000,4,,False
2016,Ford,escape,no_mention,4,gasoline,137794,,,5600,10,,False
2018,Ford,focus,no_mention,4,flex,117862,,,6700,8,,False
2018,Ford,f-150,xlt,6,gasoline,139890,,,25900,8,,False
2017,Ford,explorer,no_mention,6,gasoline,61855,,,18000,9,,False
2023,Ford,f-150,no_mention,6,gasoline,45207,,,41000,3,,False
2022,Ford,f-150,no_mention,6,hybrid,165034,,,16300,4,,False
2012,Ford,f-150,no_mention,8,flex,257815,,,7100,14,,False
2024,Ford,f-150,tremor,6,gasoline,41842,,,66000,2,,False
2020,Ford,escape,no_mention,3,gasoline,118255,,,15100,6,,False
2017,Ford,fusion,no_mention,4,gasoline,137737,,,9700,9,,False
2017,Ford,escape,no_mention,4,gasoline,149980,,,6500,9,,False
2014,Ford,f-150,xlt,8,flex,77746,,,15400,12,,False
2024,Ford,f-150,xlt,6,gasoline,49435,,,51800,2,,False
2022,Ford,maverick,xlt,4,gasoline,30493,,,28200,4,,False
2017,Ford,edge,no_mention,6,gasoline,144658,,,8500,9,,False
2024,Ford,edge,no_mention,4,gasoline,60392,,,33000,2,,False
2016,Ford,edge,no_mention,4,gasoline,163230,,,6800,10,,False
2011,Ford,econoline,no_mention,8,flex,240994,,,3800,15,,False
2019,Ford,explorer,no_mention,6,gasoline,82948,,,23700,7,,False
2020,Ford,transit,no_mention,6,flex,200124,,,10500,6,,False
2018,Ford,transit,no_mention,6,flex,208358,,,10500,8,,False
2018,Ford,transit,no_mention,6,flex,176333,,,11000,8,,False
2020,Ford,f-150,xlt,6,gasoline,227746,,,15000,6,,False
2023,Ford,f-150,lariat,6,gasoline,156786,,,40200,3,,False
2024,Ford,bronco,no_mention,3,gasoline,15300,,,28900,2,,False
2018,Ford,escape,no_mention,4,gasoline,133142,,,9800,8,,False
2018,Ford,mustang,no_mention,4,gasoline,49875,,,18000,8,,False
2017,Ford,escape,no_mention,4,gasoline,53385,,,9500,9,,False
2021,Ford,f-150,lariat,6,hybrid,111264,,,38000,5,,False
2023,Ford,f-150,no_mention,6,flex,64330,,,25400,3,,False
2023,Ford,edge,no_mention,4,gasoline,94739,,,23000,3,,False
2020,Ford,f-150,no_mention,8,flex,139880,,,21700,6,,False
2013,Ford,f-350,no_mention,8,diesel,228884,,,22600,13,,False
2017,Ford,explorer,limited,6,gasoline,132736,,,14800,9,,False
2018,Ford,f-150,xlt,8,flex,206006,,,10500,8,,False
2020,Ford,mustang,no_mention,4,gasoline,128802,,,17000,6,,False
2018,Ford,f-150,xlt,8,flex,222562,,,9600,8,,False
2012,Ford,f-150,no_mention,6,gasoline,257145,,,5200,14,,False
2017,Ford,edge,no_mention,4,gasoline,180500,,,8000,9,,False
2015,Ford,transit,no_mention,5,diesel,253928,,,4600,11,,False
2018,Ford,explorer,xlt,6,gasoline,158151,,,14000,8,,False
2022,Ford,f-250,no_mention,8,diesel,95076,,,60000,4,,False
2020,Ford,escape,no_mention,3,gasoline,138073,,,12200,6,,False
2022,Ford,ecosport,no_mention,4,gasoline,53126,,,18000,4,,False
2021,Ford,escape,no_mention,4,hybrid,104031,,,20300,5,,False
2018,Ford,f-150,xlt,6,gasoline,295741,,,8500,8,,False
2017,Ford,escape,no_mention,4,gasoline,122299,,,6300,9,,False
2020,Ford,transit,xlt,4,flex,182884,,,7000,6,,False
2017,Ford,escape,no_mention,4,gasoline,121125,,,9300,9,,False
2021,Ford,escape,no_mention,3,gasoline,98150,,,19000,5,,False
2018,Ford,escape,no_mention,4,gasoline,97988,,,12600,8,,False
2019,Ford,flex,limited,6,gasoline,98973,,,17200,7,,False
2018,Ford,ecosport,no_mention,4,gasoline,59178,,,12300,8,,False
2021,Ford,f-150,no_mention,6,gasoline,36912,,,43000,5,,False
2022,Ford,f-350,no_mention,8,diesel,179159,,,38000,4,,False
2013,Ford,mustang,no_mention,8,gasoline,15409,,,70000,13,,False
2016,Ford,f-150,no_mention,6,gasoline,294241,,,5000,10,,False
2017,Ford,explorer,platinum,6,gasoline,125134,,,18200,9,,False
2017,Ford,escape,no_mention,4,gasoline,85070,,,8400,9,,False
2022,Ford,f-150,no_mention,6,hybrid,77439,,,50000,4,,False
2018,Ford,f-150,no_mention,8,flex,207485,,,21600,8,,False
2019,Ford,escape,no_mention,4,gasoline,66517,,,13000,7,,False
2014,Ford,f-150,no_mention,8,flex,238890,,,10300,12,,False
2017,Ford,escape,no_mention,4,gasoline,100185,,,9500,9,,False
2016,Ford,f-150,xlt,6,gasoline,121467,,,17700,10,,False
2022,Ford,f-150,xlt,6,gasoline,100510,,,33000,4,,False
2010,Ford,escape,xlt,6,flex,200862,,,3300,16,,False
2017,Ford,focus,no_mention,4,flex,125498,,,7000,9,,False
2019,Ford,f-150,king ranch,8,flex,64324,,,36500,7,,False
2019,Ford,f-150,no_mention,8,flex,208149,,,19400,7,,False
2021,Ford,f-150,lariat,6,gasoline,74422,,,40000,5,,False
2022,Ford,edge,no_mention,4,gasoline,165852,,,12600,4,,False
2017,Ford,escape,no_mention,4,gasoline,247832,,,3700,9,,False
2015,Ford,f-150,xlt,6,gasoline,97733,,,14000,11,,False
2018,Ford,f-150,lariat,6,gasoline,177521,,,22000,8,,False
2023,Ford,bronco,no_mention,3,gasoline,16800,,,31100,3,,False
2017,Ford,mustang,no_mention,8,gasoline,105098,,,25900,9,,False
2022,Ford,edge,no_mention,4,gasoline,80166,,,25000,4,,False
2017,Ford,f-150,no_mention,6,gasoline,232866,,,11100,9,,False
2021,Ford,f-150,no_mention,8,flex,71048,,,53100,5,,False
2021,Ford,f-150,no_mention,6,gasoline,175953,,,24500,5,,False
2011,Ford,f-150,no_mention,6,gasoline,144673,,,9500,15,,False
2016,Ford,flex,no_mention,6,gasoline,237211,,,4800,10,,False
2010,Ford,fusion,no_mention,4,gasoline,84690,,,4700,16,,False
2018,Ford,edge,no_mention,4,gasoline,137231,,,7700,8,,False
2023,Ford,f-150,no_mention,6,gasoline,75942,,,59400,3,,False
2018,Ford,edge,no_mention,4,gasoline,103873,,,8800,8,,False
2019,Ford,explorer,xlt,4,gasoline,108896,,,20500,7,,False
2017,Ford,escape,no_mention,4,gasoline,134747,,,8600,9,,False
2021,Ford,bronco,no_mention,3,gasoline,67649,,,19800,5,,False
2017,Ford,f-150,xlt,8,flex,105218,,,24000,9,,False
2017,Ford,f-150,no_mention,8,flex,225220,,,10000,9,,False
2021,Ford,bronco,no_mention,3,gasoline,95285,,,17000,5,,False
2018,Ford,escape,no_mention,4,gasoline,159524,,,6000,8,,False
2021,Ford,f-150,lariat,6,hybrid,111458,,,34600,5,,False
2021,Ford,explorer,limited,4,gasoline,128126,,,26700,5,,False
2018,Ford,explorer,xlt,6,gasoline,100555,,,19400,8,,False
2024,Ford,ranger,xl,4,gasoline,12890,,,38300,2,,False
2018,Ford,ecosport,no_mention,3,gasoline,81051,,,9000,8,,False
2016,Ford,fusion,no_mention,4,gasoline,126862,,,5900,10,,False
2021,Ford,bronco,no_mention,4,gasoline,176249,,,15000,5,,False
2023,Ford,f-150,xlt,6,gasoline,117177,,,37500,3,,False
2021,Ford,f-350,xlt,8,diesel,154497,,,37000,5,,False
2022,Ford,f-150,xlt,8,flex,169882,,,27500,4,,False
2022,Ford,maverick,xl,4,hybrid,59900,,,25000,4,,False
2021,Ford,f-150,no_mention,6,gasoline,73341,,,40100,5,,False
2023,Ford,f-150,tremor,6,gasoline,21552,,,62200,3,,False
2018,Ford,escape,no_mention,4,gasoline,120656,,,9000,8,,False
2016,Ford,f-150,no_mention,8,flex,182844,,,8000,10,,False
2023,Ford,bronco,no_mention,6,gasoline,20850,,,53500,3,,False
2020,Ford,f-150,xlt,8,flex,117676,,,26100,6,,False
2024,Ford,escape,platinum,4,gasoline,36699,,,32500,2,,False
2025,Ford,explorer,no_mention,6,gasoline,11275,,,62000,1,,False
2018,Ford,fusion,no_mention,4,hybrid,122370,,,11300,8,,False
2015,Ford,f-150,xlt,8,flex,219342,,,12000,11,,False
2011,Ford,f-450,lariat,8,diesel,227107,,,23400,15,,False
2015,Ford,escape,no_mention,4,gasoline,118392,,,7200,11,,False
2022,Ford,bronco,no_mention,4,gasoline,43727,,,37900,4,,False
2021,Ford,f-150,no_mention,6,gasoline,113535,,,39000,5,,False
2020,Ford,explorer,xlt,4,gasoline,219919,,,13100,6,,False
2021,Ford,f-150,no_mention,6,gasoline,159966,,,28600,5,,False
2023,Ford,edge,no_mention,4,gasoline,41121,,,31900,3,,False
2016,Ford,fusion,no_mention,4,hybrid,125037,,,7500,10,,False
2012,Ford,f-150,xlt,6,gasoline,207617,,,7000,14,,False
2012,Ford,f-150,lariat,6,gasoline,213823,,,9500,14,,False
2011,Ford,f-150,no_mention,8,flex,91181,,,5700,15,,False
2011,Ford,ranger,no_mention,6,gasoline,77942,,,7500,15,,False
2017,Ford,f-150,no_mention,8,flex,152620,,,20700,9,,False
2022,Ford,bronco,no_mention,3,gasoline,133704,,,18200,4,,False
2016,Ford,mustang,no_mention,8,gasoline,151671,,,19500,10,,False
2013,Ford,escape,no_mention,4,gasoline,70162,,,5700,13,,False
2022,Ford,f-150,raptor,6,gasoline,50900,,,83600,4,,False
2017,Ford,focus,no_mention,4,flex,84829,,,7100,9,,False
2024,Ford,f-150,no_mention,6,gasoline,58303,,,45000,2,,False
2022,Ford,escape,no_mention,4,hybrid,120865,,,21000,4,,False
2020,Ford,f-150,xlt,8,flex,165099,,,18500,6,,False
2015,Ford,escape,no_mention,4,gasoline,190172,,,3300,11,,False
2020,Ford,ecosport,no_mention,4,gasoline,37872,,,15000,6,,False
2018,Ford,escape,no_mention,4,gasoline,144500,,,5200,8,,False
2004,Ford,mustang,no_mention,8,gasoline,101911,,,8300,22,,False
2018,Ford,fusion,no_mention,4,hybrid,227387,,,6000,8,,False
2020,Ford,f-150,no_mention,6,gasoline,190768,,,21000,6,,False
2024,Ford,f-150,xlt,6,gasoline,46459,,,53100,2,,False
2023,Ford,f-150,no_mention,6,gasoline,25801,,,52500,3,,False
2017,Ford,escape,no_mention,4,gasoline,200947,,,4300,9,,False
2018,Ford,f-150,no_mention,8,flex,291667,,,13000,8,,False
2022,Ford,f-150,xlt,6,gasoline,55168,,,45500,4,,False
2024,Ford,f-150,no_mention,6,gasoline,53356,,,42200,2,,False
2014,Ford,edge,no_mention,6,gasoline,142200,,,4500,12,,False
2016,Ford,fiesta,no_mention,4,gasoline,53729,,,5800,10,,False
2016,Ford,explorer,no_mention,6,gasoline,137921,,,12600,10,,False
2017,Ford,focus,no_mention,4,flex,99485,,,5200,9,,False
2022,Ford,bronco,no_mention,4,gasoline,107869,,,20800,4,,False
2019,Ford,f-150,no_mention,6,gasoline,154819,,,20600,7,,False
2022,Ford,f-150,lariat,6,gasoline,106598,,,33500,4,,False
2016,Ford,f-150,lariat,8,flex,126286,,,26000,10,,False
2020,Ford,f-150,xlt,6,gasoline,238447,,,16200,6,,False
2013,Ford,edge,limited,6,gasoline,114845,,,8300,13,,False
2018,Ford,escape,no_mention,4,gasoline,90521,,,10100,8,,False
2014,Ford,mustang,no_mention,8,gasoline,37903,,,27100,12,,False
2015,Ford,f-150,xlt,6,gasoline,228712,,,9100,11,,False
2024,Ford,f-150,lariat,6,gasoline,37000,,,67000,2,,False
2025,Ford,f-250,no_mention,8,diesel,23806,,,106300,1,,False
2021,Ford,edge,no_mention,4,gasoline,182359,,,12700,5,,False
2018,Ford,f-150,xlt,6,gasoline,213719,,,16100,8,,False
2014,Ford,fusion,no_mention,4,gasoline,153840,,,6300,12,,False
2022,Ford,f-150,platinum,6,gasoline,59325,,,54200,4,,False
2015,Ford,escape,no_mention,4,gasoline,89285,,,6500,11,,False
2013,Ford,fusion,no_mention,4,gasoline,122677,,,3500,13,,False
2020,Ford,f-150,no_mention,8,flex,81369,,,34900,6,,False
2021,Ford,bronco,no_mention,3,gasoline,58250,,,21800,5,,False
2016,Ford,edge,no_mention,6,gasoline,199258,,,5300,10,,False
2018,Ford,f-150,no_mention,8,flex,223929,,,12800,8,,False
2023,Ford,f-150,limited,6,hybrid,36988,,,68500,3,,False
2020,Ford,ecosport,no_mention,4,gasoline,124057,,,13200,6,,False
2025,Ford,f-350,lariat,8,diesel,12558,,,96100,1,,False
2013,Ford,escape,no_mention,4,gasoline,177226,,,3600,13,,False
2017,Ford,f-350,no_mention,8,diesel,104679,,,50000,9,,False
2023,Ford,edge,no_mention,4,gasoline,93118,,,23000,3,,False
2022,Ford,expedition,xlt,6,gasoline,35254,,,52000,4,,False
2017,Ford,escape,no_mention,4,gasoline,180897,,,5500,9,,False
2020,Ford,edge,no_mention,4,gasoline,194607,,,10500,6,,False
2017,Ford,f-150,no_mention,6,gasoline,155168,,,24500,9,,False
2011,Ford,ranger,no_mention,6,gasoline,129533,,,6700,15,,False
2015,Ford,f-150,lariat,6,gasoline,165871,,,16000,11,,False
2017,Ford,f-150,xlt,6,gasoline,242533,,,10000,9,,False
2018,Ford,f-150,xlt,6,gasoline,168121,,,18400,8,,False
2019,Ford,f-150,no_mention,6,gasoline,200078,,,10000,7,,False
2015,Ford,f-150,xlt,6,flex,289397,,,5900,11,,False
2022,Ford,f-150,lariat,6,hybrid,68368,,,44000,4,,False
2019,Ford,f-150,xlt,8,flex,196096,,,10600,7,,False
2020,Ford,mustang,no_mention,4,gasoline,116658,,,19500,6,,False
2015,Ford,focus,no_mention,0,electric,142499,,,3000,11,,False
2015,Ford,focus,no_mention,4,flex,130287,,,4900,11,,False
2014,Ford,escape,no_mention,4,gasoline,176645,,,4700,12,,False
2019,Ford,f-150,platinum,6,diesel,171088,,,27200,7,,False
2022,Ford,f-150,no_mention,6,gasoline,53314,,,52900,4,,False
2018,Ford,f-150,no_mention,8,flex,90603,,,23000,8,,False
2022,Ford,f-150,xlt,6,gasoline,63120,,,36000,4,,False
2018,Ford,escape,no_mention,4,gasoline,150650,,,5800,8,,False
2013,Ford,escape,no_mention,4,gasoline,168619,,,5400,13,,False
2017,Ford,fusion,no_mention,4,gasoline,164000,,,7000,9,,False
2023,Ford,f-150,tremor,6,gasoline,89242,,,57100,3,,False
2017,Ford,escape,no_mention,4,gasoline,184078,,,4200,9,,False
2016,Ford,escape,no_mention,4,gasoline,196050,,,3300,10,,False
2019,Ford,f-150,lariat,8,flex,196739,,,20000,7,,False
2018,Ford,edge,no_mention,4,gasoline,103485,,,7600,8,,False
2022,Ford,f-150,no_mention,6,gasoline,68989,,,43500,4,,False
2021,Ford,f-150,no_mention,6,gasoline,141368,,,31000,5,,False
2017,Ford,escape,no_mention,4,gasoline,99896,,,7000,9,,False
2014,Ford,focus,no_mention,4,flex,121938,,,5000,12,,False
2022,Ford,escape,no_mention,4,hybrid,76390,,,25000,4,,False
2019,Ford,f-150,xlt,6,gasoline,85900,,,30800,7,,False
2021,Ford,bronco,no_mention,3,gasoline,32627,,,23400,5,,False
2021,Ford,f-250,no_mention,8,diesel,67749,,,70000,5,,False
2019,Ford,transit,no_mention,6,flex,121806,,,10000,7,,False
2024,Ford,f-250,lariat,8,diesel,47602,,,82000,2,,False
2013,Ford,f-150,no_mention,6,gasoline,115455,,,15900,13,,False
2019,Ford,escape,no_mention,4,gasoline,290318,,,3300,7,,False
2018,Ford,focus,no_mention,4,flex,136544,,,4100,8,,False
2022,Ford,f-150,lariat,6,gasoline,105029,,,40500,4,,False
2021,Ford,f-150,no_mention,6,gasoline,84159,,,36200,5,,False
2020,Ford,ranger,no_mention,4,gasoline,121662,,,26500,6,,False
2015,Ford,edge,no_mention,6,gasoline,137021,,,11000,11,,False
2022,Ford,f-150,no_mention,6,gasoline,93658,,,32500,4,,False
2018,Ford,f-150,xlt,8,flex,118570,,,24000,8,,False
2021,Ford,explorer,no_mention,6,gasoline,121204,,,32800,5,,False
2020,Ford,f-250,xlt,8,gasoline,160120,,,30800,6,,False
2020,Ford,fusion,no_mention,4,hybrid,135780,,,13000,6,,False
2023,Ford,f-150,xlt,6,gasoline,64389,,,40800,3,,False
2022,Ford,bronco,no_mention,4,gasoline,49370,,,27600,4,,False
2018,Ford,f-150,xlt,6,flex,220710,,,10400,8,,False
2021,Ford,f-150,xlt,6,gasoline,57981,,,35600,5,,False
2020,Ford,escape,no_mention,3,gasoline,123544,,,15800,6,,False
2023,Ford,escape,platinum,4,gasoline,74918,,,25000,3,,False
2011,Ford,ranger,no_mention,6,gasoline,110415,,,6500,15,,False
2023,Ford,f-150,xlt,6,gasoline,71369,,,44500,3,,False
2016,Ford,fusion,no_mention,4,gasoline,158302,,,6000,10,,False
2020,Ford,f-150,no_mention,6,gasoline,179296,,,19200,6,,False
2022,Ford,f-150,lariat,6,gasoline,97371,,,43700,4,,False
2024,Ford,f-150,no_mention,6,gasoline,17100,,,47600,2,,False
2022,Ford,escape,no_mention,3,gasoline,98055,,,17600,4,,False
2020,Ford,mustang,no_mention,8,gasoline,95000,,,29000,6,,False
2021,Ford,f-150,lariat,8,flex,55941,,,48300,5,,False
2021,Ford,escape,no_mention,4,hybrid,70320,,,21000,5,,False
2014,Ford,focus,no_mention,4,flex,130207,,,3100,12,,False
2003,Ford,ranger,xlt,6,gasoline,61782,,,10300,23,,False
2023,Ford,f-150,no_mention,0,electric,34548,,,66100,3,,False
2019,Ford,edge,no_mention,4,gasoline,172487,,,8500,7,,False
2022,Ford,f-150,lariat,6,gasoline,68169,,,44700,4,,False
2017,Ford,focus,no_mention,4,flex,65854,,,9300,9,,False
2014,Ford,fusion,no_mention,4,hybrid,144616,,,5500,12,,False
2020,Ford,explorer,xlt,4,gasoline,100361,,,24300,6,,False
2018,Ford,flex,limited,6,gasoline,190842,,,5000,8,,False
2017,Ford,escape,no_mention,4,gasoline,91197,,,9000,9,,False
2016,Ford,fusion,no_mention,4,gasoline,209439,,,4800,10,,False
2013,Ford,f-150,no_mention,6,gasoline,223567,,,10700,13,,False
2018,Ford,f-150,xlt,6,gasoline,200959,,,13000,8,,False
2024,Ford,maverick,lariat,4,gasoline,24674,,,39300,2,,False
2024,Ford,f-150,xlt,6,gasoline,12655,,,55000,2,,False
2022,Ford,escape,no_mention,4,hybrid,67683,,,19500,4,,False
2016,Ford,fusion,no_mention,4,gasoline,114556,,,7200,10,,False
2020,Ford,f-150,no_mention,8,flex,235943,,,14000,6,,False
2024,Ford,edge,no_mention,4,gasoline,28829,,,29600,2,,False
2018,Ford,f-150,xlt,8,flex,60345,,,29800,8,,False
2018,Ford,transit,xlt,4,flex,215701,,,8300,8,,False
2021,Ford,bronco,no_mention,3,gasoline,97589,,,22300,5,,False
2021,Ford,ranger,xlt,4,gasoline,17140,,,34200,5,,False
2020,Ford,escape,no_mention,3,gasoline,61464,,,18100,6,,False
2025,Ford,f-450,no_mention,8,diesel,10501,,,125000,1,,False
2023,Ford,f-150,no_mention,6,gasoline,90468,,,57600,3,,False
2018,Ford,f-250,lariat,8,flex,147875,,,38700,8,,False
2022,Ford,f-150,xlt,6,gasoline,106452,,,33500,4,,False
2022,Ford,f-150,no_mention,8,flex,23991,,,46000,4,,False
2022,Ford,explorer,no_mention,4,gasoline,25391,,,41000,4,,False
2021,Ford,escape,no_mention,3,gasoline,176747,,,8200,5,,False
2025,Ford,maverick,lariat,4,hybrid,9210,,,42000,1,,False
2018,Ford,f-150,raptor,6,gasoline,139863,,,41000,8,,False
2017,Ford,transit,xl,4,gasoline,152168,,,6000,9,,False
2016,Ford,f-150,no_mention,6,gasoline,196750,,,15300,10,,False
2014,Ford,edge,no_mention,6,gasoline,193602,,,3300,12,,False
2014,Ford,edge,no_mention,6,gasoline,203350,,,4100,12,,False
2018,Ford,escape,no_mention,4,gasoline,166298,,,8500,8,,False
2023,Ford,f-150,xlt,6,gasoline,44201,,,46800,3,,False
2018,Ford,escape,no_mention,4,gasoline,220000,,,6600,8,,False
2016,Ford,mustang,no_mention,4,gasoline,73356,,,20000,10,,False
2018,Ford,f-150,no_mention,6,gasoline,190288,,,16000,8,,False
2021,Ford,f-150,king ranch,6,gasoline,94773,,,33200,5,,False
2014,Ford,edge,no_mention,6,gasoline,160382,,,3300,12,,False
2013,Ford,escape,no_mention,4,gasoline,148736,,,3200,13,,False
2020,Ford,mustang,no_mention,4,gasoline,23977,,,26200,6,,False
2023,Ford,transit,xlt,4,gasoline,57477,,,35100,3,,False
2017,Ford,mustang,no_mention,8,gasoline,105000,,,24000,9,,False
2018,Ford,escape,no_mention,4,gasoline,184079,,,7200,8,,False
2021,Ford,f-150,no_mention,6,gasoline,147461,,,17100,5,,False
2016,Ford,edge,no_mention,6,gasoline,216262,,,6500,10,,False
2024,Ford,f-150,lariat,6,gasoline,19250,,,68000,2,,False
2020,Ford,escape,no_mention,4,hybrid,147681,,,14700,6,,False
2023,Ford,f-150,no_mention,6,gasoline,77186,,,55500,3,,False
2018,Ford,f-150,lariat,6,gasoline,94330,,,31900,8,,False
2016,Ford,f-150,xlt,6,gasoline,82683,,,16500,10,,False
2023,Ford,bronco,no_mention,3,gasoline,81911,,,24000,3,,False
2015,Ford,escape,no_mention,4,gasoline,145523,,,3600,11,,False
2023,Ford,f-150,raptor,6,gasoline,38303,,,86100,3,,False
2021,Ford,f-150,xlt,6,gasoline,87645,,,37000,5,,False
2020,Ford,f-250,xlt,8,flex,180659,,,10500,6,,False
2018,Ford,f-150,xlt,8,flex,118970,,,5500,8,,False
2021,Ford,f-150,lariat,6,gasoline,93915,,,36000,5,,False
2024,Ford,explorer,no_mention,6,gasoline,30580,,,56100,2,,False
2021,Ford,bronco,no_mention,3,gasoline,85425,,,19500,5,,False
2021,Ford,f-150,no_mention,8,flex,107694,,,34700,5,,False
2022,Ford,f-150,lariat,6,gasoline,68704,,,48200,4,,False
2014,Ford,fusion,no_mention,4,gasoline,146436,,,4900,12,,False
2016,Ford,escape,no_mention,4,gasoline,142662,,,4000,10,,False
2014,Ford,f-150,no_mention,6,gasoline,119310,,,10000,12,,False
2025,Ford,f-150,xlt,6,gasoline,12500,,,52000,1,,False
2019,Ford,f-150,xlt,6,gasoline,176215,,,17500,7,,False
2018,Ford,escape,no_mention,4,gasoline,122541,,,9400,8,,False
2021,Ford,f-150,lariat,6,gasoline,145248,,,35500,5,,False
2007,Ford,mustang,no_mention,6,gasoline,116060,,,8800,19,,False
2022,Ford,f-350,no_mention,8,diesel,142343,,,58700,4,,False
2017,Ford,escape,no_mention,4,gasoline,235239,,,4000,9,,False
2015,Ford,explorer,no_mention,6,gasoline,161767,,,8200,11,,False
2022,Ford,bronco,no_mention,3,gasoline,101707,,,22500,4,,False
2023,Ford,f-150,lariat,6,gasoline,94885,,,46100,3,,False
2016,Ford,f-150,no_mention,6,gasoline,260620,,,9400,10,,False
2023,Ford,f-150,lariat,8,flex,52681,,,53500,3,,False
2022,Ford,f-250,no_mention,8,flex,30865,,,47800,4,,False
2024,Ford,f-150,no_mention,6,gasoline,25296,,,47400,2,,False
2025,Ford,f-150,tremor,6,gasoline,15000,,,70500,1,,False
2013,Ford,fusion,no_mention,4,gasoline,98435,,,5400,13,,False
2024,Ford,f-150,tremor,6,gasoline,68998,,,63900,2,,False
2019,Ford,ranger,xlt,4,gasoline,295695,,,8300,7,,False
2015,Ford,escape,no_mention,4,gasoline,154513,,,5700,11,,False
2023,Ford,f-150,no_mention,6,hybrid,34000,,,59600,3,,False
2010,Ford,f-150,no_mention,8,flex,205517,,,5400,16,,False
2024,Ford,f-150,lariat,6,hybrid,12064,,,68800,2,,False
2018,Ford,explorer,platinum,6,gasoline,145802,,,12000,8,,False
2023,Ford,f-150,no_mention,6,hybrid,68708,,,53700,3,,False
2024,Ford,f-150,xlt,6,gasoline,30425,,,54600,2,,False
2023,Ford,f-150,lariat,6,gasoline,42602,,,48500,3,,False
2024,Ford,f-150,tremor,6,gasoline,31567,,,64700,2,,False
2024,Ford,f-150,xlt,6,gasoline,50432,,,51500,2,,False
2017,Ford,escape,no_mention,4,gasoline,123426,,,7600,9,,False
2024,Ford,f-150,lariat,6,hybrid,50726,,,63000,2,,False
2017,Ford,focus,no_mention,4,gasoline,59600,,,34200,9,,False
2022,Ford,explorer,no_mention,4,gasoline,99774,,,30500,4,,False
2021,Ford,edge,no_mention,4,gasoline,82629,,,19000,5,,False
2017,Ford,explorer,limited,6,gasoline,243754,,,6100,9,,False
2024,Ford,bronco,no_mention,3,gasoline,75694,,,26000,2,,False
2016,Ford,fiesta,no_mention,4,gasoline,111833,,,3500,10,,False
2021,Ford,f-150,lariat,6,gasoline,103020,,,38500,5,,False
2023,Ford,maverick,no_mention,4,hybrid,29711,,,32700,3,,False
2025,Ford,bronco,no_mention,3,gasoline,6990,,,32300,1,,False
2019,Ford,escape,no_mention,4,gasoline,83992,,,14200,7,,False
2018,Ford,transit,no_mention,6,flex,184954,,,13000,8,,False
2017,Ford,fusion,no_mention,4,gasoline,119426,,,8600,9,,False
2015,Ford,fusion,no_mention,4,gasoline,103412,,,6000,11,,False
2019,Ford,edge,no_mention,4,gasoline,177496,,,12000,7,,False
2013,Ford,edge,no_mention,6,gasoline,109490,,,6800,13,,False
2014,Ford,mustang,no_mention,8,gasoline,61215,,,25100,12,,False
2017,Ford,focus,no_mention,4,flex,101228,,,5600,9,,False
2016,Ford,f-150,xlt,6,gasoline,225949,,,8500,10,,False
2020,Ford,explorer,limited,4,gasoline,168417,,,18800,6,,False
2022,Ford,escape,no_mention,3,gasoline,77504,,,18700,4,,False
2019,Ford,edge,no_mention,4,gasoline,156826,,,10700,7,,False
2022,Ford,escape,no_mention,4,hybrid,90897,,,22200,4,,False
2022,Ford,edge,no_mention,4,gasoline,272719,,,11600,4,,False
2019,Ford,edge,no_mention,6,gasoline,130341,,,17600,7,,False
2014,Ford,escape,no_mention,4,gasoline,129191,,,5500,12,,False
2017,Ford,f-150,no_mention,8,flex,170623,,,18100,9,,False
2015,Ford,f-150,xlt,6,gasoline,46005,,,16900,11,,False
2020,Ford,mustang,no_mention,4,gasoline,133701,,,18900,6,,False
2022,Ford,edge,no_mention,4,gasoline,90148,,,20500,4,,False
2019,Ford,f-150,xlt,6,gasoline,111933,,,18500,7,,False
2017,Ford,focus,no_mention,4,gasoline,84801,,,21500,9,,False
2021,Ford,bronco,no_mention,3,gasoline,96298,,,17600,5,,False
2016,Ford,fusion,no_mention,4,gasoline,110910,,,7500,10,,False
2020,Ford,explorer,xlt,4,gasoline,140866,,,24300,6,,False
2014,Ford,f-150,no_mention,8,flex,202244,,,14500,12,,False
2017,Ford,explorer,no_mention,6,gasoline,227979,,,5200,9,,False
2024,Ford,escape,no_mention,4,hybrid,20469,,,28300,2,,False
2016,Ford,taurus,limited,6,flex,122753,,,12500,10,,False
2017,Ford,f-150,limited,6,gasoline,194029,,,20100,9,,False
2013,Ford,escape,no_mention,4,gasoline,127283,,,4500,13,,False
2013,Ford,explorer,limited,6,gasoline,202221,,,6600,13,,False
2017,Ford,explorer,xlt,6,gasoline,150099,,,12000,9,,False
2013,Ford,fusion,no_mention,4,gasoline,137284,,,4100,13,,False
2014,Ford,f-150,no_mention,6,gasoline,254380,,,5000,12,,False
2019,Ford,fiesta,no_mention,4,gasoline,143987,,,6000,7,,False
2017,Ford,explorer,platinum,6,gasoline,109147,,,17000,9,,False
2018,Ford,ecosport,no_mention,3,gasoline,139591,,,4400,8,,False
2021,Ford,bronco,no_mention,3,gasoline,157990,,,15500,5,,False
2021,Ford,escape,no_mention,4,hybrid,147032,,,16000,5,,False
2020,Ford,f-150,xlt,6,gasoline,248505,,,12500,6,,False
2016,Ford,f-150,lariat,8,flex,236546,,,14600,10,,False
2022,Ford,bronco,no_mention,4,gasoline,66136,,,37100,4,,False
2020,Ford,f-150,xlt,6,gasoline,255224,,,8000,6,,False
2021,Ford,e-series,no_mention,8,gasoline,36386,,,30000,5,,False
2018,Ford,escape,no_mention,4,gasoline,97986,,,16200,8,,False
2021,Ford,f-150,lariat,8,flex,39050,,,53800,5,,False
2015,Ford,focus,no_mention,4,gasoline,151378,,,9800,11,,False
2022,Ford,f-150,xlt,6,gasoline,90005,,,34100,4,,False
2014,Ford,escape,no_mention,4,gasoline,167565,,,3600,12,,False
2018,Ford,escape,no_mention,4,gasoline,207265,,,4200,8,,False
2017,Ford,transit,no_mention,6,gasoline,263098,,,6500,9,,False
2022,Ford,f-150,xlt,6,hybrid,87620,,,38300,4,,False
2024,Ford,f-150,xlt,6,gasoline,60157,,,49600,2,,False
2022,Ford,f-150,king ranch,6,gasoline,33902,,,37100,4,,False
2021,Ford,f-150,xlt,8,flex,149981,,,26500,5,,False
2018,Ford,escape,no_mention,4,gasoline,197339,,,4700,8,,False
2024,Ford,f-150,lariat,6,hybrid,42598,,,68500,2,,False
2023,Ford,f-150,tremor,6,gasoline,49653,,,63000,3,,False
2018,Ford,focus,no_mention,4,gasoline,34036,,,42800,8,,False
2023,Ford,f-150,xlt,8,flex,67139,,,44300,3,,False
2017,Ford,escape,no_mention,4,gasoline,132043,,,8300,9,,False
2018,Ford,f-150,no_mention,6,gasoline,167589,,,23300,8,,False
2014,Ford,f-150,no_mention,8,flex,171981,,,11700,12,,False
2018,Ford,mustang,no_mention,8,gasoline,157655,,,20200,8,,False
2023,Ford,f-150,xlt,6,gasoline,37671,,,47700,3,,False
2024,Ford,f-150,xlt,8,gasoline,8809,,,56400,2,,False
2018,Ford,f-150,xlt,8,flex,224969,,,13900,8,,False
2022,Ford,f-150,no_mention,8,flex,67619,,,52400,4,,False
2021,Ford,edge,no_mention,4,gasoline,63747,,,26100,5,,False
2022,Ford,edge,no_mention,4,gasoline,14512,,,26500,4,,False
2022,Ford,f-150,no_mention,8,flex,43690,,,57300,4,,False
2023,Ford,bronco,no_mention,6,gasoline,28348,,,57800,3,,False
2021,Ford,f-150,xlt,6,gasoline,58191,,,37700,5,,False
2017,Ford,fusion,no_mention,4,gasoline,258000,,,3500,9,,False
2015,Ford,transit,no_mention,6,gasoline,207139,,,4500,11,,False
2025,Ford,escape,platinum,4,gasoline,18098,,,32500,1,,False
2011,Ford,f-150,xlt,8,flex,208533,,,3400,15,,False
2024,Ford,edge,no_mention,4,gasoline,24103,,,36700,2,,False
2015,Ford,f-150,xlt,6,flex,183500,,,13200,11,,False
2019,Ford,explorer,no_mention,6,gasoline,209214,,,10800,7,,False
2015,Ford,escape,no_mention,4,gasoline,167092,,,5000,11,,False
2015,Ford,transit,xlt,6,flex,60359,,,19500,11,,False
2018,Ford,f-150,xlt,8,flex,181553,,,18500,8,,False
2024,Ford,bronco,raptor,6,gasoline,12916,,,91600,2,,False
2021,Ford,escape,no_mention,4,hybrid,148033,,,13100,5,,False
2018,Ford,f-150,xlt,8,flex,155912,,,15000,8,,False
2018,Ford,transit,no_mention,6,flex,220206,,,3900,8,,False
2021,Ford,ecosport,no_mention,4,gasoline,68537,,,15300,5,,False
2017,Ford,edge,no_mention,6,gasoline,240379,,,6300,9,,False
2015,Ford,focus,no_mention,4,flex,156368,,,3600,11,,False
2024,Ford,f-150,xlt,6,gasoline,15971,,,55900,2,,False
2023,Ford,bronco,no_mention,6,gasoline,19631,,,59900,3,,False
2017,Ford,f-150,xlt,6,flex,113158,,,17100,9,,False
2021,Ford,f-150,no_mention,6,gasoline,153774,,,36400,5,,False
2014,Ford,f-150,fx4,6,gasoline,232022,,,9500,12,,False
2017,Ford,escape,no_mention,4,gasoline,155073,,,3700,9,,False
2017,Ford,f-150,no_mention,6,gasoline,135577,,,19100,9,,False
2012,Ford,f-150,raptor,8,gasoline,201188,,,23200,14,,False
2013,Ford,fusion,no_mention,4,gasoline,114128,,,3800,13,,False
2023,Ford,edge,no_mention,6,gasoline,31899,,,38000,3,,False
2018,Ford,explorer,xlt,6,gasoline,213826,,,8800,8,,False
2018,Ford,f-150,lariat,6,gasoline,158282,,,26700,8,,False
2014,Ford,fusion,no_mention,4,gasoline,149410,,,3500,12,,False
2020,Ford,f-150,no_mention,8,flex,215586,,,18000,6,,False
2017,Ford,expedition,xlt,6,gasoline,137618,,,14000,9,,False
2015,Ford,explorer,limited,6,gasoline,256662,,,4500,11,,False
2015,Ford,f-150,platinum,6,gasoline,209000,,,13000,11,,False
2024,Ford,f-150,xlt,6,gasoline,20286,,,57800,2,,False
2023,Ford,escape,no_mention,4,hybrid,24620,,,26200,3,,False
2020,Ford,f-150,lariat,6,gasoline,102500,,,36000,6,,False
2023,Ford,ranger,no_mention,4,gasoline,66915,,,33800,3,,False
2018,Ford,f-150,xlt,6,gasoline,101672,,,27600,8,,False
2019,Ford,f-150,xlt,6,gasoline,189300,,,21500,7,,False
2018,Ford,f-150,xl,6,flex,77489,,,22300,8,,False
2018,Ford,explorer,xlt,6,gasoline,187890,,,13400,8,,False
2022,Ford,f-150,xlt,6,hybrid,75109,,,40000,4,,False
2019,Ford,edge,no_mention,4,gasoline,168646,,,11500,7,,False
2020,Ford,transit,no_mention,6,flex,97692,,,21500,6,,False
2023,Ford,bronco,no_mention,6,gasoline,45886,,,57600,3,,False
2016,Ford,edge,no_mention,6,gasoline,157812,,,7700,10,,False
2022,Ford,f-150,xlt,6,hybrid,107089,,,35000,4,,False
2014,Ford,f-150,xlt,8,flex,118362,,,14200,12,,False
2023,Ford,bronco,no_mention,6,gasoline,50363,,,55700,3,,False
2019,Ford,f-150,lariat,8,flex,196592,,,17800,7,,False
2022,Ford,f-150,xlt,6,gasoline,45422,,,45000,4,,False
2022,Ford,f-150,no_mention,6,gasoline,114790,,,32500,4,,False
2022,Ford,f-350,lariat,8,diesel,86668,,,55600,4,,False
2022,Ford,ranger,lariat,4,gasoline,90235,,,35400,4,,False
2021,Ford,f-150,xlt,6,gasoline,121291,,,30000,5,,False
2014,Ford,escape,no_mention,4,gasoline,199279,,,4300,12,,False
2017,Ford,transit,no_mention,6,flex,233950,,,9400,9,,False
2014,Ford,taurus,no_mention,6,gasoline,175904,,,4500,12,,False
2017,Ford,explorer,no_mention,6,gasoline,177047,,,10200,9,,False
2013,Ford,f-150,no_mention,6,gasoline,293978,,,5500,13,,False
2018,Ford,fusion,no_mention,4,gasoline,102777,,,11000,8,,False
2015,Ford,escape,no_mention,4,gasoline,96045,,,4400,11,,False
2016,Ford,f-150,platinum,6,gasoline,252164,,,10500,10,,False
2022,Ford,bronco,no_mention,3,gasoline,152625,,,17500,4,,False
2019,Ford,f-150,xl,6,flex,166859,,,13100,7,,False
2023,Ford,f-150,xlt,6,gasoline,60492,,,43000,3,,False
2023,Ford,explorer,xlt,4,gasoline,51707,,,37600,3,,False
2022,Ford,f-150,lariat,6,gasoline,114377,,,40000,4,,False
2020,Ford,expedition,platinum,6,gasoline,146588,,,37200,6,,False
2018,Ford,escape,no_mention,4,gasoline,52627,,,11500,8,,False
2020,Ford,transit,no_mention,6,gasoline,232744,,,10100,6,,False
2024,Ford,f-150,xlt,6,gasoline,6221,,,60000,2,,False
2021,Ford,f-150,xlt,6,gasoline,166271,,,24100,5,,False
2024,Ford,f-150,raptor,6,gasoline,22299,,,96000,2,,False
2021,Ford,bronco,no_mention,3,gasoline,183087,,,10200,5,,False
2024,Ford,f-150,xlt,6,gasoline,39265,,,57100,2,,False
2023,Ford,f-150,xlt,6,gasoline,66308,,,48200,3,,False
2017,Ford,escape,no_mention,4,gasoline,137859,,,6600,9,,False
2023,Ford,f-150,xlt,6,hybrid,25427,,,52900,3,,False
2022,Ford,transit,no_mention,6,flex,43465,,,36000,4,,False
2022,Ford,escape,no_mention,3,gasoline,36278,,,21200,4,,False
2022,Ford,f-150,xlt,6,gasoline,96499,,,36800,4,,False
2021,Ford,escape,no_mention,4,hybrid,104146,,,20500,5,,False
2022,Ford,maverick,xl,4,gasoline,61056,,,25000,4,,False
2016,Ford,escape,no_mention,4,gasoline,184508,,,5500,10,,False
2020,Ford,transit,no_mention,6,flex,169508,,,12100,6,,False
2024,Ford,f-150,lariat,6,gasoline,18423,,,66700,2,,False
2016,Ford,f-150,xlt,6,gasoline,154213,,,16800,10,,False
2018,Ford,f-150,xlt,6,gasoline,278134,,,6700,8,,False
2015,Ford,escape,no_mention,4,gasoline,171389,,,4400,11,,False
2020,Ford,edge,no_mention,4,gasoline,209150,,,6300,6,,False
2013,Ford,escape,no_mention,4,gasoline,164465,,,3000,13,,False
2023,Ford,f-150,platinum,0,electric,76022,,,55500,3,,False
2023,Ford,f-150,xlt,8,flex,41448,,,50500,3,,False
2018,Ford,focus,no_mention,4,flex,65697,,,10500,8,,False
2021,Ford,f-150,lariat,8,flex,101779,,,46500,5,,False
2019,Ford,f-150,xlt,8,flex,176760,,,20500,7,,False
2017,Ford,explorer,xlt,6,gasoline,188807,,,10000,9,,False
2014,Ford,focus,no_mention,4,gasoline,137850,,,7500,12,,False
2022,Ford,f-150,xlt,6,hybrid,85788,,,35500,4,,False
2018,Ford,escape,no_mention,4,gasoline,162083,,,8500,8,,False
2021,Ford,escape,no_mention,4,gasoline,98137,,,18700,5,,False
2018,Ford,f-150,lariat,6,gasoline,200529,,,19700,8,,False
2010,Ford,f-150,no_mention,8,flex,180329,,,7300,16,,False
2016,Ford,f-150,xlt,6,gasoline,233397,,,12900,10,,False
2017,Ford,explorer,no_mention,6,gasoline,211300,,,5200,9,,False
2022,Ford,f-150,no_mention,8,flex,67289,,,47500,4,,False
2016,Ford,f-150,xlt,8,flex,139500,,,12000,10,,False
2024,Ford,f-250,king ranch,8,diesel,90709,,,83700,2,,False
2022,Ford,explorer,xlt,4,gasoline,75756,,,31900,4,,False
2016,Ford,f-150,xlt,8,flex,200572,,,15500,10,,False
2018,Ford,f-150,lariat,6,gasoline,192700,,,19500,8,,False
2022,Ford,f-150,xlt,0,electric,108503,,,36700,4,,False
2021,Ford,f-150,raptor,6,gasoline,56949,,,74500,5,,False
2020,Ford,edge,no_mention,4,gasoline,125246,,,17000,6,,False
2022,Ford,f-150,xlt,8,flex,25648,,,43500,4,,False
2022,Ford,transit,xlt,4,gasoline,53757,,,27300,4,,False
2024,Ford,mustang,no_mention,0,electric,10283,,,41600,2,,False
2017,Ford,explorer,no_mention,6,gasoline,135134,,,15000,9,,False
2014,Ford,econoline,no_mention,8,flex,133063,,,11200,12,,False
2022,Ford,f-150,king ranch,6,gasoline,63779,,,46000,4,,False
2023,Ford,f-250,king ranch,8,diesel,134563,,,65900,3,,False
2022,Ford,ranger,lariat,4,gasoline,119572,,,33400,4,,False
2013,Ford,taurus,no_mention,6,gasoline,199880,,,4000,13,,False
2017,Ford,escape,no_mention,4,gasoline,120549,,,6900,9,,False
2013,Ford,edge,limited,6,gasoline,212115,,,3100,13,,False
2024,Ford,bronco,no_mention,3,gasoline,19676,,,30100,2,,False
2024,Ford,mustang,no_mention,8,gasoline,6880,,,69000,2,,False
2013,Ford,f-150,xlt,6,gasoline,223170,,,8800,13,,False
2016,Ford,edge,no_mention,6,gasoline,170750,,,7400,10,,False
2018,Ford,f-150,lariat,8,flex,271133,,,12500,8,,False
2014,Ford,explorer,no_mention,6,gasoline,138598,,,11500,12,,False
2018,Ford,f-150,lariat,8,flex,86956,,,34100,8,,False
2013,Ford,explorer,limited,6,gasoline,140997,,,5200,13,,False
2024,Ford,f-150,no_mention,0,electric,47722,,,55500,2,,False
2023,Ford,f-150,tremor,6,gasoline,40714,,,66600,3,,False
2017,Ford,edge,no_mention,4,gasoline,281551,,,3700,9,,False
2021,Ford,edge,no_mention,4,gasoline,61351,,,25400,5,,False
2017,Ford,escape,no_mention,4,gasoline,100300,,,10900,9,,False
2022,Ford,f-150,lariat,8,flex,44600,,,56800,4,,False
2022,Ford,f-150,xlt,8,flex,144079,,,30700,4,,False
2022,Ford,f-150,xlt,8,flex,134036,,,31100,4,,False
2022,Ford,f-150,xlt,8,flex,141335,,,30900,4,,False
2011,Ford,fusion,no_mention,6,gasoline,185490,,,5100,15,,False
2022,Ford,bronco,no_mention,3,gasoline,86581,,,20300,4,,False
2023,Ford,f-350,no_mention,8,diesel,59657,,,87500,3,,False
2023,Ford,escape,platinum,4,gasoline,68208,,,27100,3,,False
2024,Ford,bronco,no_mention,6,gasoline,13699,,,58300,2,,False
2020,Ford,f-150,lariat,6,gasoline,143762,,,27900,6,,False
2014,Ford,mustang,no_mention,6,gasoline,83805,,,14000,12,,False
2019,Ford,mustang,no_mention,8,gasoline,43171,,,36000,7,,False
2025,Ford,mustang,no_mention,8,gasoline,5800,,,58000,1,,False
2023,Ford,ranger,lariat,4,gasoline,125152,,,33000,3,,False
2019,Ford,flex,no_mention,6,gasoline,105096,,,20200,7,,False
2013,Ford,f-150,lariat,8,flex,240459,,,8000,13,,False
2022,Ford,f-150,lariat,6,gasoline,75451,,,40200,4,,False
2015,Ford,transit,no_mention,5,diesel,162470,,,7500,11,,False
2022,Ford,f-150,xlt,6,gasoline,55381,,,45000,4,,False
2018,Ford,fusion,no_mention,4,hybrid,161853,,,7500,8,,False
2021,Ford,f-150,lariat,6,gasoline,47110,,,45000,5,,False
2009,Ford,ranger,no_mention,6,gasoline,155184,,,12200,17,,False
2023,Ford,bronco,no_mention,3,gasoline,45919,,,27000,3,,False
2013,Ford,explorer,limited,6,gasoline,161642,,,7700,13,,False
2022,Ford,explorer,no_mention,6,gasoline,46771,,,45800,4,,False
2020,Ford,escape,no_mention,3,gasoline,73311,,,16400,6,,False
2022,Ford,f-350,xlt,8,diesel,65705,,,57600,4,,False
2020,Ford,escape,no_mention,3,gasoline,107664,,,14900,6,,False
2015,Ford,focus,no_mention,4,flex,176331,,,3000,11,,False
2018,Ford,f-150,lariat,6,gasoline,165178,,,22400,8,,False
2018,Ford,mustang,no_mention,8,gasoline,27070,,,34500,8,,False
2020,Ford,f-150,lariat,6,gasoline,39757,,,40000,6,,False
2017,Ford,f-150,xlt,8,flex,292006,,,8500,9,,False
2019,Ford,edge,no_mention,4,gasoline,243925,,,3400,7,,False
2016,Ford,f-150,xlt,8,flex,284470,,,8200,10,,False
2020,Ford,edge,no_mention,4,gasoline,198639,,,4200,6,,False
2022,Ford,explorer,no_mention,6,gasoline,107810,,,36100,4,,False
2023,Ford,f-150,tremor,6,gasoline,36806,,,63000,3,,False
2017,Ford,escape,no_mention,4,gasoline,166561,,,4600,9,,False
2017,Ford,escape,no_mention,4,gasoline,170566,,,4600,9,,False
2011,Ford,ranger,no_mention,6,gasoline,78617,,,11600,15,,False
2025,Ford,f-450,king ranch,8,diesel,25000,,,115100,1,,False
2014,Ford,focus,no_mention,4,flex,128624,,,3600,12,,False
2022,Ford,f-150,no_mention,6,gasoline,73809,,,37100,4,,False
2005,Ford,mustang,no_mention,8,gasoline,37862,,,19800,21,,False
2015,Ford,f-150,xlt,6,flex,261800,,,8600,11,,False
2022,Ford,f-150,lariat,6,gasoline,68863,,,43600,4,,False
2024,Ford,escape,platinum,4,gasoline,34178,,,29300,2,,False
2020,Ford,f-150,xlt,8,flex,113772,,,28600,6,,False
2019,Ford,escape,no_mention,4,gasoline,90999,,,13200,7,,False
2022,Ford,f-150,xlt,6,gasoline,145840,,,25300,4,,False
2025,Ford,mustang,no_mention,8,gasoline,5206,,,50500,1,,False
2021,Ford,f-150,xl,6,gasoline,262855,,,10500,5,,False
2018,Ford,f-150,platinum,6,gasoline,248991,,,19500,8,,False
2020,Ford,f-150,xlt,6,gasoline,160165,,,20600,6,,False
2017,Ford,escape,no_mention,4,gasoline,185023,,,3000,9,,False
2020,Ford,transit,no_mention,6,flex,146349,,,18500,6,,False
2023,Ford,f-150,xlt,6,hybrid,104431,,,44000,3,,False
2013,Ford,focus,no_mention,4,flex,60017,,,5500,13,,False
2013,Ford,explorer,limited,6,gasoline,174773,,,8000,13,,False
2018,Ford,escape,no_mention,4,gasoline,175449,,,6000,8,,False
2021,Ford,escape,no_mention,3,gasoline,71333,,,19700,5,,False
2019,Ford,explorer,xlt,6,gasoline,99295,,,20200,7,,False
2020,Ford,f-350,platinum,8,diesel,193335,,,56000,6,,False
2021,Ford,mustang,no_mention,4,gasoline,94200,,,29500,5,,False
2020,Ford,escape,no_mention,4,hybrid,217701,,,9800,6,,False
2021,Ford,f-150,lariat,6,hybrid,151126,,,37400,5,,False
2016,Ford,f-150,xlt,6,gasoline,175987,,,7000,10,,False
2011,Ford,f-350,no_mention,8,diesel,123360,,,20300,15,,False
2022,Ford,f-150,xlt,6,gasoline,143199,,,29500,4,,False
2021,Ford,edge,no_mention,4,gasoline,98415,,,22500,5,,False
2019,Ford,fusion,no_mention,4,hybrid,198582,,,6800,7,,False
2013,Ford,focus,no_mention,4,flex,105974,,,3000,13,,False
2015,Ford,mustang,limited,8,gasoline,8978,,,40000,11,,False
2023,Ford,f-150,xlt,6,gasoline,84540,,,44000,3,,False
2016,Ford,edge,no_mention,6,gasoline,152817,,,7000,10,,False
2022,Ford,f-150,lariat,6,gasoline,95580,,,41500,4,,False
2022,Ford,f-150,xlt,6,gasoline,64248,,,45000,4,,False
2017,Ford,escape,no_mention,4,gasoline,110237,,,4500,9,,False
2021,Ford,explorer,no_mention,6,gasoline,97896,,,36800,5,,False
2021,Ford,mustang,no_mention,0,electric,67320,,,24300,5,,False
2024,Ford,f-150,tremor,6,gasoline,29850,,,64500,2,,False
2019,Ford,mustang,no_mention,4,gasoline,56266,,,23000,7,,False
2019,Ford,explorer,xlt,4,gasoline,100100,,,21500,7,,False
2023,Ford,f-150,xlt,8,flex,41128,,,40300,3,,False
2016,Ford,f-150,xlt,6,gasoline,255782,,,11000,10,,False
2023,Ford,f-150,lariat,6,hybrid,59490,,,55600,3,,False
2022,Ford,mustang,no_mention,0,electric,72360,,,25000,4,,False
2018,Ford,f-150,xlt,8,flex,162126,,,22000,8,,False
2024,Ford,f-150,xlt,6,gasoline,32889,,,54300,2,,False
2020,Ford,edge,no_mention,4,gasoline,74162,,,20400,6,,False
2022,Ford,bronco,no_mention,3,gasoline,152627,,,14300,4,,False
2011,Ford,explorer,limited,6,gasoline,268973,,,4200,15,,False
2018,Ford,explorer,no_mention,6,gasoline,63526,,,26200,8,,False
2023,Ford,f-150,lariat,6,hybrid,105700,,,48000,3,,False
2016,Ford,f-150,xlt,6,flex,161430,,,18000,10,,False
2021,Ford,escape,no_mention,3,gasoline,84149,,,16500,5,,False
2015,Ford,mustang,no_mention,4,gasoline,71629,,,20000,11,,False
2022,Ford,bronco,no_mention,4,gasoline,49486,,,24700,4,,False
2021,Ford,expedition,limited,6,gasoline,162468,,,38000,5,,False
2017,Ford,f-150,lariat,6,gasoline,173806,,,19600,9,,False
2017,Ford,escape,no_mention,4,gasoline,141701,,,7000,9,,False
2020,Ford,f-150,xlt,8,flex,270199,,,12000,6,,False
2017,Ford,explorer,xlt,6,gasoline,231623,,,8000,9,,False
2014,Ford,escape,no_mention,4,gasoline,117980,,,6200,12,,False
2022,Ford,transit,no_mention,6,flex,115000,,,31000,4,,False
2012,Ford,expedition,xlt,8,gasoline,163013,,,4000,14,,False
2020,Ford,escape,no_mention,3,gasoline,121003,,,8500,6,,False
2019,Ford,escape,no_mention,4,gasoline,155832,,,10000,7,,False
2021,Ford,f-150,xlt,6,gasoline,122801,,,38700,5,,False
2016,Ford,transit,no_mention,6,gasoline,286749,,,7000,10,,False
2020,Ford,explorer,xlt,4,gasoline,92224,,,27200,6,,False
2021,Ford,escape,no_mention,4,hybrid,91058,,,20700,5,,False
2018,Ford,explorer,limited,6,gasoline,153380,,,15300,8,,False
2018,Ford,transit,no_mention,6,flex,97922,,,19200,8,,False
2024,Ford,f-150,no_mention,6,gasoline,56971,,,43900,2,,False
2014,Ford,explorer,limited,6,gasoline,243823,,,3500,12,,False
2023,Ford,f-150,tremor,6,gasoline,55071,,,62900,3,,False
2018,Ford,f-150,lariat,6,gasoline,162655,,,26700,8,,False
2017,Ford,escape,no_mention,4,gasoline,152915,,,6200,9,,False
2017,Ford,escape,no_mention,4,gasoline,135015,,,11200,9,,False
2018,Ford,f-150,xlt,8,flex,118456,,,23400,8,,False
2014,Ford,f-150,fx4,6,gasoline,281636,,,7300,12,,False
2019,Ford,f-150,xlt,6,gasoline,251171,,,10800,7,,False
2017,Ford,explorer,limited,6,gasoline,213099,,,9100,9,,False
2014,Ford,escape,no_mention,4,gasoline,163552,,,4200,12,,False
2017,Ford,explorer,limited,6,gasoline,159672,,,14700,9,,False
2018,Ford,edge,no_mention,4,gasoline,149621,,,10800,8,,False
2015,Ford,escape,no_mention,4,gasoline,168422,,,3400,11,,False
2019,Ford,edge,no_mention,4,gasoline,52918,,,22000,7,,False
2023,Ford,f-150,tremor,6,gasoline,70277,,,56400,3,,False
2022,Ford,mustang,no_mention,0,electric,44641,,,25200,4,,False
2023,Ford,mustang,no_mention,0,electric,27950,,,29400,3,,False
2023,Ford,f-150,xlt,8,flex,47523,,,49300,3,,False
2019,Ford,explorer,platinum,6,gasoline,58895,,,31800,7,,False
2015,Ford,transit,xlt,4,gasoline,127090,,,9000,11,,False
2019,Ford,transit,no_mention,6,flex,69488,,,20000,7,,False
2018,Ford,mustang,no_mention,4,gasoline,42838,,,17600,8,,False
2019,Ford,f-150,no_mention,6,gasoline,175500,,,20000,7,,False
2017,Ford,explorer,no_mention,6,gasoline,211252,,,4900,9,,False
2016,Ford,edge,no_mention,4,gasoline,51094,,,12100,10,,False
2017,Ford,f-150,lariat,8,flex,288384,,,14200,9,,False
2015,Ford,escape,no_mention,4,gasoline,104060,,,5100,11,,False
2017,Ford,explorer,no_mention,6,gasoline,151431,,,17100,9,,False
2020,Ford,ranger,lariat,4,gasoline,88950,,,25800,6,,False
2019,Ford,transit,xl,4,gasoline,181050,,,9100,7,,False
2007,Ford,explorer,xlt,6,gasoline,203153,,,6300,19,,False
2023,Ford,bronco,no_mention,3,gasoline,40815,,,28800,3,,False
2021,Ford,escape,no_mention,3,gasoline,7439,,,21200,5,,False
2023,Ford,explorer,limited,4,gasoline,37828,,,42400,3,,False
2017,Ford,escape,no_mention,4,gasoline,116639,,,13100,9,,False
2016,Ford,f-150,xlt,6,gasoline,197731,,,11500,10,,False
2018,Ford,f-250,no_mention,8,flex,110596,,,23700,8,,False
2020,Ford,f-150,xlt,6,gasoline,55757,,,35300,6,,False
2024,Ford,f-150,tremor,6,gasoline,26328,,,66800,2,,False
2016,Ford,f-150,xlt,8,flex,172872,,,21500,10,,False
2017,Ford,transit,no_mention,5,diesel,220961,,,5500,9,,False
2021,Ford,bronco,no_mention,4,gasoline,97885,,,17100,5,,False
2024,Ford,mustang,no_mention,4,gasoline,15669,,,33100,2,,False
2021,Ford,f-150,lariat,6,hybrid,106821,,,40000,5,,False
2020,Ford,f-150,lariat,6,gasoline,83519,,,27200,6,,False
2019,Ford,edge,no_mention,4,gasoline,228972,,,6300,7,,False
2014,Ford,f-350,xlt,8,diesel,170112,,,19000,12,,False
2023,Ford,f-450,xl,8,diesel,27854,,,77600,3,,False
2021,Ford,bronco,no_mention,4,gasoline,148820,,,17200,5,,False
2022,Ford,explorer,no_mention,4,gasoline,69246,,,36700,4,,False
2022,Ford,explorer,no_mention,4,gasoline,155000,,,29200,4,,False
2022,Ford,explorer,no_mention,4,gasoline,100710,,,30700,4,,False
2018,Ford,edge,no_mention,6,gasoline,151186,,,10800,8,,False
2022,Ford,f-150,lariat,6,gasoline,77034,,,44000,4,,False
2023,Ford,mustang,no_mention,0,electric,59869,,,33100,3,,False
2022,Ford,bronco,no_mention,3,gasoline,60936,,,23200,4,,False
2020,Ford,ranger,lariat,4,gasoline,157423,,,23500,6,,False
2016,Ford,explorer,xlt,6,gasoline,179747,,,10100,10,,False
2023,Ford,f-150,xlt,6,gasoline,17841,,,54500,3,,False
2023,Ford,f-150,tremor,6,gasoline,48509,,,64000,3,,False
2016,Ford,flex,no_mention,6,gasoline,208236,,,5500,10,,False
2016,Ford,explorer,no_mention,6,gasoline,148781,,,12600,10,,False
2014,Ford,escape,no_mention,4,gasoline,160867,,,4000,12,,False
2025,Ford,escape,no_mention,4,hybrid,21522,,,31000,1,,False
2015,Ford,explorer,limited,6,gasoline,213520,,,9600,11,,False
2015,Ford,f-250,xl,8,flex,92092,,,12800,11,,False
2017,Ford,transit,xlt,6,gasoline,249661,,,13500,9,,False
2022,Ford,f-150,xlt,6,gasoline,47223,,,40000,4,,False
2014,Ford,escape,no_mention,4,gasoline,183675,,,4100,12,,False
2023,Ford,escape,platinum,4,gasoline,79849,,,25700,3,,False
2020,Ford,edge,no_mention,6,gasoline,70416,,,24800,6,,False
2023,Ford,f-150,platinum,6,gasoline,83032,,,61100,3,,False
2018,Ford,edge,no_mention,4,gasoline,90407,,,13500,8,,False
2022,Ford,f-150,lariat,6,gasoline,65165,,,42500,4,,False
2023,Ford,mustang,no_mention,0,electric,43034,,,31000,3,,False
2025,Ford,escape,no_mention,4,hybrid,14235,,,30000,1,,False
2021,Ford,explorer,no_mention,6,gasoline,127047,,,32500,5,,False
2020,Ford,edge,no_mention,4,gasoline,57824,,,22800,6,,False
2022,Ford,f-150,xlt,6,flex,112408,,,29500,4,,False
2019,Ford,f-150,lariat,8,flex,169820,,,24500,7,,False
2017,Ford,focus,no_mention,4,gasoline,218192,,,7500,9,,False
2022,Ford,transit,no_mention,6,flex,60390,,,35600,4,,False
2020,Ford,escape,no_mention,3,gasoline,141912,,,8500,6,,False
2017,Ford,f-150,lariat,6,gasoline,229125,,,12700,9,,False
2024,Ford,transit,no_mention,6,gasoline,41971,,,68500,2,,False
2019,Ford,f-150,no_mention,6,gasoline,85500,,,30500,7,,False
2014,Ford,f-150,no_mention,6,flex,100103,,,7000,12,,False
2019,Ford,fusion,no_mention,4,hybrid,129898,,,11700,7,,False
2019,Ford,ecosport,no_mention,4,gasoline,48171,,,14900,7,,False
2009,Ford,ranger,no_mention,6,gasoline,174741,,,4800,17,,False
2014,Ford,f-150,xlt,8,flex,121001,,,7500,12,,False
2016,Ford,escape,no_mention,4,gasoline,84625,,,3000,10,,False
2016,Ford,edge,no_mention,4,gasoline,186641,,,5500,10,,False
2017,Ford,escape,no_mention,4,gasoline,115169,,,8000,9,,False
2022,Ford,explorer,xlt,4,gasoline,126989,,,25000,4,,False
2024,Ford,escape,no_mention,4,hybrid,41102,,,28500,2,,False
2017,Ford,explorer,no_mention,6,gasoline,156866,,,14800,9,,False
2019,Ford,expedition,platinum,6,gasoline,96610,,,40000,7,,False
2024,Ford,f-150,raptor,6,gasoline,33700,,,90000,2,,False
2012,Ford,escape,xlt,6,flex,157371,,,3800,14,,False
2015,Ford,escape,no_mention,4,gasoline,91844,,,7600,11,,False
2012,Ford,f-150,lariat,6,gasoline,219655,,,10200,14,,False
2025,Ford,escape,no_mention,3,gasoline,5660,,,33000,1,,False
2015,Ford,transit,xlt,6,gasoline,102457,,,17400,11,,False
2022,Ford,f-150,platinum,6,gasoline,47190,,,56500,4,,False
2024,Ford,f-150,xlt,8,gasoline,14504,,,55600,2,,False
2023,Ford,f-250,no_mention,8,gasoline,44647,,,77000,3,,False
2018,Ford,f-150,lariat,6,gasoline,66705,,,34500,8,,False
2022,Ford,edge,no_mention,4,gasoline,80776,,,23000,4,,False
2022,Ford,maverick,xlt,4,gasoline,56221,,,28000,4,,False
2014,Ford,f-150,lariat,8,flex,165458,,,13600,12,,False
2022,Ford,bronco,no_mention,3,gasoline,115087,,,16500,4,,False
2018,Ford,edge,no_mention,4,gasoline,111954,,,15300,8,,False
2023,Ford,f-150,platinum,8,flex,48221,,,63100,3,,False
2015,Ford,escape,no_mention,4,gasoline,96277,,,7900,11,,False
2021,Ford,mustang,no_mention,4,gasoline,26591,,,27800,5,,False
2017,Ford,expedition,xlt,6,gasoline,213552,,,11300,9,,False
2012,Ford,f-150,fx4,6,gasoline,196147,,,9000,14,,False
2023,Ford,f-150,tremor,6,gasoline,56409,,,63300,3,,False
2014,Ford,fusion,no_mention,4,gasoline,138447,,,3500,12,,False
2020,Ford,edge,no_mention,4,gasoline,185118,,,12800,6,,False
2021,Ford,bronco,no_mention,4,gasoline,47214,,,35900,5,,False
2017,Ford,escape,no_mention,4,gasoline,81617,,,11500,9,,False
2024,Ford,f-150,lariat,8,gasoline,21047,,,66800,2,,False
2020,Ford,f-150,xlt,6,gasoline,116594,,,28300,6,,False
2025,Ford,f-150,xlt,8,gasoline,19467,,,59100,1,,False
2019,Ford,ecosport,no_mention,4,gasoline,98934,,,14500,7,,False
2021,Ford,bronco,no_mention,3,gasoline,54191,,,22500,5,,False
2020,Ford,ecosport,no_mention,4,gasoline,99170,,,14000,6,,False
2015,Ford,focus,no_mention,4,flex,62044,,,7100,11,,False
2018,Ford,mustang,no_mention,4,gasoline,40318,,,19700,8,,False
2017,Ford,escape,no_mention,4,gasoline,102055,,,11100,9,,False
2023,Ford,f-150,xlt,6,gasoline,34095,,,50500,3,,False
2023,Ford,f-150,xlt,6,gasoline,57226,,,46900,3,,False
2024,Ford,f-350,king ranch,8,diesel,14911,,,104000,2,,False
2014,Ford,fiesta,no_mention,4,gasoline,130877,,,3000,12,,False
2023,Ford,f-150,tremor,6,gasoline,47336,,,64800,3,,False
2019,Ford,f-150,xlt,6,gasoline,142692,,,22000,7,,False
2023,Ford,f-150,tremor,6,gasoline,48873,,,60500,3,,False
2016,Ford,edge,no_mention,6,gasoline,132486,,,10400,10,,False
2022,Ford,f-150,lariat,6,gasoline,104783,,,41500,4,,False
2012,Ford,f-250,xlt,8,diesel,87644,,,14700,14,,False
2016,Ford,f-250,xlt,8,flex,138000,,,22100,10,,False
2016,Ford,f-150,lariat,6,gasoline,99880,,,22000,10,,False
2024,Ford,f-150,xlt,6,gasoline,39990,,,56500,2,,False
2024,Ford,f-150,tremor,6,gasoline,14897,,,68000,2,,False
2019,Ford,f-250,xlt,8,diesel,151500,,,38300,7,,False
2016,Ford,transit,no_mention,6,gasoline,274337,,,4000,10,,False
2019,Ford,edge,no_mention,6,gasoline,174342,,,12000,7,,False
2024,Ford,f-150,xlt,6,gasoline,21947,,,55700,2,,False
2023,Ford,f-150,lariat,6,gasoline,54152,,,54300,3,,False
2025,Ford,f-150,xlt,6,gasoline,20902,,,55300,1,,False
2023,Ford,f-150,lariat,6,gasoline,55458,,,54100,3,,False
2018,Ford,explorer,xlt,6,gasoline,143527,,,14700,8,,False
2024,Ford,f-150,tremor,6,gasoline,17274,,,73400,2,,False
2018,Ford,explorer,no_mention,6,gasoline,127200,,,18000,8,,False
2022,Ford,explorer,no_mention,6,gasoline,60891,,,46400,4,,False
2022,Ford,f-250,lariat,8,diesel,119928,,,64100,4,,False
2013,Ford,f-150,platinum,8,flex,256793,,,6200,13,,False
2017,Ford,escape,no_mention,4,gasoline,129084,,,10300,9,,False
2012,Ford,explorer,xlt,6,gasoline,108778,,,5400,14,,False
2022,Ford,maverick,xlt,4,gasoline,23366,,,30500,4,,False
2024,Ford,f-250,platinum,8,diesel,38858,,,97300,2,,False
2020,Ford,expedition,limited,6,gasoline,102215,,,42000,6,,False
2023,Ford,maverick,xlt,4,gasoline,45552,,,34700,3,,False
2010,Ford,escape,xlt,6,flex,141064,,,5300,16,,False
2017,Ford,escape,no_mention,4,gasoline,131340,,,10700,9,,False
2020,Ford,f-150,xlt,6,gasoline,73270,,,30000,6,,False
2023,Ford,f-150,platinum,6,hybrid,81750,,,59100,3,,False
2014,Ford,escape,no_mention,4,gasoline,188671,,,5200,12,,False
2023,Ford,f-150,lariat,6,gasoline,96780,,,50000,3,,False
2023,Ford,bronco,no_mention,4,gasoline,59000,,,45700,3,,False
2022,Ford,f-150,lariat,6,gasoline,63556,,,43500,4,,False
2014,Ford,escape,no_mention,4,gasoline,112213,,,6800,12,,False
2021,Ford,f-150,xlt,6,gasoline,79031,,,42700,5,,False
2013,Ford,edge,no_mention,6,gasoline,104545,,,9700,13,,False
2019,Ford,f-150,no_mention,6,gasoline,215177,,,10800,7,,False
2018,Ford,f-150,lariat,6,diesel,271688,,,13300,8,,False
2018,Ford,f-150,xlt,8,flex,92711,,,23200,8,,False
2017,Ford,escape,no_mention,4,gasoline,113565,,,9400,9,,False
2022,Ford,maverick,xl,4,gasoline,56991,,,26500,4,,False
2013,Ford,mustang,no_mention,6,gasoline,111532,,,11800,13,,False
2017,Ford,escape,no_mention,4,gasoline,143720,,,8000,9,,False
2022,Ford,explorer,no_mention,6,gasoline,95049,,,36500,4,,False
2021,Ford,explorer,no_mention,6,gasoline,60601,,,35500,5,,False
2021,Ford,bronco,no_mention,3,gasoline,66294,,,22500,5,,False
2024,Ford,f-150,raptor,8,gasoline,33200,,,138100,2,,False
2022,Ford,bronco,no_mention,3,gasoline,75949,,,23600,4,,False
2018,Ford,fusion,no_mention,4,gasoline,148183,,,5200,8,,False
2023,Ford,escape,no_mention,3,gasoline,59071,,,24200,3,,False
2013,Ford,f-150,xlt,6,gasoline,175000,,,3300,13,,False
2019,Ford,escape,no_mention,4,gasoline,125855,,,12000,7,,False
2022,Ford,edge,no_mention,4,gasoline,92053,,,22500,4,,False
2023,Ford,f-150,lariat,6,gasoline,66339,,,54000,3,,False
2017,Ford,f-250,xlt,8,diesel,172623,,,17000,9,,False
2017,Ford,explorer,limited,6,gasoline,133314,,,18200,9,,False
2011,Ford,f-150,xlt,8,flex,150911,,,3200,15,,False
2023,Ford,f-150,xl,6,gasoline,32115,,,42900,3,,False
2019,Ford,ecosport,no_mention,3,gasoline,87020,,,9500,7,,False
2014,Ford,escape,no_mention,4,gasoline,190145,,,4500,12,,False
2019,Ford,edge,no_mention,4,gasoline,174380,,,9700,7,,False
2021,Ford,escape,no_mention,3,gasoline,84592,,,16500,5,,False
2015,Ford,escape,no_mention,4,gasoline,169434,,,4500,11,,False
2016,Ford,explorer,no_mention,6,gasoline,85454,,,11500,10,,False
2017,Ford,f-150,xlt,8,flex,114583,,,12800,9,,False
2018,Ford,escape,no_mention,4,gasoline,122480,,,13200,8,,False
2021,Ford,bronco,no_mention,3,gasoline,70814,,,21800,5,,False
2021,Ford,f-150,no_mention,6,gasoline,114982,,,25900,5,,False
2025,Ford,explorer,no_mention,6,gasoline,16373,,,63500,1,,False
2022,Ford,bronco,no_mention,4,gasoline,24200,,,31500,4,,False
2017,Ford,escape,no_mention,4,gasoline,168431,,,9000,9,,False
2024,Ford,escape,no_mention,4,hybrid,11447,,,30800,2,,False
2023,Ford,f-350,platinum,8,diesel,18273,,,86500,3,,False
2020,Ford,f-350,limited,8,diesel,70325,,,72500,6,,False
2017,Ford,f-150,lariat,6,gasoline,155469,,,14200,9,,False
2021,Ford,expedition,limited,6,gasoline,96898,,,45400,5,,False
2021,Ford,f-350,lariat,8,diesel,190807,,,53600,5,,False
2016,Ford,focus,no_mention,4,flex,103968,,,6000,10,,False
2017,Ford,edge,no_mention,4,gasoline,110674,,,8500,9,,False
2023,Ford,f-150,xlt,6,gasoline,93236,,,35500,3,,False
2024,Ford,f-350,platinum,8,diesel,54703,,,96500,2,,False
2023,Ford,f-350,platinum,8,diesel,35590,,,85000,3,,False
2018,Ford,escape,no_mention,4,gasoline,109169,,,9500,8,,False
2017,Ford,focus,no_mention,4,gasoline,109693,,,24000,9,,False
2021,Ford,escape,no_mention,3,gasoline,86851,,,18200,5,,False
2021,Ford,f-150,lariat,6,gasoline,106326,,,41500,5,,False
2017,Ford,explorer,no_mention,6,gasoline,181487,,,12900,9,,False
2017,Ford,fusion,no_mention,4,gasoline,148540,,,6900,9,,False
2010,Ford,ranger,no_mention,6,gasoline,150664,,,6300,16,,False
2022,Ford,f-150,xlt,6,hybrid,28475,,,46200,4,,False
2022,Ford,f-150,xlt,6,hybrid,86736,,,37500,4,,False
2015,Ford,f-150,lariat,6,gasoline,252682,,,7200,11,,False
2018,Ford,escape,no_mention,4,gasoline,162856,,,8700,8,,False
2024,Ford,escape,no_mention,4,hybrid,28059,,,28900,2,,False
2023,Ford,f-150,platinum,6,gasoline,16850,,,71000,3,,False
2014,Ford,f-150,xlt,8,flex,193721,,,8300,12,,False
2022,Ford,explorer,xlt,4,gasoline,188230,,,16900,4,,False
2021,Ford,explorer,limited,4,gasoline,112335,,,22300,5,,False
2021,Ford,expedition,xlt,6,gasoline,130765,,,38000,5,,False
2023,Ford,f-150,lariat,0,electric,67800,,,48700,3,,False
2023,Ford,f-150,raptor,6,gasoline,37000,,,89600,3,,False
2021,Ford,escape,no_mention,4,hybrid,134126,,,17600,5,,False
2021,Ford,f-150,xl,6,flex,82528,,,30700,5,,False
2017,Ford,explorer,no_mention,6,gasoline,162030,,,11600,9,,False
2019,Ford,explorer,limited,6,gasoline,202962,,,12800,7,,False
2021,Ford,f-150,lariat,8,flex,89239,,,47400,5,,False
2013,Ford,f-150,fx4,6,gasoline,210430,,,9000,13,,False
2018,Ford,transit,xl,4,flex,219499,,,5500,8,,False
2021,Ford,f-150,platinum,6,hybrid,223960,,,28500,5,,False
2024,Ford,ranger,raptor,6,gasoline,19748,,,67700,2,,False
2019,Ford,f-250,xlt,8,flex,152646,,,28500,7,,False
2017,Ford,escape,no_mention,4,gasoline,115827,,,8000,9,,False
2007,Ford,mustang,no_mention,8,gasoline,106040,,,13200,19,,False
2015,Ford,escape,no_mention,4,gasoline,109521,,,7900,11,,False
2024,Ford,escape,platinum,4,gasoline,33140,,,29300,2,,False
2018,Ford,f-150,xlt,8,flex,158976,,,22000,8,,False
2017,Ford,f-150,xlt,8,flex,262926,,,7000,9,,False
2022,Ford,mustang,no_mention,8,gasoline,10941,,,68600,4,,False
2017,Ford,fusion,no_mention,4,gasoline,50222,,,11000,9,,False
2023,Ford,f-150,king ranch,6,gasoline,37579,,,62800,3,,False
2020,Ford,f-150,xlt,6,gasoline,147596,,,23600,6,,False
2009,Ford,f-150,no_mention,8,flex,164376,,,4100,17,,False
2011,Ford,edge,limited,6,gasoline,217300,,,3300,15,,False
2023,Ford,escape,no_mention,4,hybrid,60482,,,24600,3,,False
2020,Ford,mustang,no_mention,8,gasoline,25860,,,43400,6,,False
2017,Ford,explorer,xlt,6,gasoline,162104,,,12300,9,,False
2023,Ford,f-150,raptor,6,gasoline,57654,,,83500,3,,False
2014,Ford,mustang,no_mention,8,gasoline,66604,,,20200,12,,False
2018,Ford,taurus,limited,6,flex,130975,,,14000,8,,False
2014,Ford,f-150,no_mention,8,flex,237485,,,4500,12,,False
2019,Ford,edge,no_mention,4,gasoline,64004,,,16000,7,,False
2014,Ford,f-150,xlt,6,gasoline,92977,,,15300,12,,False
2019,Ford,ranger,lariat,4,gasoline,114208,,,29000,7,,False
2018,Ford,f-150,xlt,8,flex,101089,,,27000,8,,False
2023,Ford,f-150,lariat,6,gasoline,34908,,,54500,3,,False
2023,Ford,escape,no_mention,4,gasoline,22976,,,27900,3,,False
2017,Ford,escape,no_mention,4,gasoline,109113,,,10200,9,,False
2023,Ford,f-150,xlt,6,gasoline,52565,,,40100,3,,False
2018,Ford,f-150,xlt,6,gasoline,155890,,,19900,8,,False
2015,Ford,escape,no_mention,4,gasoline,132316,,,5800,11,,False
2014,Ford,escape,no_mention,4,gasoline,138312,,,3900,12,,False
2016,Ford,explorer,xlt,6,gasoline,135351,,,12900,10,,False
2014,Ford,fusion,no_mention,4,gasoline,128897,,,5200,12,,False
2017,Ford,f-350,xl,8,flex,189428,,,11000,9,,False
2016,Ford,escape,no_mention,4,gasoline,150368,,,5000,10,,False
2023,Ford,bronco,no_mention,4,gasoline,27670,,,45000,3,,False
2019,Ford,f-150,platinum,6,gasoline,124899,,,31800,7,,False
2009,Ford,f-150,xlt,8,gasoline,69460,,,8100,17,,False
2013,Ford,transit,xlt,4,gasoline,199061,,,4700,13,,False
2018,Ford,escape,no_mention,4,gasoline,145436,,,7400,8,,False
2018,Ford,f-150,lariat,6,gasoline,187791,,,21700,8,,False
2020,Ford,transit,xlt,4,flex,185600,,,11800,6,,False
2016,Ford,f-150,xlt,6,gasoline,143502,,,17800,10,,False
2016,Ford,f-150,xlt,6,gasoline,215917,,,12200,10,,False
2012,Ford,focus,no_mention,4,flex,145413,,,3500,14,,False
2022,Ford,f-150,xlt,8,flex,86520,,,38500,4,,False
2020,Ford,transit,no_mention,6,flex,71097,,,23500,6,,False
2024,Ford,f-250,lariat,8,diesel,46645,,,88500,2,,False
2022,Ford,f-150,lariat,6,gasoline,96565,,,37500,4,,False
2024,Ford,escape,no_mention,3,gasoline,5954,,,27300,2,,False
2017,Ford,escape,no_mention,4,gasoline,84525,,,7000,9,,False
2022,Ford,escape,no_mention,3,gasoline,52147,,,20600,4,,False
2023,Ford,f-150,xlt,6,hybrid,18563,,,51000,3,,False
2020,Ford,expedition,limited,6,gasoline,157622,,,30900,6,,False
2024,Ford,f-150,tremor,6,gasoline,25175,,,65300,2,,False
2022,Ford,f-150,xlt,6,gasoline,78193,,,35500,4,,False
2018,Ford,f-150,lariat,8,flex,101498,,,31700,8,,False
2013,Ford,f-150,fx4,6,gasoline,152487,,,14100,13,,False
2021,Ford,f-150,xlt,6,gasoline,168823,,,29300,5,,False
2007,Ford,ranger,no_mention,6,gasoline,173809,,,3600,19,,False
2017,Ford,explorer,xlt,6,gasoline,198970,,,8000,9,,False
2016,Ford,edge,no_mention,6,gasoline,99450,,,13000,10,,False
2021,Ford,f-150,lariat,6,gasoline,94243,,,40900,5,,False
2016,Ford,explorer,xlt,6,gasoline,191000,,,8500,10,,False
2021,Ford,f-250,platinum,8,diesel,95538,,,66500,5,,False
2021,Ford,ranger,lariat,4,gasoline,24330,,,39500,5,,False
2013,Ford,edge,no_mention,6,gasoline,178276,,,4500,13,,False
2020,Ford,f-150,xlt,6,gasoline,118990,,,29500,6,,False
2023,Ford,f-150,xlt,8,flex,116620,,,32500,3,,False
2016,Ford,edge,no_mention,6,gasoline,230254,,,5200,10,,False
2016,Ford,flex,no_mention,6,gasoline,205504,,,5500,10,,False
2024,Ford,mustang,no_mention,8,gasoline,5244,,,74000,2,,False
2009,Ford,ranger,no_mention,6,gasoline,161569,,,10100,17,,False
2017,Ford,f-150,xlt,6,flex,177270,,,14000,9,,False
2018,Ford,edge,no_mention,4,gasoline,152698,,,9500,8,,False
2016,Ford,f-150,no_mention,6,gasoline,248334,,,6800,10,,False
2019,Ford,transit,xl,4,gasoline,161066,,,14500,7,,False
2023,Ford,f-150,lariat,6,gasoline,54316,,,52700,3,,False
2023,Ford,explorer,no_mention,6,gasoline,28345,,,51700,3,,False
2018,Ford,f-150,xlt,6,gasoline,166000,,,17000,8,,False
2023,Ford,edge,no_mention,4,gasoline,78170,,,26500,3,,False
2011,Ford,explorer,limited,6,gasoline,90347,,,6200,15,,False
2018,Ford,f-150,xlt,6,gasoline,115570,,,26000,8,,False
2018,Ford,edge,no_mention,4,gasoline,136925,,,11100,8,,False
2019,Ford,escape,no_mention,4,gasoline,134831,,,10000,7,,False
2023,Ford,f-550,xlt,8,diesel,81047,,,50000,3,,False
2021,Ford,f-150,no_mention,6,hybrid,119800,,,31000,5,,False
2023,Ford,f-150,lariat,6,gasoline,49586,,,52100,3,,False
2022,Ford,f-250,xlt,8,diesel,66554,,,58900,4,,False
2018,Ford,edge,no_mention,6,gasoline,129817,,,15500,8,,False
2020,Ford,f-150,xlt,8,flex,136000,,,26600,6,,False
2017,Ford,fiesta,no_mention,4,gasoline,129851,,,3900,9,,False
2024,Ford,escape,platinum,4,gasoline,28613,,,27600,2,,False
2022,Ford,explorer,no_mention,6,gasoline,63049,,,39400,4,,False
2022,Ford,explorer,xlt,4,gasoline,53059,,,36400,4,,False
2018,Ford,f-150,lariat,6,gasoline,89203,,,35000,8,,False
2018,Ford,explorer,xlt,6,gasoline,88841,,,22000,8,,False
2021,Ford,transit,no_mention,6,flex,119013,,,29200,5,,False
2015,Ford,escape,no_mention,4,gasoline,203520,,,3500,11,,False
2016,Ford,f-150,xlt,8,flex,152810,,,22400,10,,False
2024,Ford,mustang,no_mention,8,gasoline,12680,,,70900,2,,False
2017,Ford,escape,no_mention,4,gasoline,195673,,,3500,9,,False
2024,Ford,explorer,xlt,4,gasoline,69783,,,36800,2,,False
2023,Ford,mustang,no_mention,0,electric,14550,,,37000,3,,False
2017,Ford,f-150,no_mention,6,gasoline,182658,,,17400,9,,False
2014,Ford,escape,no_mention,4,gasoline,209279,,,3000,12,,False
2021,Ford,explorer,xlt,4,gasoline,100782,,,25400,5,,False
2020,Ford,transit,xlt,4,flex,69877,,,22500,6,,False
2023,Ford,edge,no_mention,4,gasoline,85230,,,27800,3,,False
2018,Ford,mustang,no_mention,4,gasoline,145657,,,13000,8,,False
2016,Ford,escape,no_mention,4,gasoline,161677,,,3300,10,,False
2016,Ford,f-150,xlt,8,flex,193302,,,15000,10,,False
2021,Ford,escape,no_mention,4,hybrid,84445,,,18900,5,,False
2018,Ford,escape,no_mention,4,gasoline,148465,,,8200,8,,False
2022,Ford,explorer,no_mention,6,gasoline,56195,,,43000,4,,False
2018,Ford,ecosport,no_mention,4,gasoline,76422,,,11700,8,,False
2014,Ford,escape,no_mention,4,gasoline,124482,,,5300,12,,False
2012,Ford,fusion,no_mention,4,gasoline,109190,,,3600,14,,False
2011,Ford,f-150,fx4,8,flex,256607,,,3900,15,,False
2015,Ford,edge,no_mention,6,gasoline,196811,,,5200,11,,False
2021,Ford,bronco,no_mention,3,gasoline,137500,,,18500,5,,False
2013,Ford,f-150,fx4,6,gasoline,261487,,,4500,13,,False
2018,Ford,escape,no_mention,4,gasoline,190777,,,4100,8,,False
2015,Ford,fusion,no_mention,4,gasoline,141234,,,3000,11,,False
2020,Ford,explorer,limited,4,gasoline,156874,,,21400,6,,False
2024,Ford,f-250,xlt,8,gasoline,59863,,,55000,2,,False
2022,Ford,f-150,lariat,6,gasoline,35482,,,46500,4,,False
2019,Ford,explorer,limited,4,gasoline,87990,,,23400,7,,False
2021,Ford,f-150,lariat,8,flex,190267,,,26100,5,,False
2011,Ford,ranger,no_mention,6,gasoline,115122,,,14000,15,,False
2024,Ford,bronco,no_mention,4,gasoline,8982,,,50400,2,,False
2018,Ford,escape,no_mention,4,gasoline,219933,,,3000,8,,False
2019,Ford,explorer,platinum,6,gasoline,76146,,,29000,7,,False
2023,Ford,f-150,lariat,6,gasoline,46100,,,55900,3,,False
2018,Ford,mustang,no_mention,8,gasoline,59768,,,31100,8,,False
2024,Ford,bronco,no_mention,3,gasoline,41865,,,30400,2,,False
2022,Ford,edge,no_mention,4,gasoline,170565,,,12000,4,,False
2018,Ford,f-150,lariat,8,flex,127071,,,27700,8,,False
2020,Ford,mustang,no_mention,8,gasoline,14408,,,44500,6,,False
2017,Ford,escape,no_mention,4,gasoline,130632,,,5700,9,,False
2018,Ford,fusion,no_mention,4,gasoline,102041,,,10800,8,,False
2022,Ford,f-150,xlt,8,flex,57230,,,37600,4,,False
2019,Ford,transit,xl,4,gasoline,101500,,,16500,7,,False
2015,Ford,f-150,xlt,8,flex,297222,,,4200,11,,False
2017,Ford,f-150,lariat,6,gasoline,190607,,,20600,9,,False
2022,Ford,f-150,platinum,0,electric,49301,,,57500,4,,False
2019,Ford,expedition,xlt,6,gasoline,136393,,,21000,7,,False
2016,Ford,edge,no_mention,6,gasoline,205957,,,5900,10,,False
2014,Ford,f-150,xlt,6,gasoline,141341,,,12600,12,,False
2019,Ford,explorer,xlt,6,gasoline,180639,,,13000,7,,False
2020,Ford,f-150,xlt,8,flex,89861,,,24000,6,,False
2022,Ford,bronco,no_mention,6,gasoline,37593,,,50000,4,,False
2023,Ford,bronco,no_mention,3,gasoline,30928,,,30000,3,,False
2023,Ford,explorer,no_mention,4,gasoline,36100,,,44200,3,,False
2017,Ford,explorer,no_mention,6,gasoline,253939,,,7300,9,,False
2017,Ford,f-150,xlt,6,gasoline,125622,,,21100,9,,False
2021,Ford,f-150,lariat,6,gasoline,149792,,,33800,5,,False
2023,Ford,f-150,xlt,6,gasoline,57938,,,40000,3,,False
2018,Ford,f-150,xlt,6,gasoline,189648,,,17700,8,,False
2022,Ford,f-150,xlt,6,gasoline,44000,,,40500,4,,False
2022,Ford,f-150,xlt,6,gasoline,83660,,,37500,4,,False
2021,Ford,f-150,king ranch,6,hybrid,196223,,,36000,5,,False
2019,Ford,ecosport,no_mention,4,gasoline,140222,,,7000,7,,False
2021,Ford,f-150,xlt,6,gasoline,246693,,,14800,5,,False
2025,Ford,f-150,lariat,6,gasoline,6800,,,70000,1,,False
2016,Ford,f-150,no_mention,6,gasoline,217569,,,13000,10,,False
2024,Ford,escape,platinum,4,gasoline,43994,,,28000,2,,False
2018,Ford,f-150,no_mention,6,gasoline,196330,,,14500,8,,False
2015,Ford,escape,no_mention,4,gasoline,166256,,,6700,11,,False
2016,Ford,fusion,no_mention,4,gasoline,184302,,,3300,10,,False
2019,Ford,f-150,limited,6,gasoline,122798,,,38000,7,,False
2018,Ford,escape,no_mention,4,gasoline,102803,,,9100,8,,False
2022,Ford,bronco,no_mention,3,gasoline,23309,,,24000,4,,False
2018,Ford,f-150,xlt,6,gasoline,150625,,,23100,8,,False
2023,Ford,ranger,lariat,4,gasoline,50123,,,38800,3,,False
2022,Ford,mustang,no_mention,8,gasoline,21451,,,46500,4,,False
2022,Ford,edge,no_mention,4,gasoline,48520,,,24000,4,,False
2022,Ford,transit,no_mention,6,flex,285093,,,9500,4,,False
2016,Ford,focus,no_mention,4,flex,117326,,,8000,10,,False
2022,Ford,f-350,xlt,8,diesel,99714,,,47500,4,,False
2014,Ford,escape,no_mention,4,gasoline,175466,,,5200,12,,False
2022,Ford,escape,no_mention,4,hybrid,56675,,,25800,4,,False
2022,Ford,bronco,no_mention,6,gasoline,75797,,,38100,4,,False
2020,Ford,escape,no_mention,3,gasoline,105000,,,12200,6,,False
2022,Ford,f-150,tremor,6,gasoline,108136,,,42300,4,,False
2015,Ford,escape,no_mention,4,gasoline,78984,,,7700,11,,False
2024,Ford,f-150,xlt,6,gasoline,37128,,,52700,2,,False
2024,Ford,f-150,xlt,6,gasoline,39430,,,55300,2,,False
2023,Ford,f-150,lariat,6,gasoline,37657,,,56100,3,,False
2018,Ford,f-150,king ranch,8,flex,120235,,,37100,8,,False
2024,Ford,f-150,xlt,6,gasoline,23212,,,55900,2,,False
2024,Ford,f-150,no_mention,6,gasoline,12046,,,42000,2,,False
2014,Ford,edge,no_mention,6,gasoline,174222,,,4100,12,,False
2024,Ford,edge,no_mention,4,gasoline,59320,,,32800,2,,False
2021,Ford,f-350,lariat,8,diesel,129547,,,67000,5,,False
2017,Ford,explorer,platinum,6,gasoline,195792,,,11200,9,,False
2018,Ford,f-150,xlt,8,flex,138867,,,24500,8,,False
2022,Ford,explorer,no_mention,6,gasoline,62580,,,44500,4,,False
2018,Ford,escape,no_mention,4,gasoline,92088,,,12000,8,,False
2017,Ford,f-150,xlt,8,flex,228518,,,13700,9,,False
2018,Ford,escape,no_mention,4,gasoline,137630,,,4800,8,,False
2013,Ford,f-150,xlt,6,gasoline,206591,,,7400,13,,False
2009,Ford,f-150,no_mention,8,flex,236834,,,4000,17,,False
2018,Ford,f-150,lariat,8,flex,152930,,,23900,8,,False
2023,Ford,bronco,no_mention,6,gasoline,61728,,,47000,3,,False
2023,Ford,f-150,xlt,6,gasoline,57740,,,45900,3,,False
2016,Ford,f-150,no_mention,8,flex,203651,,,9000,10,,False
2024,Ford,f-150,xlt,6,gasoline,19800,,,49600,2,,False
2019,Ford,explorer,xlt,6,gasoline,119027,,,19400,7,,False
2021,Ford,f-150,xlt,8,flex,91655,,,34500,5,,False
2023,Ford,bronco,limited,4,gasoline,9298,,,36000,3,,False
2014,Ford,escape,no_mention,4,gasoline,195201,,,3100,12,,False
2013,Ford,f-450,xlt,8,diesel,270524,,,11400,13,,False
2017,Ford,escape,no_mention,4,gasoline,191458,,,6300,9,,False
2016,Ford,mustang,no_mention,8,gasoline,22134,,,32500,10,,False
2024,Ford,bronco,no_mention,4,gasoline,18768,,,50000,2,,False
2022,Ford,escape,no_mention,4,hybrid,180553,,,11300,4,,False
2021,Ford,f-150,no_mention,8,flex,252697,,,9300,5,,False
2019,Ford,edge,no_mention,4,gasoline,87838,,,10300,7,,False
2014,Ford,f-150,no_mention,8,flex,176356,,,11600,12,,False
2015,Ford,edge,no_mention,4,gasoline,147432,,,7000,11,,False
2019,Ford,expedition,limited,6,gasoline,134747,,,32000,7,,False
2016,Ford,explorer,limited,4,gasoline,172353,,,11900,10,,False
2022,Ford,ecosport,no_mention,4,gasoline,45666,,,19500,4,,False
2016,Ford,explorer,no_mention,6,gasoline,192123,,,7000,10,,False
2025,Ford,f-150,lariat,6,hybrid,15558,,,73000,1,,False
2018,Ford,explorer,no_mention,6,gasoline,90650,,,22100,8,,False
2021,Ford,escape,no_mention,4,hybrid,73418,,,23300,5,,False
2018,Ford,focus,no_mention,4,gasoline,89241,,,15500,8,,False
2017,Ford,escape,no_mention,4,gasoline,71470,,,6700,9,,False
2022,Ford,f-150,lariat,6,gasoline,48707,,,34000,4,,False
2017,Ford,escape,no_mention,4,gasoline,188644,,,7100,9,,False
2016,Ford,edge,no_mention,6,gasoline,128087,,,11700,10,,False
2023,Ford,escape,platinum,4,gasoline,38147,,,28100,3,,False
2013,Ford,explorer,no_mention,6,gasoline,208140,,,3600,13,,False
2020,Ford,escape,no_mention,4,gasoline,145592,,,14100,6,,False
2025,Ford,explorer,no_mention,4,gasoline,8461,,,54100,1,,False
2018,Ford,f-150,xlt,6,gasoline,154840,,,20500,8,,False
2015,Ford,mustang,no_mention,4,gasoline,145082,,,11600,11,,False
2022,Ford,f-150,no_mention,6,hybrid,51792,,,47500,4,,False
2017,Ford,f-150,xlt,6,flex,224809,,,9500,9,,False
2024,Ford,escape,platinum,4,gasoline,35558,,,29000,2,,False
2005,Ford,mustang,no_mention,8,gasoline,81607,,,14500,21,,False
2012,Ford,f-150,xlt,8,flex,266329,,,8200,14,,False
2022,Ford,escape,no_mention,4,hybrid,72512,,,23500,4,,False
2014,Ford,f-150,fx4,6,gasoline,222667,,,6000,12,,False
2020,Ford,f-150,xlt,8,flex,188382,,,22000,6,,False
2017,Ford,explorer,limited,6,gasoline,290090,,,5000,9,,False
2021,Ford,f-150,xlt,6,gasoline,129850,,,24300,5,,False
2019,Ford,f-250,xl,8,flex,288704,,,5500,7,,False
2013,Ford,taurus,no_mention,6,gasoline,112330,,,7200,13,,False
2010,Ford,f-150,no_mention,8,flex,163832,,,3600,16,,False
2019,Ford,explorer,no_mention,6,gasoline,154713,,,19000,7,,False
2022,Ford,f-150,xlt,6,gasoline,82387,,,36500,4,,False
2019,Ford,f-150,raptor,6,gasoline,89289,,,54600,7,,False
2015,Ford,transit,xl,4,gasoline,187639,,,6000,11,,False
2017,Ford,explorer,xlt,6,gasoline,166148,,,10100,9,,False
2018,Ford,escape,no_mention,4,gasoline,92066,,,8200,8,,False
2024,Ford,expedition,no_mention,6,gasoline,29722,,,81500,2,,False
2019,Ford,expedition,limited,6,gasoline,172900,,,22500,7,,False
2021,Ford,explorer,no_mention,6,gasoline,64126,,,40600,5,,False
2020,Ford,explorer,limited,6,hybrid,100483,,,30500,6,,False
2022,Ford,maverick,xlt,4,gasoline,67039,,,26300,4,,False
2022,Ford,f-350,platinum,8,diesel,154000,,,65500,4,,False
2019,Ford,f-150,platinum,6,gasoline,143061,,,33900,7,,False
2019,Ford,mustang,no_mention,8,gasoline,34322,,,33200,7,,False
2019,Ford,ranger,xlt,4,gasoline,107132,,,20700,7,,False
2021,Ford,escape,no_mention,4,hybrid,39209,,,26900,5,,False
2018,Ford,f-150,lariat,6,gasoline,151701,,,26700,8,,False
2019,Ford,escape,no_mention,4,gasoline,145702,,,12000,7,,False
2023,Ford,f-150,xlt,8,flex,43400,,,42500,3,,False
2022,Ford,f-150,platinum,6,hybrid,86044,,,55500,4,,False
2019,Ford,escape,no_mention,4,gasoline,84537,,,14600,7,,False
2021,Ford,mustang,no_mention,8,gasoline,9058,,,65000,5,,False
2023,Ford,mustang,no_mention,0,electric,41743,,,30000,3,,False
2023,Ford,bronco,no_mention,4,gasoline,21650,,,32200,3,,False
2018,Ford,escape,no_mention,4,gasoline,123001,,,9500,8,,False
2015,Ford,escape,no_mention,4,gasoline,168081,,,3000,11,,False
2016,Ford,f-150,lariat,6,gasoline,199867,,,18800,10,,False
2022,Ford,transit,no_mention,0,electric,38353,,,26000,4,,False
2023,Ford,explorer,no_mention,6,gasoline,66901,,,47400,3,,False
2020,Ford,escape,no_mention,4,hybrid,130121,,,13500,6,,False
2018,Ford,escape,no_mention,4,gasoline,184008,,,6300,8,,False
2020,Ford,f-150,lariat,8,flex,41957,,,44500,6,,False
2018,Ford,edge,no_mention,4,gasoline,199941,,,7600,8,,False
2014,Ford,explorer,limited,6,gasoline,124933,,,6800,12,,False
2021,Ford,f-150,lariat,8,flex,52848,,,51000,5,,False
2022,Ford,f-150,xlt,6,gasoline,119967,,,32000,4,,False
2019,Ford,f-150,lariat,6,gasoline,112437,,,32400,7,,False
2017,Ford,f-150,lariat,6,gasoline,214165,,,18000,9,,False
2023,Ford,f-150,xlt,6,gasoline,56123,,,43800,3,,False
2022,Ford,f-150,xlt,6,gasoline,118454,,,35600,4,,False
2017,Ford,f-150,no_mention,6,gasoline,153744,,,23000,9,,False
2015,Ford,f-250,no_mention,8,diesel,250328,,,4700,11,,False
2019,Ford,fusion,no_mention,4,gasoline,147464,,,8000,7,,False
2017,Ford,escape,no_mention,4,gasoline,215179,,,4800,9,,False
2016,Ford,mustang,no_mention,6,gasoline,66150,,,16500,10,,False
2019,Ford,ranger,lariat,4,gasoline,148623,,,24500,7,,False
2019,Ford,f-150,platinum,6,gasoline,173568,,,27100,7,,False
2013,Ford,taurus,no_mention,6,gasoline,119330,,,5800,13,,False
2018,Ford,transit,xlt,4,flex,168596,,,7400,8,,False
2017,Ford,f-150,xlt,8,flex,126172,,,25500,9,,False
2016,Ford,explorer,xlt,6,gasoline,138551,,,13500,10,,False
2018,Ford,escape,no_mention,4,gasoline,148369,,,13100,8,,False
2018,Ford,f-150,lariat,6,gasoline,66686,,,32100,8,,False
2020,Ford,f-150,xlt,6,gasoline,175220,,,21000,6,,False
2022,Ford,maverick,xlt,4,gasoline,109909,,,23100,4,,False
2022,Ford,bronco,no_mention,3,gasoline,46584,,,24100,4,,False
2022,Ford,escape,no_mention,4,hybrid,96713,,,19500,4,,False
2015,Ford,f-150,xlt,8,flex,187283,,,10600,11,,False
2018,Ford,escape,no_mention,4,gasoline,119934,,,13900,8,,False
2022,Ford,mustang,no_mention,0,electric,70988,,,27400,4,,False
2019,Ford,f-150,lariat,6,gasoline,77338,,,35400,7,,False
2013,Ford,edge,no_mention,6,gasoline,161182,,,4400,13,,False
2023,Ford,bronco,no_mention,6,gasoline,7725,,,49500,3,,False
2022,Ford,expedition,platinum,6,gasoline,50016,,,73500,4,,False
2023,Ford,bronco,no_mention,6,gasoline,13020,,,60000,3,,False
2018,Ford,escape,no_mention,4,gasoline,132161,,,8900,8,,False
2023,Ford,f-150,lariat,6,gasoline,61105,,,50600,3,,False
2021,Ford,f-150,no_mention,6,gasoline,79704,,,39100,5,,False
2013,Ford,f-150,fx4,6,gasoline,203442,,,5600,13,,False
2017,Ford,explorer,xlt,4,gasoline,184884,,,9200,9,,False
2019,Ford,edge,no_mention,4,gasoline,87670,,,17900,7,,False
2023,Ford,f-150,lariat,6,gasoline,51958,,,57500,3,,False
2018,Ford,edge,no_mention,4,gasoline,150789,,,9600,8,,False
2019,Ford,f-250,no_mention,8,flex,147270,,,31300,7,,False
2023,Ford,f-150,tremor,6,gasoline,87153,,,57700,3,,False
2017,Ford,fusion,no_mention,4,gasoline,205042,,,3000,9,,False
2013,Ford,taurus,no_mention,6,gasoline,130673,,,5000,13,,False
2019,Ford,edge,no_mention,4,gasoline,149270,,,11500,7,,False
2018,Ford,edge,no_mention,6,gasoline,84715,,,11000,8,,False
2008,Ford,f-250,xl,8,diesel,294967,,,3000,18,,False
2022,Ford,explorer,no_mention,4,gasoline,194968,,,24000,4,,False
2018,Ford,escape,no_mention,4,gasoline,90958,,,5900,8,,False
